   5.0048799999999997e-03
   1.9805900000000001e-02
   1.4778150000000000e-02
   3.4332264999999999e-03
  -3.4408584999999999e-03
   6.1111400000000001e-03
   1.4938335000000001e-02
   1.3015724999999999e-02
   4.8522770000000003e-03
  -4.7378550000000000e-03
   5.6381199999999999e-03
   1.6685465000000000e-02
   1.0917659999999999e-02
   2.5787350000000000e-03
  -1.9989000000000001e-03
   5.5847200000000005e-03
   1.2931834999999999e-02
   1.1604300000000001e-02
   3.9215100000000004e-03
  -3.1356825000000000e-03
   3.5858175000000000e-03
   1.0925295000000000e-02
   1.1550910000000001e-02
   1.2970000000000039e-04
  -6.4086899999999999e-03
  -2.8991700000000000e-03
   7.2479350000000005e-03
   1.3504010500000000e-02
   4.4479300000000001e-03
  -2.3727395000000002e-03
   2.9602040000000001e-03
   1.4480580000000000e-02
   1.8463159999999999e-02
   6.1035199999999994e-03
  -7.5759899999999995e-03
  -3.3721899999999997e-03
   1.1810310000000001e-02
   1.2031564999999999e-02
   1.3961949999999994e-03
  -6.9351299999999994e-03
  -4.3792704999999999e-03
   1.1810295000000000e-02
   1.8661515000000000e-02
   7.9498199999999998e-03
  -9.9182000000000003e-04
  -3.3416750000000001e-03
   8.6441000000000000e-03
   1.6006465000000001e-02
   9.8342710000000003e-03
   7.4768000000000013e-04
  -4.1961699999999999e-03
   8.3694599999999987e-03
   1.7311099999999999e-02
   1.4335634999999999e-02
   7.5149550000000002e-03
  -4.7454849999999998e-03
   2.7008050000000001e-03
   8.9645599999999999e-03
   8.2854999999999995e-03
   1.5106199999999998e-03
  -5.8135950000000004e-03
   3.5171531999999999e-03
   8.8806024999999993e-03
   1.2802110000000000e-02
   6.1035000000000082e-05
  -1.0894780000000000e-02
  -2.8610249999999997e-03
   9.5214754999999995e-03
   1.1238114499999998e-02
   2.8533750000000000e-03
  -7.0876849999999998e-03
  -7.4920749999999999e-03
   3.0136099999999999e-03
   1.4488230000000001e-02
   3.3721900000000002e-03
  -7.8735300000000001e-03
  -5.4550199999999997e-03
   9.4070649999999992e-03
   1.2199420000000001e-02
   4.0588299999999994e-03
  -6.0272249999999998e-03
  -7.7896049999999998e-03
   3.2043449999999999e-03
   1.2809730000000000e-02
   4.2037749999999999e-03
  -3.9978030000000003e-03
  -8.4457300000000003e-03
   2.9220599999999998e-03
   1.2847880000000001e-02
   9.5138664999999990e-03
  -1.9302400000000002e-03
  -3.4790060000000002e-03
   1.3069140000000000e-02
   2.6741049999999999e-02
   2.6374850000000002e-02
   1.6777045000000001e-02
   1.0971044999999999e-02
   2.4482749999999998e-02
   3.0555750000000000e-02
   2.9479950000000001e-02
   1.3160705000000000e-02
   2.6550290000000002e-03
   7.5531200000000000e-03
   1.6151450000000001e-02
   1.5983595000000000e-02
   7.0342850000000004e-03
   2.3956299999999997e-03
   9.2849899999999999e-03
   1.5724180000000001e-02
   1.4358544999999999e-02
   2.6855299999999998e-03
  -5.6915300000000002e-03
  -1.4495999999999997e-04
   9.2163149999999992e-03
   1.9401550000000000e-02
   1.2268055000000000e-02
   4.4174200000000000e-03
   4.8065199999999999e-03
   1.2481690000000000e-02
   1.6685490000000001e-02
   1.0421745000000000e-02
  -2.2888169999999998e-03
  -6.5307600000000000e-03
   9.4299199999999996e-03
   1.7173745000000001e-02
   1.0086053050000000e-02
   5.2795400000000001e-03
   4.7301999999999989e-04
   9.5977549999999995e-03
   1.3793965000000000e-02
   9.7427360000000001e-03
  -3.4103400000000000e-03
  -5.5007950000000002e-03
   4.5929099999999995e-03
   1.2260439999999999e-02
   1.1665360000000000e-02
  -1.0223400000000001e-03
  -6.8893449999999998e-03
   5.0430149999999997e-03
   1.5144325000000000e-02
   1.3168330000000001e-02
   1.7624049999999994e-03
  -6.1340350000000004e-03
   5.1193049999999993e-03
   1.4152540000000002e-02
   1.3877889999999999e-02
   2.4643099999999995e-03
  -3.2653826000000000e-03
   3.5629294000000000e-03
   1.2031574999999999e-02
   1.1680590500000001e-02
   1.5029900000000001e-03
  -8.9798150000000004e-03
  -4.1809085000000003e-03
   9.3536209999999995e-03
   1.2916572999999999e-02
   1.4190649999999997e-03
  -9.0713649999999996e-03
  -5.1651000000000006e-03
   5.2337649999999996e-03
   8.7432975000000003e-03
  -9.5367499999999975e-04
  -9.9639749999999999e-03
  -1.0131845000000000e-02
   3.9749140000000004e-03
   9.9258380000000011e-03
   2.4109050000000001e-03
  -7.6904399999999998e-03
  -9.8342849999999999e-03
   1.0070799999999998e-03
   1.1016834999999999e-02
   1.9531250000000004e-03
  -6.9198599999999999e-03
  -1.0910050000000001e-02
   1.0375949999999999e-03
   7.2555474999999999e-03
   4.6539549999999996e-03
  -8.2855400000000010e-03
  -1.4358500000000000e-02
  -3.5247820000000002e-03
   3.1051849999999999e-03
   3.7536800000000001e-03
  -5.0048835000000005e-03
  -1.7822249999999998e-02
  -2.3193400000000000e-03
   7.5759785000000003e-03
   9.6130580000000007e-03
  -6.0271999999999973e-04
  -1.0620100000000000e-02
  -6.9808950000000000e-03
   3.0136100000000003e-03
   4.4402900000000004e-03
  -4.9133365000000005e-03
  -1.1306745000000000e-02
  -1.0040284999999999e-02
   1.1383080000000000e-02
   1.6708364999999999e-02
   6.9198649999999999e-03
   1.0680999999999993e-04
  -6.1034999999999974e-05
   1.1795055000000000e-02
   1.4495870000000001e-02
   9.1781799999999993e-03
   4.1656499999999999e-03
   2.0294200000000001e-03
   1.3595585000000000e-02
   1.7578135000000002e-02
   5.8975449999999997e-03
  -6.4010600000000001e-03
  -8.4991449999999996e-03
   8.2473549999999996e-03
   1.4999375000000001e-02
   1.0093690000000001e-02
   4.0435799999999997e-03
   1.5029900000000001e-03
   9.1705199999999997e-03
   1.7883290000000000e-02
   1.4854414999999999e-02
   1.2893700000000000e-03
  -3.0212399999999997e-03
   7.9040299999999994e-03
   1.0353110000000000e-02
   1.5754685000000001e-02
   5.4245109999999999e-03
  -6.3323949999999993e-03
  -3.6010700000000001e-03
   4.3640099999999998e-03
   6.8816949999999993e-03
  -3.5171500000000001e-03
  -1.0795599999999999e-02
  -6.5154999999999996e-03
   4.8675749999999999e-03
   1.5129065000000001e-02
  -4.6234135000000004e-03
  -8.0184950000000005e-03
  -1.9149795000000000e-03
   6.4163194999999999e-03
   1.0902385000000001e-02
   5.6533655000000002e-03
   5.6457550000000006e-04
   5.1193250000000001e-03
  -6.2942744999999996e-03
   1.4419500000000000e-03
  -7.8506394999999993e-03
  -1.3961800000000000e-02
  -8.3160400000000002e-03
  -8.3923500000000024e-04
   1.6860899999999995e-03
  -1.9378850000000003e-03
  -1.3061540000000000e-02
  -1.7555250000000001e-02
  -3.2424900000000006e-03
   7.5836300000000001e-03
  -1.3855005000000000e-02
  -2.6199350000000000e-02
  -2.0103500000000003e-02
  -1.2817360000000000e-02
  -6.3095099999999999e-03
  -5.6457500000000032e-04
  -3.5781849999999998e-03
  -1.2435900000000000e-02
  -1.5869100000000000e-03
  -1.9149800000000002e-03
   1.0376200000000004e-03
  -2.0370499999999999e-03
  -3.2119745000000000e-03
   1.2626650000000000e-02
   1.6113264999999998e-02
   1.2329126000000001e-02
   1.7471300000000000e-03
  -8.2931499999999991e-03
   2.9296855000000002e-03
   1.1322034999999999e-02
   1.1978135000000001e-02
   2.4413999999999990e-04
  -6.4849850000000004e-03
  -3.7002559999999999e-03
   7.5988730000000008e-03
   1.3343805000000000e-02
   7.1563650000000005e-03
  -4.1580219500000001e-03
   9.9185000000000115e-05
   9.3536549999999989e-03
   1.0307323650000000e-02
  -1.5029900000000001e-03
  -5.9280399999999999e-03
  -1.1779750000000000e-02
  -3.0517499999999998e-04
   5.5084450000000007e-03
   1.5716500000000000e-03
  -3.3874495000000000e-03
  -8.5449200000000010e-03
  -9.6893500000000020e-04
   8.5983200000000013e-03
   1.9226050000000000e-03
  -1.3839734999999999e-02
  -1.2153600000000001e-02
  -2.0294190000000002e-03
   5.6839049999999995e-03
   2.9449450000000005e-03
  -1.3046265000000000e-02
  -2.3414600000000001e-02
  -1.3053905000000001e-02
  -9.5901349999999996e-03
  -1.4328000000000000e-02
  -2.1873450000000003e-02
  -3.1547550000000001e-02
  -1.9912699999999998e-02
  -1.8005399999999998e-03
  -2.5940000000000078e-04
  -9.7656449999999999e-03
  -2.0919800000000002e-02
  -1.7280600000000000e-02
  -1.4800999999999998e-03
   1.1024460000000000e-02
  -5.5542050000000004e-03
  -1.1665350000000000e-02
  -5.3329499999999995e-03
   8.2244750000000002e-03
   1.4282240000000000e-02
  -6.9122429999999993e-03
  -1.5457149999999999e-02
  -1.4549250000000000e-02
  -2.1743750000000001e-03
   1.3961749999999995e-03
  -3.0365099999999996e-03
  -3.7612950000000000e-03
  -2.1743779999999998e-03
   1.2802145000000001e-02
   2.2338900000000002e-02
   4.5928950000000005e-03
  -5.4931499999999987e-04
  -6.1874399999999998e-03
   9.9792449999999994e-03
   2.4368300000000002e-02
   1.0269155000000000e-02
  -4.0969850000000000e-03
  -4.8522950000000004e-03
   1.3069150000000000e-02
   7.5760035000000002e-03
   5.2413849999999994e-03
  -3.6315899999999996e-03
  -1.6258249999999998e-02
  -4.9514750000000003e-03
   7.1258665000000004e-03
   6.2103354999999997e-03
  -9.1858050000000000e-03
  -1.7967250000000001e-02
  -8.1863549999999993e-03
   1.8386750000000001e-03
   1.9454950000000002e-03
  -1.5144329999999999e-02
  -2.2048949999999998e-02
  -9.6740600000000000e-03
   4.9591000000000001e-04
   6.0577249999999999e-03
  -4.6234125000000001e-03
  -1.1146550000000000e-02
  -7.8964250000000003e-03
   2.1591200000000000e-03
   6.4621100000000001e-03
  -6.6222920000000001e-03
  -1.2085000000000000e-02
  -1.2474050000000000e-02
  -2.1820099999999999e-03
   5.3711000000000002e-03
  -8.0108849999999988e-03
  -1.4129599999999999e-02
  -1.2580850000000001e-02
   4.2114280500000004e-03
   6.2637094999999999e-03
  -1.0566695000000001e-02
  -1.9142150000000000e-02
  -1.8234250000000000e-02
  -6.5765300000000006e-03
  -2.6092400000000005e-03
  -8.3236560000000005e-03
  -1.2771589999999999e-02
  -1.5548699999999999e-02
  -8.5449499999999982e-04
   4.1961550000000000e-03
   3.9672950000000000e-03
  -5.4931649999999995e-03
  -1.4617949999999999e-02
  -9.2315500000000005e-04
   3.5018800000000002e-03
   5.1117050000000002e-03
  -8.1634600000000009e-03
  -1.2451199999999999e-02
   1.2359599999999999e-03
   1.3839725000000001e-02
   1.0597205000000000e-02
  -5.7372810000000003e-03
  -8.7738049999999991e-03
  -3.3340499999999999e-03
   5.9203914999999994e-03
   1.5121465000000001e-02
   2.2430400000000000e-03
  -7.0495599999999999e-03
  -6.4239500000000003e-03
  -3.5858499999999981e-04
   4.1275000000000010e-03
  -3.2882799999999998e-03
  -1.4045750000000001e-02
  -1.4541650000000000e-02
  -4.6844500000000006e-03
   9.4605499999999947e-04
  -7.4920745000000002e-03
  -1.5724200000000001e-02
  -9.1934149999999999e-03
   5.3253050000000007e-03
   1.0437030000000000e-02
   9.7656499999999999e-04
  -7.9422050000000008e-03
  -9.3994149999999995e-03
   3.0517549999999997e-03
   1.0627735500000001e-02
   1.3732900000000001e-03
  -8.0337400000000010e-03
  -1.2435900000000000e-02
   2.4032575000000004e-03
   9.9182300000000001e-03
   1.1985800000000001e-02
   2.1362294000000000e-03
  -6.3858049999999996e-03
   4.9362199999999998e-03
   1.1772150000000000e-02
   8.4304849999999997e-03
  -3.2119749999999997e-03
  -5.9738150000000004e-03
  -1.0147100000000000e-03
   7.3852309999999999e-03
   5.9661699999999998e-03
  -1.0314935000000001e-02
  -1.6250600000000000e-02
  -1.0452270000000000e-02
  -5.7220535000000001e-03
  -1.5182499999999996e-03
  -1.5090955000000000e-02
  -2.1888700000000001e-02
  -1.3145449999999999e-02
   6.8664500000000005e-04
   1.1367949999999995e-03
  -1.0314964999999999e-02
  -1.8875150000000000e-02
  -1.6990650000000003e-02
  -6.5612800000000001e-03
   1.3504049999999998e-03
  -7.0342920000000001e-03
  -1.8035900000000001e-02
  -2.0904499999999999e-02
  -7.7667150000000004e-03
  -2.0141500000000001e-03
  -1.1138900000000000e-02
  -2.2003200000000001e-02
  -2.4772650000000000e-02
  -1.3313300000000000e-02
  -1.4343250000000002e-03
  -6.8588050000000008e-03
  -1.5411400000000000e-02
  -1.5541050000000001e-02
  -2.9296900000000000e-03
   4.0970099999999999e-03
   6.3934150000000004e-03
   9.6130499999999986e-04
  -4.8904400000000002e-03
   5.7983500000000012e-04
   1.0139485000000000e-02
   9.2773600000000001e-03
  -1.6403200000000002e-03
  -9.8724299999999997e-03
  -2.8610199999999997e-03
   3.0365000000000001e-03
  -1.9836499999999983e-04
  -1.4518750000000000e-02
  -2.1369949999999999e-02
  -1.1192324999999999e-02
  -4.4250499999999972e-04
   4.2037749999999999e-03
  -4.6768199999999999e-03
  -1.2626650000000000e-02
  -9.2773300000000003e-03
  -8.3160500000000002e-04
  -5.7983499999999947e-04
  -1.5975949999999999e-02
  -2.8366099999999998e-02
  -2.4642950000000000e-02
  -1.4717100000000000e-02
  -5.1193400000000000e-03
  -1.3992335000000000e-02
  -1.7578099999999999e-02
  -1.9142150000000000e-02
  -4.4555799999999998e-03
   4.0817049999999997e-03
  -5.8898800000000001e-03
  -1.4190649999999999e-02
  -1.8074000000000000e-02
  -3.7002550000000004e-03
   4.3487499999999950e-04
   2.7465850000000002e-03
  -9.1400100000000005e-03
  -1.3732950000000001e-02
  -4.0283200000000002e-03
   5.8212300000000002e-03
  -7.0192499999999994e-04
  -7.8659049999999994e-03
  -1.0841385000000000e-02
   2.8915399999999997e-03
   1.0093700000000001e-02
   6.0730050000000002e-03
  -3.4332250000000003e-03
  -1.1878949999999999e-02
  -3.5324099999999997e-03
   1.0688770000000000e-02
   1.5220635000000000e-02
   6.5613000000000021e-04
  -9.6512049999999995e-03
  -3.8146980000000000e-03
   1.2725825000000000e-02
   1.8569949999999998e-02
   4.5547460000000001e-03
  -2.4642950000000000e-03
   3.6697385000000003e-03
   9.0789549999999997e-03
   1.4320395000000000e-02
   4.5852500000000008e-03
  -6.2561000000000005e-03
  -2.8228749999999999e-03
   9.4528254999999995e-03
   1.6098009999999999e-02
   7.1487599999999997e-03
  -2.5329590000000000e-03
   1.2664775000000000e-03
   1.7616300000000001e-02
   2.4360699999999999e-02
   1.9470250000000001e-02
   9.7503699999999995e-03
   4.6920799999999995e-03
   1.3793949999999999e-02
   1.7845140000000002e-02
   9.9792349999999995e-03
  -1.2512210000000001e-03
  -6.6452049999999995e-03
   9.3078650000000002e-03
   1.4106734999999999e-02
   7.6293964999999998e-03
  -2.8076150000000003e-03
  -1.0696435000000001e-02
  -4.2572050000000000e-03
   4.4784649999999992e-03
   2.1743750000000001e-03
  -7.1868899999999996e-03
  -9.8190250000000003e-03
   1.3427750000000000e-03
   8.0871550000000004e-03
   8.1253214999999993e-03
   1.2283350000000001e-03
   1.4801039999999999e-03
   4.1198499999999991e-04
   7.3165649999999997e-03
   1.0292074999999999e-02
  -4.9591000000000001e-03
  -1.2374900000000001e-02
  -8.0871550000000004e-03
   5.2643000000000004e-04
   4.6691800000000002e-03
  -5.1193049999999993e-03
  -9.6893350000000003e-03
  -1.0536190000000001e-02
   1.3580300000000001e-03
   7.6751684999999993e-03
   3.1585699999999999e-03
  -8.4838899999999991e-03
  -4.7759999999999999e-03
   1.0688780000000000e-02
   1.2321470000000001e-02
   3.7612750000000006e-03
  -9.9180000000000145e-05
   4.6997100000000002e-03
   1.3870250000000001e-02
   2.1331750000000000e-02
   1.3122544999999999e-02
   5.4473899999999999e-03
  -1.1444100000000000e-03
   7.0114100000000000e-03
   1.5457145000000000e-02
   1.5106190000000000e-02
   1.2413020000000000e-02
   7.4920650000000000e-03
   2.0965600000000001e-02
   2.7870200000000001e-02
   2.5268550000000001e-02
   1.4282244999999999e-02
   1.4724700000000000e-03
   1.0208119999999999e-02
   1.7303450000000001e-02
   1.6983055000000000e-02
   1.2069715000000000e-02
   7.8735349999999992e-03
   1.5686050000000000e-02
   1.6250615000000000e-02
   1.6586315000000001e-02
  -1.5258499999999979e-04
  -8.1481950000000004e-03
   1.9073450000000000e-03
   9.1323849999999998e-03
   1.3046250000000001e-02
   6.5307590000000006e-03
  -4.1503900000000003e-03
   5.6458000000000007e-04
   8.3007749999999998e-03
   1.1840800000000000e-02
   1.1138950000000002e-03
  -9.7656050000000001e-03
  -9.7503550000000005e-03
   2.7008099999999997e-03
   9.2773449999999993e-03
  -6.4849499999999980e-04
  -1.0482775000000000e-02
  -1.1840850000000000e-02
   9.9182000000000003e-04
   5.4931399999999997e-03
  -1.5259000000000019e-04
  -8.5906799999999998e-03
  -1.0116585000000001e-02
  -5.6228555000000001e-03
   9.6894999999999967e-04
   1.8157999999999998e-03
  -5.9738199999999995e-03
  -1.1467000000000001e-02
  -2.1972659999999998e-03
   4.7760249999999997e-03
   3.6849949999999999e-03
  -1.0314940000000000e-02
  -2.0233200000000000e-02
  -7.8353900000000011e-03
   1.8691900000000002e-03
  -5.2642500000000050e-04
  -8.9416500000000006e-03
  -1.5922550000000001e-02
  -1.0795605000000000e-02
  -2.5787350000000000e-03
  -4.5013499999999994e-04
  -1.3030995000000000e-02
  -1.7761249999999999e-02
  -5.5541950000000005e-03
   9.4909694999999999e-03
   1.7189045000000000e-02
   8.7890850000000003e-03
   1.7318749999999999e-03
  -1.3885494000000001e-03
   2.6931749999999999e-03
   6.8054100000000005e-03
  -5.7220209999999999e-03
  -1.4503499999999999e-02
  -1.2512200000000001e-02
  -3.4942610000000002e-03
   7.9040439999999990e-03
  -1.1138900000000002e-03
  -1.4495850000000001e-02
  -1.3839750000000000e-02
   1.1444499999999991e-04
   6.9503700000000009e-03
   4.2038099999999997e-03
  -5.2566499999999999e-03
  -6.2942550000000003e-03
   7.8201499999999997e-03
   1.0261531000000001e-02
   3.5019100000000000e-03
  -5.5160550000000006e-03
  -1.3229399999999999e-02
  -9.9179999999999928e-05
   4.0893750000000001e-03
   2.4261450000000002e-03
  -8.7051200000000002e-03
  -1.7105099999999998e-02
  -9.5825200000000006e-03
  -3.7918299999999999e-03
  -2.4032400000000001e-03
  -7.1106100000000007e-03
  -1.4610300000000000e-02
  -5.7678199999999999e-03
   5.4626300000000004e-03
   7.3089800000000005e-03
  -4.6081650000000000e-03
  -1.1222830000000000e-02
  -3.6239630000000000e-03
   4.5700070000000001e-03
   6.6299250000000001e-03
  -7.8582849999999996e-03
  -1.4999400000000000e-02
  -1.1009210000000000e-02
  -1.8539400000000001e-03
   3.7994599999999997e-03
  -6.6070349999999998e-03
  -7.2784449999999997e-03
  -5.8746300000000005e-03
   1.0925275000000000e-02
   1.0498031999999999e-02
   2.3117149999999998e-03
  -2.8839135000000003e-03
  -6.9732800000000001e-03
  -8.3924999999999885e-05
   6.2866399999999996e-03
   1.7929250000000008e-03
  -5.2185050000000000e-03
  -1.0345465000000000e-02
   5.0658999999999999e-03
   1.2092585000000001e-02
   6.4926199999999993e-03
  -6.2561240000000001e-03
  -1.3710050000000001e-02
  -2.9907250000000001e-03
   4.9514499999999996e-03
   4.1045900000000000e-03
  -5.1269389999999996e-03
  -1.6609199999999998e-02
  -6.0958699999999998e-03
   1.8005149999999999e-03
   4.1199999999999917e-04
  -6.6604810000000002e-03
  -1.2840250000000001e-02
  -1.1512770000000000e-02
   1.6784650000000001e-03
   4.1885399999999993e-03
  -6.4849850000000004e-03
  -1.3893100000000000e-02
  -2.5863638000000002e-03
   6.3552949999999995e-03
   2.3269749999999998e-03
  -8.3542050000000000e-03
  -1.2832650000000001e-02
  -8.1176749999999995e-03
   2.2506699999999998e-03
   7.4691900000000006e-03
   1.4648450000000002e-03
  -1.1466984999999999e-02
  -1.4717100000000000e-02
  -3.6621000000000006e-04
   6.1492749999999992e-03
  -1.8310650000000002e-03
  -9.2163300000000000e-03
  -6.0501100000000000e-03
  -1.4496000000000040e-04
   4.7988949999999992e-03
   1.2206999999999930e-04
  -8.6364700000000003e-03
  -1.0818470000000000e-02
  -3.9672500000000012e-04
   5.9967049999999997e-03
  -3.0518000000000038e-04
  -1.3648950000000000e-02
  -1.9088750000000002e-02
  -6.0348750000000003e-03
   2.7465899999999997e-03
   1.0604849999999999e-03
  -5.7373049999999998e-03
  -1.0147079999999999e-02
   2.6473999999999998e-03
   8.5067739999999999e-03
   2.1316500000000002e-02
   7.3013430000000001e-03
   2.5253310000000000e-03
   1.0116590000000000e-02
   1.7677314999999999e-02
   9.1018650000000006e-03
  -1.1314400000000000e-02
  -1.6647349999999998e-02
  -1.0345469999999999e-02
   3.1280750000000001e-03
   6.8054350000000012e-03
  -3.6849950000000004e-03
  -6.4163199999999997e-03
   2.6703000000000002e-04
   6.4849680000000007e-03
   9.9334569999999997e-03
   1.2207049999999994e-03
  -5.6304949999999993e-03
  -6.2561050000000005e-03
   2.0675649999999999e-03
   8.0032249999999992e-03
   1.4266950000000000e-03
  -5.8212250000000002e-03
  -1.0810844999999999e-02
   2.4490350000000000e-03
   5.6152200000000006e-03
   9.8419500000000021e-04
  -5.4702750000000001e-03
  -7.7438349999999993e-03
   4.8370150000000001e-03
   1.4732340000000000e-02
   1.3618485000000000e-02
   8.7203850000000006e-03
   3.3035249999999999e-03
   1.4633165000000000e-02
   2.3757950000000000e-02
   1.6052265000000000e-02
   3.6239630000000000e-03
  -2.8228749999999999e-03
   5.1956199999999998e-03
   1.0681135000000001e-02
   7.9803349999999999e-03
  -1.1367799999999996e-03
  -8.1100500000000006e-03
   0.0000000000000000e+00
   1.1337280000000000e-02
   9.7503745000000006e-03
  -1.5029899999999996e-03
  -7.5531000000000001e-03
  -3.8146999999999999e-03
  -3.0515000000000056e-05
   4.0283049999999994e-03
  -4.8217699999999995e-03
  -8.3084100000000004e-03
  -2.7694694999999998e-03
   5.4016050000000003e-03
   1.0871875000000000e-02
  -1.5258749999999999e-03
  -1.2336719999999999e-02
  -2.0744350000000002e-02
  -2.0019499999999999e-02
  -1.9432055000000000e-02
  -4.7538750000000005e-02
  -6.6581699999999994e-02
  -8.0902100000000005e-02
  -9.7679049999999989e-02
  -9.6183850000000001e-02
  -9.2628500000000003e-02
  -1.0808550000000000e-01
  -1.1400600000000000e-01
  -9.0331999999999996e-02
  -1.0314165000000000e-01
  -1.2934850000000001e-01
  -1.2930300000000000e-01
  -1.3940449999999999e-01
  -1.1949899999999999e-01
  -8.7760900000000003e-02
  -1.2332150000000000e-01
  -1.3273650000000001e-01
  -1.2383300000000000e-01
  -1.2437450000000000e-01
  -1.0184465000000001e-01
  -8.9065499999999992e-02
  -9.8175249999999992e-02
  -1.0534650000000000e-01
  -8.4816000000000003e-02
  -8.0749500000000002e-02
  -7.8895550000000009e-02
  -8.7257399999999999e-02
  -9.0454100000000009e-02
  -8.1695550000000006e-02
  -6.3415500000000000e-02
  -4.1671750000000000e-02
  -6.9259650000000006e-02
  -7.7545150000000007e-02
  -5.8219899999999998e-02
  -4.3579100000000003e-02
  -2.8091399999999999e-02
  -2.4436949999999999e-02
  -2.8289800000000000e-02
  -1.1787424999999999e-02
   9.2925899999999999e-03
   2.5321949999999999e-02
   2.2422800000000000e-02
   1.2588499999999999e-02
   1.3824440000000000e-02
   3.2066299999999999e-02
   4.1908299999999996e-02
   4.3632500000000005e-02
   4.1496249999999998e-02
   2.9747000000000003e-02
   3.0593850000000002e-02
   4.8652649999999999e-02
   3.9436300000000001e-02
   2.5718699999999997e-02
   2.0027150000000001e-02
   3.4233100000000002e-02
   4.9827549999999998e-02
   4.9736050000000004e-02
   3.5369850000000001e-02
   3.6270150000000001e-02
   4.6722399999999997e-02
   5.5046049999999999e-02
   5.1849350000000002e-02
   4.0779150000000000e-02
   2.6672399999999999e-02
   4.0191649999999995e-02
   6.1225849999999998e-02
   6.8969749999999996e-02
   5.9150700000000001e-02
   4.4906600000000005e-02
   4.9224850000000001e-02
   6.3446050000000004e-02
   7.3707599999999998e-02
   5.8036799999999999e-02
   4.3807949999999998e-02
   4.0428149999999996e-02
   5.1467899999999997e-02
   5.4618800000000002e-02
   2.9586799999999996e-02
   1.4900220000000000e-02
   1.8104550000000001e-02
   2.9342649999999998e-02
   3.3493049999999996e-02
   2.5955199999999998e-02
   1.5243500000000000e-02
   1.6128549999999998e-02
   3.2463050000000000e-02
   4.7553999999999999e-02
   2.5611900000000000e-02
   1.3427710000000001e-02
   1.1779800000000000e-02
   3.3126799999999998e-02
   4.7592200000000001e-02
   4.3121350000000003e-02
   3.8574250000000004e-02
   3.6796599999999999e-02
   3.9726249999999998e-02
   4.9453750000000005e-02
   4.5326249999999998e-02
   3.3096300000000002e-02
   2.6199350000000000e-02
   3.8047749999999998e-02
   4.4296299999999997e-02
   4.2716999999999998e-02
   2.8930650000000002e-02
   1.0650650000000001e-02
   1.0940530000000000e-02
   2.8015149999999999e-02
   3.5919199999999998e-02
   2.8816200000000000e-02
   1.6601550000000000e-02
   1.0177635000000001e-02
   2.4986250000000002e-02
   3.3401500000000001e-02
   2.2628750000000000e-02
   1.3366699999999999e-02
   1.9622800000000003e-02
   3.2211299999999998e-02
   4.1046150000000003e-02
   3.7719749999999996e-02
   2.5428800000000001e-02
   1.9714349999999999e-02
   2.5444050000000003e-02
   3.8650500000000004e-02
   3.3569349999999998e-02
   2.2117600000000001e-02
   2.3895250000000000e-02
   3.5728449999999995e-02
   4.4982899999999999e-02
   3.9428699999999997e-02
   2.7816799999999999e-02
   2.1850599999999998e-02
   3.3218400000000002e-02
   4.4540400000000001e-02
   3.7071250000000000e-02
   2.2171000000000000e-02
   1.3259900000000000e-02
   2.0370449999999998e-02
   3.0166600000000002e-02
   3.3790600000000004e-02
   1.7761200000000001e-02
   5.2337649999999996e-03
   1.2931835000000001e-02
   2.5634799999999999e-02
   2.2529600000000000e-02
   9.4680699999999986e-03
   8.6517350000000007e-03
   1.4472949999999998e-02
   2.6824950000000000e-02
   3.0250550000000001e-02
   1.8402099999999998e-02
   9.5061999999999994e-03
   2.0019500000000003e-02
   2.9922499999999998e-02
   3.5247799999999996e-02
   2.3529049999999999e-02
   1.2092600000000000e-02
   1.5174850000000000e-02
   2.0004250000000001e-02
   2.4124099999999999e-02
   2.1995550000000003e-02
   1.6517600000000000e-02
   1.9081100000000000e-02
   3.1806950000000001e-02
   4.6043399999999998e-02
   4.1259749999999998e-02
   3.1829850000000000e-02
   2.5161750000000000e-02
   3.7048350000000001e-02
   3.6201449999999996e-02
   2.2720350000000000e-02
   1.1955255000000000e-02
   1.0597220000000001e-02
   1.8020600000000001e-02
   1.3664229999999999e-02
   4.0359750000000007e-03
   4.1961499999999992e-04
  -7.4768000000000013e-04
   1.4755249999999999e-02
   2.5558450000000000e-02
   2.3300200000000000e-02
   9.4757000000000001e-03
  -1.7089850000000001e-03
   1.0437000000000000e-02
   2.0957949999999999e-02
   1.8333425000000000e-02
   8.4762499999999994e-03
   1.0681150000000001e-03
   8.3618099999999990e-03
   1.9386315000000001e-02
   1.8348675000000002e-02
   1.3122559999999998e-02
   1.2168870000000002e-02
   2.4040199999999998e-02
   3.5163849999999996e-02
   3.8513150000000003e-02
   2.5451700000000001e-02
   1.4892599999999999e-02
   9.2773649999999992e-03
   2.0599349999999999e-02
   2.9785150000000003e-02
   1.6838050000000000e-02
   1.1367800000000000e-03
  -1.0681000000000015e-04
   1.7776500000000001e-02
   2.9953000000000000e-02
   2.0431550000000000e-02
   1.2153620000000000e-02
   1.2001049999999999e-02
   1.9035349999999999e-02
   2.2254949999999999e-02
   3.9062450000000000e-03
  -5.4702750000000001e-03
  -9.4757149999999991e-03
   7.3165850000000004e-03
   1.4419564999999999e-02
   9.3002494999999998e-03
  -4.4479400000000001e-03
  -9.1858000000000009e-03
   3.2501200000000000e-03
   1.0406475500000000e-02
   2.7160500000000002e-03
  -1.0314930000000000e-02
  -6.0653649999999996e-03
  -8.3925000000000319e-05
   7.6295000000000009e-04
   9.5443745000000010e-03
   1.2208500000000008e-04
  -6.3705400000000001e-03
   4.0283200000000002e-03
   1.2962329999999999e-02
   1.8791205000000002e-02
   6.5612500000000002e-04
  -1.5731800000000001e-02
  -9.1247450000000001e-03
   8.1405499999999999e-03
   1.8844500000000002e-03
  -1.5609729999999999e-02
  -2.4047849999999999e-02
  -1.7211950000000000e-02
  -2.0751749999999998e-03
   5.7525850000000002e-03
  -5.2795499999999992e-03
  -1.5441899999999998e-02
  -1.6662600000000000e-02
   6.5612500000000046e-04
   8.2244749999999985e-03
  -1.2588499999999997e-03
  -1.6143800000000000e-02
  -1.3824450000000000e-02
   6.6757164999999997e-03
   1.5319805000000001e-02
   5.8365099999999996e-03
  -1.0704030000000000e-02
  -1.3038650000000001e-02
   3.4103400000000000e-03
   9.2544600000000008e-03
  -3.8146700000000000e-03
  -1.3839694999999999e-02
  -2.4200449999999998e-02
  -1.1466964999999999e-02
   5.7984999999999981e-04
  -2.0980850000000004e-03
  -1.4328009999999999e-02
  -1.5525850000000001e-02
   7.5530999999999992e-04
   1.0475146500000001e-02
   8.4839100000000008e-03
  -2.5939950000000000e-03
  -1.2413000000000000e-02
  -6.3934300000000003e-03
  -2.4719399999999997e-03
  -4.5852649999999998e-03
  -1.8699649999999998e-02
  -2.2003149999999999e-02
  -7.7590999999999997e-03
   3.6926099999999998e-03
   1.0604852000000000e-02
  -2.7236850000000004e-03
  -1.0124190000000000e-02
  -2.1286000000000000e-03
   4.0969850000000000e-03
   3.1738500000000006e-03
  -4.4250749999999997e-03
  -2.0401000000000002e-02
  -2.1499650000000002e-02
  -5.4473949999999998e-03
   2.5939850000000000e-03
  -4.1885349999999993e-03
  -1.6303999999999999e-02
  -1.9477849999999998e-02
  -7.2708000000000000e-03
   1.8844750000000000e-03
   2.7770799999999999e-03
  -1.2878410000000000e-02
  -2.0622250000000002e-02
  -3.7841785000000002e-03
   1.1299119999999999e-02
   3.6010599999999997e-03
  -3.5400395000000002e-03
  -1.2023950000000000e-02
   2.0751935000000001e-03
   1.2489310000000000e-02
   1.1581405000000001e-02
  -1.3610850000000001e-02
  -2.6458750000000003e-02
  -9.7045949999999999e-03
   5.1116500000000006e-04
  -3.7994249999999999e-03
  -1.5052800000000002e-02
  -2.0759550000000002e-02
  -1.1993400000000001e-02
   1.9073500000000004e-04
   3.8528299999999998e-03
  -8.3923449999999990e-03
  -1.8974299999999999e-02
  -9.4222999999999998e-03
   1.9378650000000000e-03
   6.3629206000000004e-03
  -2.0980855000000001e-03
  -8.8348349999999992e-03
  -1.4038085000000000e-03
   1.0688785000000001e-02
   1.9081149999999998e-02
   1.3580299999999997e-03
  -1.1505105000000000e-02
  -1.0406495000000000e-02
   1.6022000000000020e-04
   3.6544650000000004e-03
  -1.2176505000000001e-02
  -2.2567749999999998e-02
  -1.9668600000000001e-02
  -6.9808800000000001e-03
   4.5318700000000003e-03
  -2.7160650000000001e-03
  -1.8165600000000000e-02
  -1.6044650000000001e-02
   2.2125249999999999e-03
  -2.6092550000000004e-03
  -1.0826114999999999e-02
  -2.1408099999999999e-02
  -2.4261450000000000e-02
  -1.3618450000000001e-02
  -1.3656599999999999e-03
   1.1367750000000000e-03
  -5.7067899999999998e-03
  -1.6128549999999998e-02
  -4.2724649999999996e-03
   2.9602050000000000e-03
   2.0294199999999997e-03
  -1.5823400000000001e-02
  -2.4337749999999998e-02
  -8.9492800000000004e-03
   7.1411300000000007e-03
   5.2948155000000002e-03
  -1.7112749999999999e-02
  -1.5304600000000000e-02
  -9.0026650000000011e-04
   2.0904549999999997e-03
   4.4403150000000002e-03
  -4.6234125000000001e-03
  -1.7707799999999999e-02
  -1.0673505000000000e-02
  -9.4604500000000018e-04
   8.3923499999999981e-04
  -8.0490100000000005e-03
  -2.1820050000000001e-02
  -1.4152499999999998e-02
   1.0452294999999999e-02
   2.7511599999999997e-02
   2.0019550000000001e-02
   1.0055544999999999e-02
   2.1820050000000003e-03
   6.0119550000000003e-03
   8.6822405000000005e-03
  -4.3640150000000006e-03
  -1.6822850000000000e-02
  -2.2911100000000000e-02
  -1.5121449999999998e-02
  -7.4004969500000000e-03
  -1.6532900000000000e-02
  -3.3180200000000000e-02
  -4.2503349999999995e-02
  -3.8078349999999997e-02
  -3.0731200000000000e-02
  -3.5522449999999997e-02
  -5.2825899999999995e-02
  -6.4590449999999994e-02
  -5.2703849999999997e-02
  -4.4799800000000001e-02
  -4.7401449999999998e-02
  -5.7434100000000002e-02
  -5.7708750000000003e-02
  -4.5715350000000002e-02
  -3.3203150000000001e-02
  -2.8038000000000000e-02
  -3.9489750000000004e-02
  -5.3199750000000004e-02
  -4.3808000000000000e-02
  -2.1964999999999998e-02
  -1.8539449999999999e-02
  -2.6725800000000001e-02
  -3.5888699999999996e-02
  -3.0845650000000002e-02
  -2.0553549999999997e-02
  -1.0070825000000000e-02
  -1.8150349999999999e-02
  -2.7694699999999999e-02
  -2.3468049999999997e-02
  -6.0348499999999996e-03
   3.2959000000000005e-03
  -5.4550199999999997e-03
  -1.8707250000000002e-02
  -1.8508900000000002e-02
  -3.3721949999999997e-03
   8.8958800000000001e-03
   6.4239500000000003e-03
  -1.8310499999999992e-04
  -2.8381370000000001e-03
   1.3587950000000001e-02
   2.3956300000000000e-02
   1.5991200000000001e-02
   2.6550300000000001e-03
   1.4953599999999998e-03
   2.0797750000000000e-02
   2.9197700000000000e-02
   2.6489249999999999e-02
   1.6601550000000000e-02
   1.3557400000000001e-02
   2.6260350000000002e-02
   3.5980249999999998e-02
   2.9983500000000000e-02
   1.6517600000000000e-02
   8.8119500000000007e-03
   1.4556850000000000e-02
   2.4032600000000001e-02
   2.8221099999999999e-02
   1.6380350000000002e-02
   7.1944950000000004e-03
   1.1657750000000001e-02
   2.1263100000000000e-02
   2.9632599999999999e-02
   1.1482244999999999e-02
  -8.4381249999999994e-03
  -1.2054455000000000e-02
  -4.3334949999999997e-03
  -2.4948150000000001e-03
  -1.5708949999999999e-02
  -2.3735050000000001e-02
  -1.6967750000000000e-02
   9.6893499999999987e-04
   9.0179400000000003e-03
   1.9149800000000002e-03
  -1.3916049999999999e-02
  -1.4274599999999998e-02
   2.0751950000000002e-03
   1.3732929999999999e-02
   2.0446800000000001e-03
  -6.8206800000000000e-03
  -1.8615735000000000e-03
   1.7601050000000000e-02
   2.6268000000000000e-02
   1.1238100000000001e-02
  -4.8065000000000000e-04
  -5.0582850000000000e-03
   1.1550905000000000e-02
   1.7982499999999998e-02
   1.2550345000000001e-02
  -5.0277700000000000e-03
  -1.0604875000000000e-02
   3.3645609999999999e-03
   1.7417900000000000e-02
   1.9134550000000000e-02
   4.7683700000000001e-03
  -9.9945000000000003e-04
   2.5405899999999997e-03
   1.5510550000000000e-02
   1.0505660000000000e-02
  -3.2424899999999998e-03
  -1.0643000000000000e-02
  -1.6326900000000000e-03
   2.6245100000000000e-03
   8.2244760000000014e-03
   4.2037954999999995e-03
  -6.8588250000000007e-03
   3.1890849999999999e-03
   1.5159650000000000e-02
   1.7303470000000001e-02
   1.6784500000000023e-04
  -1.2641900000000001e-02
  -1.2054450000000000e-02
   1.1673000000000000e-03
   7.8659118000000000e-03
  -1.2054449999999999e-03
  -2.1263100000000000e-02
  -1.7059350000000001e-02
  -3.4027050000000002e-03
   6.3857799999999989e-03
  -2.3498650000000000e-03
  -1.7463699999999999e-02
  -2.2270199999999997e-02
  -8.2397600000000005e-03
   5.5846949999999998e-03
  -2.9754499999999975e-04
  -1.7097450000000000e-02
  -1.9615199999999999e-02
  -4.9209574999999998e-03
   8.6746049999999984e-03
   8.5296464999999998e-03
  -1.1978149999999999e-03
  -1.3252250000000000e-02
  -6.0730000000000003e-03
   2.0980900000000004e-03
  -5.9890600000000009e-03
  -2.2567749999999998e-02
  -2.7824399999999999e-02
  -9.6740650000000008e-03
   3.7002599999999999e-03
   6.2942450000000004e-03
  -7.9116750000000000e-03
  -1.9424449999999999e-02
  -5.2032599999999995e-03
   6.0501299999999999e-03
   3.4179600000000003e-03
  -7.4767800000000006e-03
  -1.3694785000000001e-02
  -4.5776350000000000e-03
   6.4544749999999994e-03
   8.6135900000000008e-03
  -4.7378699999999999e-03
  -9.8571649999999993e-03
  -3.4637449999999998e-03
   1.2779255000000000e-02
   1.6983050000000000e-02
  -2.9907400000000000e-03
  -1.3610850000000001e-02
  -1.5571599999999998e-02
  -4.7912599999999994e-03
  -1.2360000000000001e-03
  -7.7438200000000002e-03
  -2.0828250000000000e-02
  -2.2277849999999998e-02
  -2.6702850000000001e-03
   7.6904450000000006e-03
   1.3503800000000000e-03
  -9.3841499999999991e-03
  -9.2849800000000000e-03
   8.6669820000000002e-03
   2.0309470000000000e-02
   1.4694225000000000e-02
   1.1749249999999998e-03
  -9.3078450000000004e-03
   1.3351449999999998e-03
   1.2107854999999999e-02
   1.6494760000000001e-02
  -1.3351450000000003e-03
  -1.1367805000000000e-02
  -4.7836306000000007e-03
   2.5024649999999997e-03
   1.6174200000000005e-03
  -1.3946530000000000e-02
  -3.0380250000000001e-02
  -1.8455500000000000e-02
  -1.2512349999999998e-03
   4.5776299999999992e-03
  -5.2948149999999996e-03
  -1.3687154999999999e-02
  -1.4289875000000000e-02
   7.0191500000000000e-04
   1.9302499999999997e-03
  -6.7596500000000007e-03
  -1.2283315000000000e-02
  -1.2176520000000000e-02
  -6.2484799999999998e-03
  -6.0272500000000014e-04
  -1.2802140000000000e-02
  -1.4282200000000000e-02
  -1.2390149999999999e-02
   3.6392199999999994e-03
   1.6502375000000000e-02
   5.1574550000000000e-03
  -7.0114050000000001e-03
  -9.5825349999999997e-03
  -2.2888200000000004e-03
   3.5171399999999998e-03
  -9.2010749999999995e-03
  -2.2926349999999998e-02
  -2.6428199999999999e-02
  -6.0119654999999999e-03
   5.3710900000000002e-03
  -1.6020000000000010e-04
  -6.9656535000000002e-03
  -1.4747600000000000e-02
  -1.5106200000000003e-03
   8.0642600000000002e-03
   2.2888150000000005e-03
  -7.8201349999999989e-03
  -1.5388499999999999e-02
  -4.2953399999999999e-03
   1.4640811000000000e-02
   2.7610799999999998e-02
   1.0833730000000000e-02
   1.7013549999999999e-03
   9.0636975000000005e-03
   1.4770489999999999e-02
   1.4297495000000000e-02
   3.3111400000000002e-03
  -8.1863449999999994e-03
  -6.2637359999999998e-03
   4.8217600000000005e-03
   6.3857800000000006e-03
  -8.4838800000000009e-03
  -1.3153095000000000e-02
  -1.1322030000000000e-02
   2.8381200000000004e-03
   1.5998854999999999e-02
   6.4697150000000000e-03
  -4.2877174999999997e-03
  -7.6370149999999996e-03
   7.5149700000000002e-03
   1.5777585000000000e-02
   2.6931650000000000e-03
   3.3645639999999996e-03
  -3.9901714999999996e-03
   1.3671870000000001e-02
   2.5238050000000001e-02
   9.7274649999999994e-03
  -2.0370449999999999e-03
  -1.2359649999999999e-03
   1.0696414999999999e-02
   1.8447874999999999e-02
   1.4778125000000000e-02
   1.5258799999999999e-03
  -5.0811749999999994e-03
   6.4620729999999996e-03
   1.2748735000000001e-02
   6.5307449999999993e-03
  -1.1711104999999999e-02
  -2.2422800000000000e-02
  -1.1772155000000001e-02
  -1.0605049999999998e-03
   2.7236500000000002e-03
  -8.1787270000000002e-03
  -1.7173750000000002e-02
  -3.4484849999999998e-03
   8.0795100000000016e-03
   1.9103984999999997e-02
   6.1645400000000005e-03
   1.0604849999999999e-03
   4.0664500000000001e-03
   1.3046245000000000e-02
   1.3130210000000000e-02
  -2.9754999999999972e-04
  -1.1169425000000000e-02
  -4.6005224999999999e-03
   1.5609749999999999e-02
   2.1347040000000001e-02
   1.1116020600000000e-02
   5.7220464999999995e-03
   5.3024309999999998e-03
   1.4198300000000001e-02
   2.3468000000000003e-02
   1.1604300000000000e-02
  -1.5563999999999999e-03
  -2.8610235000000000e-03
   1.2207050000000001e-02
   1.9599900000000000e-02
   7.4234049999999992e-03
  -2.6092500000000005e-03
  -6.4239550000000003e-03
   1.1619590000000001e-02
   2.8015149999999999e-02
   2.5688150000000000e-02
   8.6822350000000000e-03
  -3.9215105000000002e-03
   7.5225600000000002e-03
   1.7631510000000000e-02
   2.0629900000000000e-02
   2.7923599999999998e-03
  -4.6920750000000004e-03
   1.0070780000000000e-02
   2.1018950000000002e-02
   1.8478410000000001e-02
  -1.9531250000000000e-03
  -1.0490405000000000e-02
  -8.3465700000000011e-03
   2.1286200000000003e-03
   5.4015950000000004e-03
  -6.0806499999999999e-03
  -1.6838100000000002e-02
  -9.1476649999999993e-03
   3.0549999999999848e-05
   1.1672973499999999e-02
  -1.6021550000000001e-03
  -6.8588150000000007e-03
  -3.0288699999999995e-03
   1.3099685000000000e-02
   2.1453850000000000e-02
   9.9639900000000007e-03
  -5.2185069999999998e-03
  -8.9035199999999998e-03
   1.6021750000000000e-03
   1.0330180000000000e-02
  -9.3839499999999985e-04
  -1.1634850000000000e-02
  -1.8631000000000002e-02
  -9.7732500000000007e-03
   1.9836500000000069e-04
  -9.2315920000000003e-03
  -1.5129099999999999e-02
  -1.0940550000000000e-02
  -2.3269650000000003e-03
   1.3870225000000000e-02
   4.8751899999999997e-03
  -1.4823929999999999e-02
  -1.4854420000000000e-02
   2.3727450000000003e-03
   1.6029355000000002e-02
   2.4658200000000002e-02
   1.1131265000000000e-02
   1.6860950000000001e-03
   4.7531300000000004e-03
   1.7539980000000000e-02
   2.2247335000000000e-02
   4.3640049999999998e-03
  -6.4926299999999992e-03
  -2.7236900000000000e-03
   6.0577299999999999e-03
   1.0986304999999998e-02
  -8.1558080000000005e-03
  -2.0309450000000000e-02
  -1.3534549999999999e-02
   1.0681500000000012e-04
   3.7841900000000002e-03
  -5.4016350000000001e-03
  -1.7059350000000001e-02
  -1.1138925000000001e-02
  -1.5260000000000013e-05
  -1.9073700000000002e-03
  -8.8806300000000005e-03
  -1.6090400000000001e-02
  -9.9029600000000006e-03
   6.7748793999999994e-03
   1.1108385000000000e-02
  -3.0519500000000029e-04
  -1.8127450000000000e-02
  -2.5711049999999999e-02
  -1.4213564999999999e-02
  -1.0543806000000001e-02
  -1.5594464999999998e-02
  -2.5939900000000002e-02
  -2.6748700000000000e-02
  -9.7503499999999996e-03
   1.2588649999999996e-03
  -9.6130000000000000e-04
  -1.4633150000000001e-02
  -2.6596050000000000e-02
  -1.3221739999999999e-02
   5.2795550000000000e-03
   5.9127749999999995e-03
  -6.7977949999999997e-03
  -9.8113799999999998e-03
   4.6920540000000002e-03
   1.4953605000000000e-02
   1.9195569999999999e-02
   8.0261020000000002e-03
  -4.6997054999999999e-03
  -2.9602050000000005e-03
   7.9879524999999993e-03
   8.0642600000000002e-03
  -1.0849025000000002e-02
  -2.3025549999999999e-02
  -1.4801050000000000e-02
   3.6621500000000046e-04
   8.9645400000000000e-03
  -3.5858050000000001e-03
  -1.5029899999999999e-02
  -9.6130199999999999e-03
   4.0283400000000000e-03
   1.3893144999999999e-02
   5.1345890000000002e-03
  -1.8310549999999998e-03
  -8.4075899999999995e-03
   9.3536500000000015e-03
   1.7700175000000002e-02
   1.1947649999999999e-02
   5.6610100000000002e-03
   6.9427500000000001e-03
   2.1270799999999999e-02
   2.8320300000000000e-02
   1.7234820000000001e-02
   7.7743350000000003e-03
   2.8610220000000004e-03
   1.7143249999999999e-02
   2.5718700000000001e-02
   1.7974845000000000e-02
   3.2119775000000001e-03
  -1.2741095000000000e-03
   1.2947095000000000e-02
   2.6092550000000003e-02
   2.3437500000000000e-02
   6.4010400000000002e-03
  -8.0108749999999998e-04
   1.2306194999999999e-02
   2.5558450000000000e-02
   2.2705050000000001e-02
   8.4762550000000002e-03
   3.6621080000000001e-04
   9.5367549999999992e-03
   2.7992250000000003e-02
   3.0174250000000000e-02
   1.7593400000000002e-02
   5.9890750000000000e-03
   1.2199415000000000e-02
   1.8142699999999998e-02
   2.1163899999999999e-02
   4.8752049999999996e-03
  -7.6599099999999998e-03
  -4.8751850000000006e-03
   7.5759969499999994e-03
   1.3809205000000001e-02
   1.9149799999999997e-03
  -7.3547250000000003e-03
  -1.1978170000000001e-03
   6.6299350000000000e-03
   1.3938885000000000e-02
   1.8997349999999996e-03
  -9.4833599999999997e-03
  -1.3198850000000000e-02
  -7.8430349999999999e-03
  -5.3024500000000002e-03
  -8.7966889999999999e-03
  -1.2542714999999999e-02
  -9.8495650000000011e-03
   9.6740950000000006e-03
   2.0317050000000000e-02
   7.5225715000000002e-03
  -5.8975199999999998e-03
  -1.7105099999999998e-02
  -1.6593950000000000e-02
   1.5563899999999995e-03
   3.4335000000000008e-04
  -1.0581980000000000e-02
  -2.0156899999999998e-02
  -3.2196050000000004e-03
   7.2936800000000003e-03
   1.0208129999999999e-02
  -4.0664899999999999e-03
  -1.7478950000000000e-02
  -1.8615699999999999e-03
   1.7654424999999998e-02
   1.7486580000000002e-02
   6.3095149999999999e-03
  -9.4604500000000005e-03
  -4.9590859999999997e-03
   1.3809209999999999e-02
   2.3666350000000003e-02
   1.3832090000000000e-02
   3.1661950000000001e-03
   2.7008060000000000e-03
   1.2771595000000000e-02
   1.9805904999999999e-02
   1.0917680000000001e-02
  -6.3857899999999997e-03
  -5.5389400000000009e-03
   1.0742210000000000e-02
   1.4549280000000000e-02
   1.4572299999999995e-03
  -1.2458779999999999e-02
  -1.4770500000000001e-02
  -2.8915400000000002e-03
   1.6403199999999998e-03
  -7.4462950000000003e-03
  -1.8455500000000000e-02
  -2.2277800000000000e-02
  -9.5367600000000000e-03
  -5.6686199999999992e-03
  -1.3809230000000000e-02
  -1.8890350000000000e-02
  -1.7517100000000001e-02
   2.2583000000000004e-03
   1.7730724999999999e-02
   1.8318170000000002e-02
  -1.5335050000000001e-03
  -9.7275000000000000e-03
  -4.2877206000000003e-03
   4.7378550000000000e-03
   4.5318849999999994e-03
  -1.4404295000000001e-02
  -1.9172649999999999e-02
  -1.6105649999999999e-02
  -1.6021500000000001e-03
   6.9808900000000000e-03
  -6.8130500000000002e-03
  -1.6387949999999998e-02
  -5.2261414999999999e-03
   1.1299110000000001e-02
   2.1011354999999999e-02
   7.3089449999999999e-03
  -6.1035149999999995e-03
  -5.0888074999999996e-03
   1.3145440000000000e-02
   2.5741600000000003e-02
   1.9249000000000002e-02
   1.2573200000000000e-02
   1.1505100000000001e-02
   1.6967750000000000e-02
   2.6733399999999997e-02
   1.0864240000000001e-02
  -1.5106200000000001e-03
  -8.0108550000000008e-03
   3.5858350000000003e-03
   5.9356950000000004e-03
  -1.3351449999999994e-03
  -1.2924210000000000e-02
  -2.2384649999999999e-02
  -5.9890554999999998e-03
   1.0528600000000001e-03
  -7.7667100000000005e-03
  -1.5800499999999999e-02
  -2.7877800000000001e-02
  -1.2207050000000001e-02
  -1.0375950000000001e-03
  -4.5471050000000001e-03
  -1.4198320000000000e-02
  -1.5197749999999999e-02
  -6.2942299999999996e-03
   1.0276782000000000e-02
   4.9667250000000008e-03
  -1.1497480000000001e-02
  -2.0355249999999998e-02
  -1.0978709999999999e-02
   3.0520000000000026e-05
   3.6544899999999998e-03
  -1.3252254999999999e-02
  -2.1522500000000000e-02
  -1.5663150000000001e-02
  -2.8762800000000002e-03
   8.2626230000000002e-03
  -1.2084980000000000e-02
  -2.2995000000000002e-02
  -1.8974299999999999e-02
  -2.4185199999999995e-03
   7.3394650000000007e-03
  -2.0141500000000001e-03
  -2.4566645000000001e-03
  -6.1798100000000000e-03
   2.3040750000000000e-03
   1.6517634999999999e-02
   5.6838899999999996e-03
  -3.8146999999999964e-04
  -3.7460309999999999e-03
   1.5174900000000000e-02
   2.5161750000000000e-02
   1.5693680000000002e-02
  -2.4490350000000000e-03
  -6.1645499999999995e-03
   1.0665875000000000e-02
   1.8424965000000001e-02
   1.0543810000000001e-02
  -9.8495650000000011e-03
  -1.7730700000000002e-02
  -5.4550060000000001e-03
   3.1356749999999997e-03
  -8.3935000000000259e-05
  -1.2283345000000001e-02
  -1.6876200000000001e-02
  -7.5302249999999998e-03
   5.8288599999999999e-03
   1.0986549999999996e-03
  -1.4686560000000000e-02
