   1.4350909999999998e-02
   1.5693670000000000e-02
   2.1820050000000001e-02
   2.7603150000000000e-02
   2.4940449999999999e-02
   1.3473505000000000e-02
   6.5918100000000000e-03
   6.2026950000000003e-03
   1.5014650000000001e-02
   1.5228249999999999e-02
   1.0833735000000001e-02
   6.7901749999999999e-03
   6.0043550000000003e-03
   1.4770500000000001e-02
   1.4984110000000002e-02
  -1.4724750000000000e-03
  -9.5749049999999999e-03
  -1.5182500000000000e-02
  -1.2214675000000001e-02
  -9.8571600000000002e-03
  -1.5663150000000001e-02
  -2.1301299999999999e-02
  -1.4358549999999999e-02
  -1.0284445000000000e-02
  -5.7830874999999999e-03
  -9.4985844999999989e-03
  -1.7181374999999999e-02
  -1.6845715000000001e-02
  -8.1863400000000003e-03
  -7.0953300000000004e-03
  -1.1055005000000000e-02
  -2.5108300000000000e-02
  -2.0957949999999999e-02
  -4.8370368000000006e-03
   5.9433206000000004e-03
   2.0446799999999997e-03
  -8.9111080000000009e-03
  -1.5403750000000001e-02
  -1.1604310000000000e-02
  -1.0856609999999999e-02
  -8.3007599999999990e-03
  -1.5739429999999999e-02
  -1.8424949999999999e-02
  -1.0742180000000000e-02
  -2.4642950000000000e-03
   1.9149750000000002e-03
  -1.2687700000000000e-02
  -1.7395000000000001e-02
  -1.2802134999999999e-02
  -1.2954690000000000e-02
  -1.1215220000000000e-02
  -1.3511650000000000e-02
  -9.1629099999999998e-03
  -5.6991509999999995e-03
  -5.4626680000000004e-03
  -8.2321149999999999e-03
  -1.1260995000000001e-02
  -1.1596680000000002e-02
  -8.6898800000000005e-03
   3.1280505000000000e-03
  -2.1057149999999998e-03
  -9.7198649999999994e-03
  -5.8593874999999995e-03
  -6.3400250000000009e-03
  -6.9503799999999999e-03
  -1.3862599999999999e-02
  -1.5403740000000001e-02
  -1.8020649999999999e-02
  -2.3857099999999999e-02
  -5.8899145000000002e-03
   2.5863649999999998e-03
   5.4779049999999999e-03
  -1.5113830000000000e-02
  -1.1718730000000000e-02
  -1.7929100000000000e-03
   2.6931744999999997e-03
  -1.4572150000000000e-03
  -1.2649520000000001e-02
  -2.0477300000000000e-02
  -1.3534525000000000e-02
  -1.6174300000000000e-03
  -2.5787350000000000e-03
  -3.9749149999999999e-03
  -5.0506770000000008e-03
   3.2119755999999999e-03
   1.1894220000000000e-02
   1.4480580000000000e-02
   3.4179900000000001e-03
   2.3651149999999997e-03
   6.5841618000000001e-03
   1.1291525000000000e-02
   1.3763444999999999e-02
   1.9531250000000000e-03
  -2.4948100000000005e-03
  -2.9220550000000002e-03
   3.0822749999999998e-03
   1.4343300000000002e-03
  -1.3649005000000001e-02
  -1.8058749999999998e-02
  -1.2062079999999999e-02
  -5.2566550000000007e-03
  -8.3007800000000007e-03
  -6.5384110000000000e-03
  -1.4144880000000000e-02
  -6.3247850000000003e-03
   7.5531200000000000e-03
   1.4656100000000000e-02
   5.2337849999999995e-03
  -2.3727650000000002e-03
  -3.8528299999999998e-03
   3.4713725000000001e-03
   8.0871500000000000e-04
  -5.0125100000000004e-03
  -1.3565050000000000e-02
  -6.7291450000000006e-03
  -2.5787355000000001e-03
   4.2724610000000000e-03
   3.2806400000000005e-03
  -1.1825600000000003e-03
  -6.4163250000000005e-03
   8.0337499999999992e-03
   1.2947100000000000e-02
   1.2817400000000000e-02
   7.9421900000000000e-03
  -4.6081550000000001e-03
  -1.2588499999999999e-03
   1.8211350000000001e-02
   1.9126900000000002e-02
   1.5541050000000001e-02
   1.4778150000000000e-02
   1.6799950000000001e-02
   1.8600449999999998e-02
   2.5726350000000002e-02
   1.3481114999999998e-02
   6.9503750000000000e-03
   1.2878400000000000e-02
   1.8676749999999999e-02
   3.2043000000000002e-04
  -1.8768249999999999e-03
   6.8664500000000048e-04
   6.7672849999999996e-03
   1.7066950000000001e-02
   2.4093650000000001e-02
   1.2443549999999999e-02
   1.2634285000000000e-02
   1.4366149999999999e-02
   2.0835900000000001e-02
   1.7669700000000000e-02
   3.3340249999999996e-03
  -1.8387099999999999e-03
   1.5564000000000003e-03
   1.8043500000000001e-02
   2.3467999999999999e-02
   2.7137750000000002e-02
   1.9859300000000000e-02
   1.6807550000000001e-02
   3.0357349999999998e-02
   3.7612900000000005e-02
   2.1469099999999998e-02
   1.0795575000000000e-02
   4.6691904999999999e-03
   1.2817350000000000e-02
   2.4414100000000001e-02
   2.1812450000000001e-02
   7.7743700000000009e-03
   6.7138500000000004e-04
   4.8522900000000004e-03
   1.1901845000000001e-02
   1.5510550000000000e-02
   9.0179649999999993e-03
   6.2331999999999995e-03
   9.6130199999999999e-03
   1.9088750000000002e-02
   2.2407549999999998e-02
   1.9538900000000001e-02
   1.7807000000000000e-02
   2.7076750000000000e-02
   2.9846200000000000e-02
   2.2048950000000001e-02
   1.1497505000000000e-02
   5.7449329999999998e-03
   4.3334979999999999e-03
   2.2583000000000000e-03
   1.6937250000000001e-03
  -3.9673050000000000e-03
  -2.0065300000000003e-03
   4.9591050000000001e-03
   1.7692585000000000e-02
   2.1453850000000000e-02
   1.3725285000000000e-02
  -1.7929100000000000e-03
   3.5095500000000023e-04
   1.2085000000000000e-02
   1.6265900000000000e-02
  -1.1673000000000002e-03
  -9.8876799999999994e-03
  -3.4484850000000003e-03
   8.2702550000000007e-03
   1.2069715000000000e-02
   9.1400199999999987e-03
   8.2321000000000009e-03
  -6.9427499999999984e-04
   5.5999750000000001e-03
   7.8888150000000004e-03
  -3.3416950000000004e-03
  -1.7440799999999999e-02
  -1.2199405000000000e-02
  -4.2419420000000003e-03
   2.2125199999999999e-03
  -6.8665000000000306e-05
  -1.0696430000000000e-02
  -8.8043000000000010e-03
  -5.5236764999999997e-03
  -2.1438600000000000e-03
  -1.5029900000000001e-03
  -1.6777050000000002e-02
  -1.7799400000000000e-02
  -1.6098029999999999e-02
  -1.1467000000000001e-02
  -1.8005349999999998e-03
  -4.1885300000000002e-03
   6.8664999999999872e-05
   2.8762800000000002e-03
   1.0993955000000000e-02
   1.2710549999999999e-02
   4.2953495000000001e-03
  -1.6479500000000002e-03
   1.9073500000000004e-04
   9.3994100000000004e-03
   5.1879904999999997e-03
  -6.8664500000000005e-04
  -6.1798000000000018e-04
  -5.8517480000000004e-03
   3.8144999999999846e-05
   4.6081335000000001e-03
  -2.0675649999999999e-03
  -5.5313259999999996e-03
  -3.9596559999999998e-03
   9.1323749999999999e-03
   1.3275145000000000e-02
   9.7656200000000009e-03
  -5.5847199999999996e-03
  -2.6702900000000001e-03
   8.7127599999999999e-03
   1.4099150000000000e-02
   1.6693150000000000e-02
   3.9443750000000000e-03
   3.1890850000000004e-03
   1.1917125000000001e-02
   1.1802665000000000e-02
   8.7509300000000005e-03
  -6.1035000000000082e-05
  -4.0588365000000003e-03
  -5.1269530000000001e-03
  -2.8228749999999999e-03
   1.8005350000000002e-03
  -7.2174149999999996e-03
  -8.7509000000000007e-03
  -6.9732649999999993e-03
  -2.0751949999999997e-03
   6.4010374999999998e-03
  -5.9203950000000002e-03
  -8.3923100000000000e-03
   8.3920000000000348e-05
   3.1509405999999998e-03
   9.6969750000000000e-03
   1.1001585000000001e-02
   6.1263940000000003e-03
   1.1161785000000000e-02
   1.7189050000000001e-02
   1.7311099999999999e-02
   6.7444050000000002e-03
   1.4114399999999999e-03
  -2.6092515000000001e-03
  -1.2359630000000001e-03
   5.5313150000000002e-03
  -1.1749249999999998e-03
  -8.4228549999999999e-03
  -8.2168750000000002e-03
   6.6986199999999997e-03
   1.2397760000000001e-02
   4.4708249999999995e-03
  -3.0365150000000005e-03
  -5.8746499999999969e-04
   7.8888150000000004e-03
   1.3755815000000001e-02
   8.8501050000000005e-03
  -4.0435799999999997e-03
  -5.6762549999999998e-03
   1.9836419500000001e-03
   9.7427550000000005e-03
   9.3765300000000010e-03
   8.3999449999999989e-03
   4.3487499999999993e-04
   6.2332150000000003e-03
   1.3038649999999999e-02
   1.9691449999999999e-02
   1.0978685000000000e-02
   3.6621050000000001e-03
   1.0932899999999999e-02
   1.9035349999999999e-02
   2.6100150000000003e-02
   1.7822299999999999e-02
   4.5394890000000007e-03
   5.5007900000000002e-03
   1.5197749999999999e-02
   9.8495600000000003e-03
   5.2643000000000004e-04
  -3.2196060000000003e-03
  -1.5260000000000013e-05
   3.5476700000000002e-03
   5.5618300000000002e-03
   3.9825431999999999e-03
  -1.7471300000000000e-03
  -3.6239645000000001e-03
   7.0877199999999996e-03
   1.5426600000000000e-02
   6.5994319999999997e-03
   2.6931749999999999e-03
  -3.0593899999999999e-03
   4.5471200000000000e-03
   5.4092400000000001e-03
   2.1057099999999998e-03
  -1.8463149999999998e-03
   1.4572149999999996e-03
   7.6904450000000006e-03
   6.1416411999999998e-03
   6.6528550000000001e-03
  -2.5863449999999999e-03
  -6.3323964999999994e-03
  -1.9912699999999998e-03
   4.8828150000000004e-03
   1.8539399999999999e-03
  -1.5274055000000002e-02
  -1.4663670000000000e-02
  -1.8463149999999998e-03
   1.0147110000000001e-02
   1.6532900000000000e-02
   1.0559075000000001e-02
   8.9721749999999989e-03
   1.2390155000000000e-02
   1.8150349999999999e-02
   1.8959050000000002e-02
   4.9285865000000002e-03
  -9.9563849999999999e-03
  -3.7689199999999998e-03
   3.2196050000000004e-03
   1.2367255000000001e-02
   2.2889999999999803e-05
  -4.0740970000000005e-03
  -1.6174300000000000e-03
   4.4097900000000002e-03
   8.2702499999999998e-03
   1.8463150000000001e-03
   7.9192899999999990e-03
   4.7378515000000001e-03
   7.3470849999999997e-03
   5.5236799999999996e-03
  -2.5940000000000078e-04
   1.9302399999999997e-03
   4.9209615000000003e-03
   1.9577049999999999e-02
   1.8318200000000000e-02
   1.1589065000000001e-02
   6.3858064999999997e-03
  -6.1797999999999974e-04
   9.2163149999999992e-03
   1.3778650000000000e-02
   5.5618250000000003e-03
  -3.5934449999999998e-03
  -1.0574355000000001e-02
  -1.1901899999999998e-03
  -4.3106100000000003e-03
  -1.2573245000000000e-02
  -2.0713799999999997e-02
  -2.3094150000000001e-02
  -1.7158500000000000e-02
  -4.5318599999999995e-03
  -3.6849949999999995e-03
  -1.3610819999999999e-02
  -1.7227155000000001e-02
  -1.2916555000000000e-02
  -2.6931749999999999e-03
   6.6757049999999997e-03
  -4.1580000000000002e-03
  -1.2435910000000001e-02
  -1.6273500000000000e-02
  -1.4579769999999999e-02
  -5.3482088000000004e-03
  -1.4617894999999999e-02
  -1.9401550000000000e-02
  -2.6855500000000001e-02
  -1.7013549999999999e-02
  -1.3359095000000001e-02
  -1.8836949999999998e-02
  -2.0561200000000002e-02
  -2.0454400000000001e-02
  -1.3343805000000000e-02
  -9.0484699999999994e-03
  -5.5999520000000001e-03
  -9.3307400000000006e-03
  -1.2458800000000001e-02
  -6.1187749999999999e-03
  -3.2501199999999996e-03
  -1.5586835000000000e-02
  -1.7585750000000001e-02
  -1.7234800000000002e-02
  -6.2561134999999995e-03
  -1.0833750000000001e-03
  -1.0452250000000003e-03
  -6.2789700000000000e-03
  -9.8495400000000004e-03
   1.4190700000000001e-03
   3.5553000000000000e-03
  -1.1451710000000000e-02
  -1.6288750000000001e-02
  -2.0217899999999997e-02
  -1.3206485000000000e-02
  -6.5231550000000001e-03
  -5.0277775000000004e-03
  -1.6571064999999999e-02
  -2.2697450000000001e-02
  -1.9310000000000001e-02
  -1.2306220000000000e-02
  -1.5007000000000000e-02
  -1.9775399999999999e-02
  -2.4139399999999998e-02
  -1.9523600000000002e-02
  -3.4942645000000001e-03
   1.1444099999999999e-02
  -2.3040750000000000e-03
  -6.7291449999999997e-03
  -7.5530949999999993e-03
  -4.4937110000000001e-03
  -1.8311000000000022e-04
  -2.6626599999999999e-03
  -8.2855199999999993e-03
  -9.9563550000000001e-03
  -4.9285900000000001e-03
  -8.7356750000000000e-03
  -1.1634805000000000e-02
  -1.5205380000000001e-02
  -1.9447300000000001e-02
  -1.6639700000000000e-02
  -1.1970515000000001e-02
  -1.2557980000000000e-02
  -1.6166699999999999e-02
  -1.5220600000000001e-02
  -2.8381349999999999e-03
   1.4724725000000000e-03
  -1.0581944999999999e-02
  -9.1171199999999994e-03
  -1.1215200000000002e-02
  -2.0446750000000001e-03
  -3.2882689999999999e-03
  -3.3264150000000001e-03
  -6.7520050000000002e-03
  -1.0833750000000000e-02
  -3.8681014999999998e-03
  -2.8992000000000004e-04
  -1.0688784999999999e-02
  -1.8768300000000002e-02
  -1.9294749999999999e-02
  -1.1581399999999999e-02
  -1.9835999999999996e-04
  -1.3351449999999998e-03
  -1.0314940000000000e-02
  -8.5754300000000002e-03
  -4.5318600000000004e-03
  -6.6375699999999995e-04
   3.2882673999999998e-03
  -1.1756895000000000e-02
  -2.0370500000000000e-02
  -2.0797750000000000e-02
  -1.2039200000000000e-02
  -2.6855490000000002e-03
  -3.8299549999999999e-03
  -5.5389400000000000e-03
  -7.2250349999999994e-03
  -3.1356800000000001e-03
  -1.5335100000000001e-03
  -8.3312999999999998e-03
  -8.9950700000000008e-03
  -7.1334799999999993e-03
  -3.8146999999999996e-04
   2.3803725000000001e-03
  -8.1634500000000000e-04
  -2.3269649999999998e-03
  -4.8294050000000002e-03
   1.2969950000000000e-03
   7.9956100000000002e-03
   2.7313249999999997e-03
  -9.9258300000000001e-03
  -1.3771050000000000e-02
  -5.1422099999999995e-03
  -3.1204219999999999e-03
  -4.0588359999999997e-03
  -1.2985205000000000e-02
  -9.3307549999999996e-03
   7.8125050000000008e-03
   2.1263150000000001e-02
   2.0637500000000000e-02
   8.3617950000000000e-03
   4.0588385000000001e-03
   1.4785750000000000e-02
   1.9889799999999999e-02
   1.5792850000000001e-02
  -1.1673000000000000e-03
  -2.2277800000000000e-03
   4.7988900000000001e-03
   1.4823950000000001e-02
   1.2939475000000001e-02
   5.2718899999999996e-03
   2.0828250000000004e-03
   9.2468199999999993e-03
   1.6128549999999998e-02
   1.4335649999999998e-02
   6.3552799999999996e-03
  -2.2125249999999999e-03
  -3.5705549999999996e-03
   2.4108905999999999e-03
   9.7656200000000009e-03
   1.7028800000000000e-02
   1.5266395000000000e-02
   7.2784490000000002e-03
   1.8699649999999998e-02
   2.3300200000000000e-02
   1.6037005000000000e-02
   8.2015934999999998e-03
   7.3394900000000006e-03
   6.2026950000000003e-03
   1.0032649999999999e-02
   4.5623899999999995e-03
   5.7983500000000033e-04
  -6.4850000000000020e-04
   4.8599254999999999e-03
   1.8844600000000001e-03
  -7.5531000000000036e-04
  -1.2054420000000001e-02
  -1.2077330000000001e-02
  -3.1204225000000000e-03
   5.3787234999999999e-03
   3.5019150000000004e-03
  -9.0942300000000000e-03
  -3.3111550000000001e-03
   9.8495249999999996e-03
   2.2949200000000003e-02
   2.5405899999999999e-02
   1.7799349999999999e-02
   9.9487550000000001e-03
   1.4076250000000000e-02
   1.8028300000000001e-02
   1.6632100000000000e-02
  -2.8762600000000003e-03
  -6.8283149999999997e-03
  -8.4610250000000005e-03
  -1.5945449999999999e-03
  -2.7465499999999995e-04
  -9.5214639999999986e-03
  -1.2130720000000001e-02
  -9.3841799999999989e-03
   6.2560999999999997e-04
   4.8370399999999999e-03
  -4.4784550000000001e-03
  -1.2458810000000001e-02
  -1.2237570000000000e-02
  -1.0238645000000001e-02
  -9.6893000000000001e-04
  -4.8065179999999992e-03
  -7.8353999999999993e-03
  -1.0124205000000001e-02
   1.7395010000000001e-03
   6.8969699999999997e-03
   7.1411299999999999e-03
   5.4931499999999987e-04
  -4.9896265000000002e-03
  -3.3645615000000000e-03
  -2.5863624999999998e-03
  -4.7607400000000003e-03
  -1.5235900000000000e-02
  -1.6677850000000001e-02
  -8.6211999999999990e-03
  -1.8311000000000000e-04
  -7.2555736499999995e-03
  -2.3323049999999998e-02
  -2.6145900000000000e-02
  -2.2964449999999997e-02
  -1.7868050000000000e-02
  -1.7066950000000001e-02
  -3.0769350000000001e-02
  -2.8686550000000002e-02
  -1.3366700000000000e-02
  -3.7994369499999999e-03
  -1.2207049999999999e-03
  -1.5075685000000002e-02
  -1.9050600000000001e-02
  -1.8692050000000002e-02
  -6.6680899999999998e-03
  -2.1972649999999999e-03
  -1.3732915000000000e-02
  -1.9699100000000001e-02
  -2.1499650000000002e-02
  -1.5861500000000001e-02
  -5.0430440000000000e-03
  -9.7351299999999998e-03
  -1.5617400000000000e-02
  -1.6952500000000002e-02
  -1.9248950000000001e-02
  -1.6098050000000003e-02
  -1.8913250000000000e-02
  -1.7921449999999998e-02
  -2.0194999999999998e-02
  -1.0429384999999999e-02
  -5.0125140000000000e-03
   5.2947999999999997e-03
  -5.7220359999999998e-03
  -1.5502930000000002e-02
  -6.5994315000000000e-03
   4.7226000000000004e-03
   3.4179900000000001e-03
  -6.0195845000000003e-03
  -1.5869124999999998e-02
  -1.0620095000000000e-02
  -3.3493000000000004e-03
  -3.5095000000000000e-03
  -9.5748850000000000e-03
  -9.0179450000000012e-03
  -6.5384105000000003e-03
  -4.4021580000000006e-03
  -4.4097700000000004e-03
  -1.2809750000000000e-02
  -1.3374314999999999e-02
  -8.1558200000000011e-03
   1.6632100000000003e-03
   3.3264149999999997e-03
  -7.5912675999999998e-03
  -6.3781895000000000e-03
   2.9678349999999998e-03
   1.5151999999999999e-02
   1.2329120000000001e-02
   4.2342949999999999e-03
  -2.7313199999999998e-03
   1.4266949999999997e-03
   1.3298050000000000e-02
   1.6510000000000000e-02
   5.7983300000000000e-03
  -3.2043599999999998e-03
  -5.0353849999999999e-03
   4.2114259999999999e-03
   6.2256050000000004e-03
   1.6174300000000000e-03
  -4.6844550000000006e-03
  -6.4010550000000001e-03
   1.2054449999999999e-03
   2.1209700000000002e-03
  -5.7678350000000007e-03
  -8.3389469500000004e-03
  -9.6282799999999995e-03
  -6.4468149999999998e-03
  -3.8986349999999997e-03
   1.9531249999999996e-03
  -3.7536650000000002e-03
  -1.3580350000000001e-03
   1.2611399999999998e-02
   1.7257649999999999e-02
   1.9012450000000000e-02
   8.4152254999999999e-03
   4.2877185000000000e-03
   2.3040750000000000e-03
   6.4697495000000001e-03
   1.3488780000000001e-02
   5.6228499999999995e-03
   1.4572150000000000e-03
   6.6223200000000001e-03
   1.6685499999999999e-02
   1.9393899999999999e-02
   9.2621100000000005e-03
   4.6005420000000000e-03
   3.1585700000000003e-03
   1.0444645000000001e-02
   1.2176490000000000e-02
  -7.7972319999999994e-03
  -1.6143789999999998e-02
  -5.5389209999999996e-03
   7.9879949999999995e-03
   1.7890949999999999e-02
   1.5106205000000001e-02
   8.5296550000000006e-03
   3.6544780000000001e-03
   1.2649549999999999e-02
   1.3046245000000000e-02
   4.9896256000000003e-03
  -5.1803355000000001e-03
  -1.2123129999999999e-02
  -3.2272350000000002e-03
   4.0435804999999995e-03
   4.5471100000000000e-03
  -3.5324100000000006e-03
  -8.0337550000000001e-03
  -1.9912739999999999e-03
   4.0435999999999988e-04
   1.6021500000000001e-04
  -4.9972480000000001e-03
  -6.2789990000000004e-03
   1.4419550000000000e-03
   1.2283349999999997e-03
  -1.1138800000000003e-03
  -9.6130000000000000e-04
   2.0294200000000005e-03
   1.0803220000000001e-02
   1.3931249999999999e-02
   1.0581980000000000e-02
  -3.4561150000000001e-03
  -6.0653649999999996e-03
  -7.2555650000000003e-03
   3.5171529999999999e-03
   4.2190599999999993e-03
  -6.4697435000000006e-03
  -1.1344920000000000e-02
  -9.0942149999999992e-03
  -1.5260000000000013e-05
  -5.3863299999999999e-03
  -1.3275169999999999e-02
  -1.8966700000000000e-02
  -1.7890949999999999e-02
  -7.7896200000000006e-03
  -6.8969700000000005e-03
  -1.4396664999999999e-02
  -2.5268550000000001e-02
  -2.6824950000000000e-02
  -8.8195900000000004e-03
  -1.8463150000000003e-03
  -5.2947999999999997e-03
   4.5776500000000017e-04
   5.9967049999999997e-03
   5.9280460000000002e-03
   5.4245150000000004e-03
   8.0795499999999996e-03
  -9.0637100000000009e-03
  -1.7272950000000002e-02
  -6.2866199999999997e-03
  -4.4097899999999994e-03
  -8.6212100000000007e-03
  -1.2016275000000000e-02
  -1.3824454999999999e-02
  -1.2527460000000001e-02
  -3.2119549999999998e-03
  -2.2125000000000009e-04
  -6.3552899999999996e-03
  -2.8763050000000000e-03
   6.4773349999999999e-03
   3.2653800000000000e-03
   1.0604849999999995e-03
  -6.5994399999999998e-03
  -3.7307500000000006e-03
   2.4414049999999998e-03
   1.1650070000000000e-02
   1.4747630000000001e-02
   8.2473790000000009e-03
   4.3029899999999996e-03
   7.3242200000000002e-03
   1.0536179999999999e-02
   6.4086750000000000e-03
  -6.9122500000000000e-03
  -8.3465770000000009e-03
  -1.6250625000000001e-02
  -3.4484850000000003e-03
   1.4495999999999997e-04
  -2.2277849999999999e-03
  -7.3471010000000000e-03
  -5.9051449999999997e-03
   1.1718750000000000e-02
   1.9180300000000001e-02
   1.0482779000000001e-02
   1.7165899999999996e-03
  -7.9803239999999987e-03
   5.4474034999999997e-03
   1.4640830000000001e-02
   1.8684350000000002e-02
   1.5213035000000000e-02
   7.6064849999999996e-03
   1.2603779999999998e-02
   1.6975399999999998e-02
   5.3863560000000001e-03
   3.8146999999999964e-04
  -8.3465499999999995e-03
  -3.9673000000000009e-04
   4.8065499999999997e-04
   1.6021500000000001e-04
  -8.1329200000000001e-03
  -9.1628999999999999e-03
  -1.3732899999999997e-03
   5.2642950000000004e-03
   2.0675649999999999e-03
  -9.8724250000000006e-03
  -1.2985250000000000e-02
  -5.4855350000000006e-03
   2.6245150000000000e-03
   1.1444049999999998e-03
  -6.5231174999999999e-03
  -2.5634750000000000e-03
   4.4097924999999998e-03
   1.8386849999999998e-03
   2.4948100000000001e-03
  -3.9520450000000004e-03
  -9.5367600000000000e-03
  -4.1656499999999999e-03
   4.4250499999999972e-04
  -1.6021500000000001e-04
  -1.3427710000000001e-02
  -1.9370999999999999e-02
  -1.6036994999999998e-02
  -5.2413975000000007e-03
   2.3651000000000011e-04
  -1.0101320000000000e-02
  -1.5609740000000000e-02
  -1.3618445000000000e-02
  -3.6849959999999998e-03
  -1.2207000000000016e-04
  -8.4686350000000004e-03
  -1.9226099999999999e-02
  -2.7992250000000000e-02
  -1.7311099999999999e-02
  -3.4027085000000001e-03
   3.0670100000000002e-03
   1.8081699999999996e-03
   3.3874450000000002e-03
   1.0383614999999999e-02
   1.6319250000000000e-02
   1.2504564999999999e-02
   5.2643059999999998e-03
   2.8991700000000000e-03
   2.5177000000000003e-03
   5.2185299999999999e-03
   3.0517699999999997e-03
   2.3193350000000005e-03
   3.6621000000000049e-04
   3.5095500000000002e-04
   9.9334850000000006e-03
   1.1177085000000000e-02
   1.7395000000000002e-03
  -2.4414050000000002e-03
   1.1291500000000000e-03
   1.0231034999999999e-02
   4.1351299999999999e-03
  -6.8130680000000002e-03
  -5.5847394999999998e-03
   5.3405704999999999e-03
   1.4266955000000000e-02
   1.3236975000000000e-02
   8.2015999999999999e-03
   1.5255000000000043e-05
   5.8746500000000001e-04
   3.8604738000000000e-03
   3.0822749999999998e-03
  -5.7296600000000001e-03
  -1.0215759999999999e-02
  -7.8353850000000003e-03
  -2.6626565000000000e-03
   1.0169990000000000e-02
   2.9754650000000001e-03
  -8.7890675000000008e-03
  -5.1116793999999993e-03
   3.5858159999999999e-03
   5.4168610000000002e-03
   6.5002649999999999e-03
   1.2283350000000001e-03
  -1.3351449999999998e-03
   8.2702650000000006e-03
   1.0673540000000000e-02
   7.6523000000000008e-03
   3.7460300000000000e-03
  -3.9138799999999998e-03
  -8.0871600000000001e-04
   3.5934450000000002e-03
   1.2603750000000000e-02
   5.2795400000000001e-03
   3.9672850000000001e-03
   7.5302099999999990e-03
   1.1276250000000000e-02
   4.1732799999999997e-03
  -1.4373750000000001e-02
  -2.1652249999999998e-02
  -1.8562300000000000e-02
  -1.5365600000000000e-02
  -1.5762350000000001e-02
  -1.9310000000000001e-02
  -2.1591199999999998e-02
  -2.0324700000000001e-02
  -1.2084950000000001e-02
  -1.3076800000000000e-02
  -2.0385750000000001e-02
  -1.9370999999999999e-02
  -1.8745400000000002e-02
   1.8386839999999999e-03
   1.7929050000000000e-03
  -1.9989000000000001e-03
  -5.9509319999999999e-03
  -6.1645349999999996e-03
   3.6621050000000001e-03
  -7.4767999999999992e-04
  -5.6305145000000003e-03
  -1.3053900000000000e-02
  -1.1199970000000000e-02
   5.0888100000000000e-03
   7.9574549999999987e-03
   9.8800699999999995e-03
   9.7656000000000012e-04
  -1.4495845000000000e-03
  -4.5013449999999999e-04
  -4.5775000000000069e-05
  -2.4414050000000002e-03
  -7.1105950000000008e-03
  -1.3679500000000001e-02
  -1.1108400000000001e-02
  -4.3487700000000002e-04
   4.6920800000000004e-03
   1.5564000000000001e-03
  -2.0599500000000005e-04
   2.7313199999999998e-03
   1.2809750000000000e-02
   7.1487399999999998e-03
  -2.5939945000000002e-03
  -7.9803649999999997e-03
  -5.6533799999999995e-03
  -1.4648450000000002e-03
  -4.8141450000000006e-03
  -1.2374855000000001e-02
  -1.3374350000000000e-02
  -8.9187750000000003e-03
   2.1820060000000002e-03
   5.4016204999999999e-03
  -2.7008050000000001e-03
  -9.8266800000000008e-03
  -6.9427500000000010e-03
   8.0108400000000008e-04
  -8.3160000000000005e-04
  -8.6135750000000001e-03
  -1.1367820000000001e-02
  -4.0054315000000000e-03
   9.4985950000000003e-03
   1.4923110000000000e-02
   1.2367260000000000e-02
   2.9678349999999998e-03
  -6.2179785000000005e-03
  -2.5253300000000001e-03
  -2.6702899999999996e-03
  -1.0162335000000000e-02
  -1.7135600000000001e-02
  -1.5121500000000000e-02
  -6.1492800000000000e-03
   2.3498499999999997e-03
  -1.0757449999999999e-03
  -4.7149549999999998e-03
  -7.0037650000000003e-03
  -3.7689250000000002e-03
   6.7596449999999999e-03
   3.0822760000000001e-03
  -2.2888200000000004e-03
  -3.9596579999999996e-03
  -4.8217750000000004e-03
  -3.9672869999999999e-03
   1.6326900000000000e-03
   2.3574850000000003e-03
   6.3324149999999992e-03
   6.9427500000000001e-03
   7.7819600000000001e-03
   1.0780310000000000e-02
   4.6768350000000007e-03
   1.1444100000000000e-03
  -5.4168905000000003e-03
  -8.7738000000000009e-04
   1.7547999999999999e-04
  -6.0424799999999994e-03
  -1.3999919999999999e-02
  -1.3145430000000000e-02
   1.2359599999999999e-03
   1.0505700000000000e-02
   1.0795585000000000e-02
   2.7923800000000001e-03
   3.9367900000000008e-03
   1.0101305000000001e-02
   1.0116585000000001e-02
   2.9830850000000003e-03
  -1.2931840000000000e-02
  -1.2489294999999999e-02
   5.7449319999999995e-03
   9.3994200000000003e-03
   1.1436439999999999e-02
   2.4948100000000005e-03
   9.6893500000000020e-04
   1.1657710000000002e-02
   1.5533450000000001e-02
   5.9661949999999997e-03
  -3.8146750000000000e-03
  -8.6745950000000002e-03
  -6.2789754999999997e-03
  -1.0833750000000001e-03
   4.0054250000000000e-03
  -3.8909849999999996e-03
  -9.4299450000000003e-03
  -5.9508999999999994e-04
   5.4931650000000004e-03
   2.7847100000000001e-03
  -4.1503949999999994e-03
  -4.1809150000000003e-03
  -8.7738000000000009e-04
   1.3427750000000000e-03
   2.6855500000000001e-03
   3.4255900000000001e-03
   1.0032640000000001e-02
   1.0345435000000000e-02
   8.3999599999999997e-03
   1.1238095000000000e-02
   5.5694650000000000e-03
  -9.9182000000000003e-04
   2.8228749999999999e-03
   6.1722050000000001e-03
   6.8206550000000001e-03
  -2.3498349999999998e-03
  -3.9062599999999999e-03
  -1.9302400000000000e-03
   1.3862620000000001e-02
   1.6204855000000001e-02
   1.1093130000000000e-02
   5.4473895000000001e-03
   8.2550049999999993e-03
   3.6621085000000005e-03
   4.7683949999999999e-03
   4.6310400000000003e-03
  -2.6550449999999995e-03
  -6.9580100000000006e-03
   9.1705150000000006e-03
   1.6479500000000001e-02
   2.1186850000000000e-02
   9.7503800000000012e-03
   3.9673000000000009e-04
   8.4075899999999995e-03
   1.6525300000000000e-02
   1.8669149999999999e-02
   8.2626200000000000e-03
   2.2964449999999998e-03
  -2.3345950000000001e-03
   3.2730100000000002e-03
   2.8228500000000017e-04
  -1.2313830000000000e-02
  -1.7639179999999997e-02
  -1.7959599999999999e-02
  -9.4985899999999995e-03
  -7.3471149999999995e-03
  -1.9149799999999998e-02
  -1.9889850000000001e-02
  -1.5373200000000000e-02
  -1.2619015000000001e-02
  -9.9716299999999987e-03
  -1.0025005000000000e-02
  -8.6517104999999997e-03
  -4.4479400000000001e-03
   2.3879999999999999e-03
   1.6021999999999998e-04
   0.0000000000000000e+00
  -3.1814599999999997e-03
  -8.5373099999999993e-03
   1.6250599999999998e-03
   3.4332299999999998e-03
  -3.1738100000000000e-03
  -8.3618324999999993e-03
  -1.0124184999999999e-02
  -1.7394999999999999e-03
   5.4626645000000005e-03
   3.0975499999999997e-03
  -1.0482800000000000e-02
  -1.0337815000000000e-02
   4.0283189999999998e-03
   5.6076049999999999e-03
  -1.8310499999999981e-04
  -1.3015725000000001e-02
  -1.8936149999999999e-02
  -5.6381199999999999e-03
   5.2795400000000001e-03
   1.3526905000000001e-02
   1.0421759999999999e-02
   8.1176600000000005e-03
   9.2162900000000002e-03
   1.6265850000000002e-02
   2.2377000000000001e-02
   1.4755250000000001e-02
   1.3961800000000001e-03
  -8.8500999999999988e-04
   3.0822749999999998e-03
   2.7084350000000004e-03
  -5.6075949999999999e-03
  -6.7749200000000002e-03
  -3.4561150000000001e-03
   9.8800599999999995e-03
   5.9051685000000003e-03
  -5.2032300000000005e-03
  -9.9640050000000015e-03
  -3.8909699999999998e-04
  -1.3504050000000001e-03
  -4.1732749999999997e-03
  -5.2871649999999999e-03
  -8.3694549999999996e-03
  -3.7841799999999998e-03
   4.2648299999999998e-03
   2.8381249999999995e-03
  -5.2871550000000000e-03
  -6.4621000000000001e-03
  -5.2414150000000001e-03
   4.6997070000000000e-03
   6.2027150000000001e-03
  -7.7057000000000037e-04
  -5.5313250000000001e-03
  -7.5302300000000006e-03
   1.7547499999999959e-04
   1.0482765000000000e-02
   6.6528475000000005e-03
  -2.0447000000000000e-03
  -4.1656449999999999e-03
   2.6626599999999999e-03
   5.2871912000000002e-03
   4.9591250000000000e-03
  -4.2037950000000006e-03
  -9.6054250000000008e-03
  -3.2119749999999997e-03
   8.9187599999999995e-03
   1.7715450000000001e-02
   7.9803705999999999e-03
   1.5335050000000001e-03
   1.5792849999999997e-03
   1.0101295000000000e-02
   6.6146749999999995e-03
   2.3269549999999999e-03
  -5.9509500000000000e-03
  -7.2555449999999995e-03
  -2.2125249999999999e-03
   1.8997000000000003e-03
  -1.2893650000000002e-03
  -3.4713750000000005e-03
  -1.1398300000000000e-02
   2.6016249999999998e-03
   6.4239559999999998e-03
  -3.6315899999999996e-03
  -5.2719095000000006e-03
  -8.2702750000000005e-03
  -5.7144199999999996e-03
   4.7302000000000021e-04
  -1.1306780000000001e-02
  -1.1772154999999999e-02
   7.5530999999999992e-04
   1.9241350000000001e-02
   2.5543250000000000e-02
   1.8676735000000000e-02
   1.1688255000000000e-02
   6.5155206000000005e-03
   1.4938350000000000e-02
   1.5869149999999999e-02
  -1.8920899999999999e-03
  -8.3312799999999999e-03
  -1.1306750000000001e-02
  -1.6326900000000000e-03
   7.9345749999999993e-03
   6.9885299999999997e-03
   1.9760100000000003e-03
   1.0452250000000003e-03
   5.6457588000000001e-03
   1.2924205000000001e-02
   1.9279500000000001e-02
   1.0177610500000000e-02
   2.2659299999999998e-03
   3.0517499999999998e-04
   7.6217899999999998e-03
   1.5464805000000000e-02
   9.0637405000000004e-03
   1.0826120000000000e-02
   1.3679500000000001e-02
   1.4862050000000000e-02
   2.2216800000000002e-02
   1.5266399999999999e-02
   3.4332349999999998e-03
   9.9182000000000003e-04
   1.0818480000000000e-02
   1.3908405000000000e-02
   6.1340150000000013e-03
   6.7672499999999998e-03
   6.5002600000000008e-03
   2.5009150000000001e-02
   1.9927950000000000e-02
   4.9438399999999997e-03
  -2.7999800000000001e-03
  -6.0882793999999995e-03
  -9.6130499999999997e-04
   1.0223350000000001e-03
  -1.2573235000000000e-02
  -2.2964499999999999e-02
  -1.6624449999999999e-02
  -1.6426099999999999e-02
  -2.2865299999999998e-02
  -2.9357899999999999e-02
  -3.8345350000000000e-02
  -5.2581799999999998e-02
  -4.5921299999999998e-02
  -5.3245500000000001e-02
  -5.7640049999999998e-02
  -7.0587200000000003e-02
  -7.8971899999999998e-02
  -7.8865049999999992e-02
  -8.2893400000000006e-02
  -8.7127700000000002e-02
  -1.0184470000000000e-01
  -9.9532999999999996e-02
  -9.8350500000000007e-02
  -9.9761949999999988e-02
  -8.5525500000000004e-02
  -9.6962199999999998e-02
  -9.7725000000000006e-02
  -8.2786550000000000e-02
  -7.8300499999999995e-02
  -7.0594800000000013e-02
  -7.3745699999999997e-02
  -7.9956050000000001e-02
  -7.2410549999999990e-02
  -6.9915749999999999e-02
  -6.4018249999999999e-02
  -6.6978449999999995e-02
  -6.9519049999999999e-02
  -6.3903799999999997e-02
  -5.8029200000000003e-02
  -5.6068399999999997e-02
  -6.1721800000000000e-02
  -5.7960499999999998e-02
  -4.5890799999999995e-02
  -2.5634799999999999e-02
  -1.8188475000000003e-02
  -2.1766649999999998e-02
  -1.7662040000000000e-02
  -1.0711689999999999e-02
   1.2451199999999999e-02
   1.3320900000000000e-02
   1.0375999999999996e-03
  -4.4250400000000007e-03
  -5.8745999999999972e-04
   1.4457720000000000e-02
   6.6146599999999996e-03
   2.5634799999999999e-03
   9.3612650000000006e-03
   5.2337599999999996e-03
   1.2207049999999999e-02
   3.2180750000000001e-02
   2.4131750000000000e-02
   1.2794514999999999e-02
   1.4152540000000000e-02
   2.2605899999999998e-02
   2.7694700000000003e-02
   3.1806950000000001e-02
   2.0217900000000000e-02
   2.1904000000000000e-02
   1.5159605000000000e-02
   2.9380799999999999e-02
   4.2160000000000003e-02
   3.4988400000000003e-02
   3.1318650000000003e-02
   2.5238049999999998e-02
   3.1707750000000000e-02
   3.9444000000000000e-02
   2.5863649999999998e-02
   1.9683800000000001e-02
   2.4093600000000000e-02
   3.7605299999999994e-02
   4.7119149999999999e-02
   4.0802000000000005e-02
   3.3126849999999999e-02
   2.4780249999999997e-02
   3.4782400000000005e-02
   3.6926249999999994e-02
   3.7750249999999999e-02
   3.0296350000000000e-02
   2.2674550000000002e-02
   2.8839150000000001e-02
   2.3544300000000001e-02
   2.2109950000000000e-02
   1.8714929999999998e-02
   1.7242449999999999e-02
   2.4108850000000001e-02
   2.8572050000000002e-02
   2.7664149999999998e-02
   2.5146450000000001e-02
   2.5108350000000002e-02
   3.1715400000000005e-02
   4.5318600000000001e-02
   4.0756250000000001e-02
   1.8447854999999999e-02
   1.6578664999999999e-02
   2.0034799999999998e-02
   2.7977000000000002e-02
   2.5695800000000001e-02
   1.8333450000000001e-02
   2.0561250000000000e-02
   2.4986250000000002e-02
   3.5102849999999998e-02
   3.3920300000000000e-02
   2.2552500000000000e-02
   2.0050050000000000e-02
   2.1598800000000001e-02
   3.5331700000000001e-02
   4.2037950000000004e-02
   3.8299600000000003e-02
   2.7122500000000001e-02
   2.9861449999999998e-02
   3.5644499999999996e-02
   4.2564400000000002e-02
   2.9136650000000000e-02
   1.5327464999999998e-02
   1.4854450000000000e-02
   1.6929600000000000e-02
   1.9882199999999999e-02
   1.6983050000000000e-02
   1.1360180000000001e-02
  -2.2125249999999999e-03
   1.4297475000000000e-02
   2.1202100000000002e-02
   1.6716000000000002e-02
   7.0953449999999994e-03
   1.0200525000000000e-02
   1.9103999999999999e-02
   1.4671315000000001e-02
   6.8664420000000004e-03
   2.2277850000000004e-03
  -3.2119950000000000e-03
   8.1787200000000004e-03
   1.3999930000000001e-02
   8.2244849999999984e-03
   2.8533899999999995e-03
   1.8844600000000001e-03
   1.1505105000000000e-02
   1.7242449999999999e-02
   1.8249500000000002e-02
   2.0431500000000002e-02
   2.4566650000000002e-02
   2.7206400000000002e-02
   2.6359550000000002e-02
   2.7313199999999999e-02
   1.8127450000000000e-02
   1.8600450000000001e-02
   2.3612950000000001e-02
   2.9136650000000000e-02
   3.0906650000000001e-02
   2.4467499999999996e-02
   1.9172649999999999e-02
   1.9416849999999999e-02
   2.5772099999999999e-02
   2.4742150000000001e-02
   1.8615699999999999e-02
   8.5983350000000004e-03
   2.8762830000000003e-03
   1.4251699999999999e-02
   1.7540000000000000e-02
   1.2115460000000002e-02
   4.1198724999999999e-03
   1.0147100000000000e-03
   6.8359349999999996e-03
   1.3862599999999999e-02
   8.1787019999999995e-03
   7.0037820000000001e-03
   5.5847149999999996e-03
   9.5214700000000006e-03
   1.0223395000000000e-02
   6.6910004999999996e-03
   4.9972500000000000e-03
   4.6768179999999993e-03
   9.9105950000000012e-03
   1.8791200000000001e-02
   2.7244549999999999e-02
   1.6593950000000000e-02
   1.3366720000000000e-02
   1.8157949999999999e-02
   2.5032050000000000e-02
   1.9889850000000001e-02
   1.0704018000000001e-02
   3.7307899999999999e-03
   1.2931845000000001e-02
   1.4472944999999999e-02
   1.2115464999999999e-02
   6.9732650000000002e-03
  -6.2560999999999997e-04
  -1.0299700000000001e-03
   2.3651100000000001e-03
   5.3252949999999999e-03
  -2.0751949999999997e-03
  -6.6909850000000000e-03
  -6.5765349999999997e-03
  -3.5705550000000000e-03
   9.8419149999999997e-03
   4.1198500000000013e-04
  -6.9885049999999999e-03
  -5.0811950000000002e-03
  -7.3242000000000012e-04
   5.7449360000000000e-03
   1.1749300000000002e-03
  -3.1127900000000003e-03
  -1.1718730000000000e-02
   5.8822600000000003e-03
   8.0718749999999992e-03
   8.1634500000000009e-03
  -1.1367800000000002e-03
  -4.5318590000000001e-03
   2.5215149999999999e-02
   1.4953625000000002e-02
   8.2397549999999996e-03
   4.9819950000000003e-03
   4.2419249999999997e-03
   1.4724750000000000e-02
   7.9040299999999994e-03
   6.9656550000000003e-03
  -2.6016249999999998e-03
  -6.0577535000000005e-03
  -1.0940560000000000e-02
   2.5176999999999999e-03
   5.0201650000000000e-03
  -7.2936800000000003e-03
  -1.5449520000000000e-02
  -5.9280535000000006e-03
   6.8054199999999995e-03
   1.4343285000000001e-02
   1.2519840000000001e-02
   1.0513305000000001e-02
   6.3323949999999993e-03
   1.1947655000000000e-02
   1.7356900000000001e-02
   1.3412495000000000e-02
   1.8005149999999999e-03
   7.7896149999999997e-03
   1.1787414999999999e-02
   6.3323764999999995e-03
   5.6991350000000001e-03
   7.8811450000000009e-03
   4.0359500000000000e-03
   8.6135724999999996e-03
   1.3435355000000001e-02
   6.7520315000000001e-03
   1.8051149999999998e-02
   1.8913250000000000e-02
   2.2354150000000003e-02
   2.2621150000000000e-02
   2.2453350000000000e-02
   1.8051149999999998e-02
   1.7257649999999999e-02
   2.7175900000000003e-02
   2.8518650000000000e-02
   2.2895800000000001e-02
   1.5060450000000000e-02
   1.6349800000000001e-02
   1.7395000000000001e-02
   1.6220100000000001e-02
   1.4419565000000001e-02
   7.4615299999999992e-03
  -1.3275149999999998e-03
   3.2806375000000000e-03
   1.5083349999999999e-02
   1.1108405000000000e-02
  -4.9133249999999996e-03
  -4.6691874999999997e-03
   3.7078850000000002e-03
  -5.4931999999999984e-04
  -2.9983500000000003e-03
  -7.7666999999999996e-03
  -6.3171550000000005e-03
  -7.8659000000000003e-03
  -1.3275100000000001e-03
   7.6294000000000015e-04
  -1.0063150000000000e-02
  -1.0589589999999999e-02
  -5.1345799999999997e-03
   6.6070550000000006e-03
   1.1520370000000000e-02
   9.0255600000000002e-03
   1.4526350000000000e-02
   1.1001575000000000e-02
   1.2283340000000000e-02
   1.3694770000000000e-02
   2.5482400000000002e-03
  -2.5024550000000002e-03
  -3.5095349999999998e-03
   6.5765300000000006e-03
   1.1550915000000000e-02
   4.1046099999999999e-03
  -1.0452250000000003e-03
  -8.3618249999999998e-03
  -1.4038050000000002e-03
   3.5552950000000000e-03
   5.3482249999999999e-03
   3.0364999999999993e-03
   6.7139000000000001e-04
   6.1721799999999993e-03
   7.2784600000000005e-03
   1.1444099999999998e-03
  -1.2443565000000000e-02
  -1.3908350000000000e-02
  -7.0495649999999990e-03
  -3.2653825000000000e-03
  -2.4108899999999997e-03
  -1.0231040000000000e-02
  -1.7059299999999999e-02
  -1.1619565000000000e-02
   3.8146999999999986e-04
   3.6315940000000001e-03
  -1.4526380000000000e-02
  -1.8699649999999998e-02
  -2.9220600000000002e-03
   7.5149299999999995e-03
   1.3420090000000001e-02
   3.1051749999999999e-03
  -9.3841499999999974e-04
  -5.2108779999999995e-03
   7.5530900000000002e-03
   1.1528040000000000e-02
   3.8147000000000003e-03
  -5.6457499999999989e-04
  -7.2403049999999998e-03
  -2.1667500000000003e-03
   6.8665000000000306e-05
  -9.2620800000000007e-03
  -1.5075664999999999e-02
  -1.9798299999999998e-02
  -1.0116590000000000e-02
  -7.7438500000000000e-03
  -8.3770949999999993e-03
  -1.5823350000000000e-02
  -1.7318699999999999e-02
  -1.0353085000000000e-02
  -5.3482050000000000e-03
  -5.4779240000000003e-03
  -1.5022275000000000e-02
  -1.5373205000000001e-02
  -9.8113899999999997e-03
  -6.8512000000000000e-03
