   9.2925899999999999e-03
   1.1230455000000000e-02
   4.5318590000000001e-03
   2.4414050000000002e-03
  -2.4795700000000004e-03
   9.9944999999999982e-04
   8.2321099999999991e-03
   8.5525700000000007e-03
   7.4081499999999996e-03
   8.0184950000000005e-03
   1.3732899999999999e-02
   1.9149800000000002e-02
   1.7105100000000002e-02
   2.3056050000000002e-02
   1.4106754999999999e-02
   1.3763400000000002e-02
   9.2468399999999992e-03
   1.6395550000000002e-02
   8.1176579999999998e-03
   3.6010700000000001e-03
   1.2710545000000000e-02
   1.5274050000000001e-02
   9.1552900000000000e-03
   4.6691911999999997e-03
  -2.4261500000000002e-03
  -2.3956300000000002e-03
  -5.0353999999999980e-04
   6.5841700000000003e-03
   8.0871399999999996e-03
  -3.9673000000000009e-04
  -9.5215000000000004e-03
  -8.8806200000000005e-03
   4.4403099999999994e-03
   1.0078415000000000e-02
   9.4909499999999997e-03
   4.5776350000000000e-03
   2.6397700000000001e-03
   8.7509200000000006e-03
   9.4375850000000001e-03
   9.0789700000000004e-03
  -5.9508999999999994e-04
   2.0599500000000005e-04
   1.2130724999999999e-03
   4.5471179999999993e-03
   1.3046250000000002e-03
  -4.6310399999999995e-03
  -8.1252849999999995e-03
  -2.4032605000000001e-03
   6.7367450000000006e-03
   5.4397600000000001e-03
  -3.6163350000000005e-03
   2.0446794999999999e-03
   6.0882549999999999e-03
   5.1193250000000001e-03
   7.6289999999999691e-05
   2.7084350000000004e-03
   1.7852749999999998e-03
   1.5335049999999999e-02
   1.9256599999999999e-02
   1.2893700000000001e-02
   4.1274850000000002e-03
   4.9896215000000002e-03
   3.6392250000000003e-03
   4.7607399999999994e-03
   3.1280500000000020e-04
  -3.5247800000000004e-03
  -7.0876935000000005e-03
  -4.9057024999999994e-03
   8.2397499999999979e-04
   4.9209400000000004e-03
   3.0746650000000003e-03
   6.1797999999999974e-04
   7.6293999999999993e-04
   1.4953650000000000e-03
   4.6615570000000002e-03
  -6.6909700000000001e-03
  -1.0017420000000001e-02
  -1.5060399999999998e-02
  -4.7912600000000003e-03
   4.9743669499999997e-03
  -2.2890000000000237e-05
  -4.9285795000000004e-03
  -1.6334544999999999e-02
  -1.5792850000000001e-02
  -1.9752499999999999e-02
  -2.7809150000000001e-02
  -3.6071800000000001e-02
  -4.1038500000000006e-02
  -4.2419399999999996e-02
  -3.8871749999999997e-02
  -4.6134949999999994e-02
  -5.7044999999999998e-02
  -5.8990450000000000e-02
  -5.1307649999999996e-02
  -4.5845049999999998e-02
  -4.8057550000000004e-02
  -5.1925650000000004e-02
  -5.4046600000000000e-02
  -5.1536600000000002e-02
  -4.5684799999999998e-02
  -4.3327350000000001e-02
  -4.5211799999999996e-02
  -4.4746399999999999e-02
  -3.7223800000000001e-02
  -3.0166600000000002e-02
  -2.0126350000000001e-02
  -2.3094200000000002e-02
  -1.4427195000000000e-02
  -1.0650620000000001e-02
   3.6773700000000001e-03
   1.3488775000000000e-02
   6.1264250000000004e-03
   5.0125049999999996e-03
  -2.2888150000000005e-03
   2.0446750000000001e-03
   3.8146999999999999e-03
  -1.9378650000000000e-03
  -5.5694585000000000e-03
  -5.3405800000000002e-03
   7.7438250000000011e-03
   1.2222284999999999e-02
   6.8817300000000008e-03
   4.8675325000000005e-03
   6.2866249999999997e-03
   4.9896250000000001e-03
   1.2252790000000000e-02
   1.4846790000000000e-02
   1.3854959999999999e-02
   1.0635385000000001e-02
   1.6380300000000000e-02
   1.8981950000000001e-02
   1.3443009999999998e-02
   8.9187850000000003e-03
   1.1062600000000001e-02
   2.0217900000000000e-02
   2.5245650000000001e-02
   2.6870749999999999e-02
   2.2491450000000000e-02
   2.3841849999999998e-02
   3.0891450000000001e-02
   3.1944250000000000e-02
   3.4095800000000002e-02
   2.7954099999999999e-02
   2.4604799999999996e-02
   2.7008050000000002e-02
   2.6916500000000003e-02
   2.4963400000000004e-02
   1.4999385000000000e-02
   1.5113840000000000e-02
   1.9866950000000001e-02
   2.0690899999999998e-02
   2.3132300000000001e-02
   2.0095800000000000e-02
   1.9966100000000001e-02
   2.3117050000000000e-02
   2.7488699999999998e-02
   2.8213499999999999e-02
   1.9302400000000001e-02
   9.7885349999999993e-03
   7.1258400000000005e-03
   1.3069150000000000e-02
   1.8104550000000001e-02
   1.5960675000000001e-02
   1.1627185000000000e-02
   1.1131280000000000e-02
   1.9180300000000001e-02
   1.8272400000000001e-02
   1.8966649999999998e-02
   1.8081650000000001e-02
   1.4663720000000000e-02
   1.3946534999999999e-02
   2.4978649999999998e-02
   2.1972650000000000e-02
   2.1209749999999999e-02
   1.9241299999999999e-02
   2.1118200000000000e-02
   2.0233149999999998e-02
   1.7791750000000002e-02
   1.0086070000000001e-02
   7.5149400000000003e-03
   1.3137800000000000e-02
   1.0894790000000001e-02
   1.0902415000000000e-02
   1.2817400000000000e-03
   8.5449500000000004e-04
   3.8146999999999996e-04
   5.7830799999999995e-03
   1.2626650000000000e-02
   6.4163450000000004e-03
   5.0659180000000000e-03
   7.7133200000000001e-03
   1.1352544999999999e-02
   8.4533450000000010e-03
  -1.7013549999999999e-03
  -2.5100699999999997e-03
   7.0266800000000004e-03
   1.5907299999999999e-02
   1.6677850000000001e-02
   3.8375750000000002e-03
  -1.8997199999999999e-03
  -2.7465850000000002e-03
   1.1993415000000000e-02
   1.3160729999999999e-02
  -9.9185000000000115e-05
  -4.6768193999999997e-03
  -5.9509300000000001e-03
  -3.3111550000000005e-03
   5.8059669999999996e-03
   5.2947799999999998e-03
  -2.7465999999999992e-04
   1.2359649999999999e-03
   2.9525755000000000e-03
   7.7819600000000001e-03
   1.1199950000000000e-02
   6.4621150000000000e-03
   9.9945149999999990e-04
   4.6081500000000001e-03
   6.3018800000000002e-03
   8.5449150000000001e-03
   9.1171300000000011e-03
   2.8228749999999999e-03
   1.1871329999999999e-02
   9.2163250000000009e-03
   7.8506549999999998e-03
   1.7700150000000002e-03
  -3.1127950000000007e-03
  -1.8768349999999999e-03
   1.1215250000000000e-03
  -1.1520400000000000e-03
  -6.3857920000000004e-03
  -9.8266599999999992e-03
  -5.4244999999999996e-03
   2.8686499999999999e-03
   2.9144250000000000e-03
  -4.4326949999999995e-03
  -7.2097550000000000e-03
  -1.0368360000000000e-02
   1.4495840000000001e-03
   5.0353793999999997e-03
  -4.5547399999999998e-03
  -7.7743499999999993e-03
  -8.5754349999999993e-03
   4.4708250000000003e-03
   1.1154185000000000e-02
   7.8735100000000002e-03
   1.2565615000000000e-02
   4.8370125000000005e-03
   1.0543799999999999e-02
   1.3618455000000000e-02
   5.5084150000000000e-03
   4.1351299999999999e-03
   1.7547999999999999e-04
   7.3242500000000009e-04
   4.1809090000000000e-03
   5.1421899999999996e-03
   1.2435899999999997e-03
   3.6087024999999998e-03
   1.0452265000000001e-02
   6.3858206000000006e-03
   5.9661735000000006e-03
  -8.7738000000000009e-04
  -4.6386750000000001e-03
  -7.1716500000000008e-04
  -5.4473899999999999e-03
  -9.1552999999999990e-04
  -1.4953600000000003e-03
   3.2653809999999999e-03
   9.7885150000000011e-03
   1.1970504999999999e-02
   7.7819899999999999e-03
   2.0599500000000005e-04
   2.9907200000000001e-03
   3.1356835000000000e-03
   4.1198735000000002e-03
   5.4855550000000005e-03
   1.6174350000000000e-03
  -6.8206854999999997e-03
  -1.0925280000000001e-02
  -4.9743685000000004e-03
  -3.1890650000000000e-03
  -7.7972450000000004e-03
  -1.4945995000000000e-02
  -1.8791200000000001e-02
  -1.0749800000000000e-02
  -9.9563550000000001e-03
  -1.2939440000000000e-02
  -1.5846245000000002e-02
  -1.5365615000000001e-02
   3.0441299999999999e-03
   1.4610294999999999e-02
   1.9195549999999999e-02
   1.2176540000000000e-02
   3.7154900000000001e-03
   7.9803500000000006e-03
   7.9422119999999988e-03
   7.0953500000000072e-04
  -1.8005349999999998e-03
  -8.2016049999999990e-03
   1.5716549999999999e-03
  -4.8828000000000022e-04
   3.1433049999999999e-03
  -2.6473900000000003e-03
  -3.7002750000000003e-03
   1.8997200000000001e-03
   1.0444624999999999e-02
   8.2321024999999996e-03
  -2.8991999999999950e-04
  -2.3803749999999997e-03
   6.3400440000000004e-03
   6.5078960000000000e-03
  -2.2125499999999963e-04
  -4.2114450000000003e-03
  -2.9754999999999972e-04
   7.1182149999999998e-03
   1.6632100000000000e-02
   2.0935050000000000e-02
   1.8814049999999999e-02
   1.8379199999999998e-02
   1.7196650000000001e-02
   2.0736700000000000e-02
   1.8196100000000000e-02
   1.0498070000000000e-02
   4.2343099999999998e-03
   5.6152099999999998e-03
   7.0266964999999995e-03
   9.6283199999999992e-03
   4.8830000000000054e-04
  -3.3493200000000002e-03
  -3.7383849999999999e-03
   4.5775000000000069e-05
  -4.7683650000000001e-03
  -7.1258699999999994e-03
  -1.5945435000000001e-02
  -2.2308349999999998e-02
  -8.3694700000000004e-03
   3.7155050000000000e-03
   6.6986249999999997e-03
   4.9591150000000001e-03
   3.8986150000000002e-03
   1.1177090000000001e-02
   1.0528585000000000e-02
   6.5384150000000005e-03
   2.6168800000000002e-03
  -4.8370449999999999e-03
  -5.3939800000000005e-03
  -3.4332000000000026e-04
  -2.6397750000000005e-03
  -9.2163225000000005e-03
  -1.3275169999999999e-02
  -1.0513294999999999e-02
  -4.7683800000000000e-03
  -6.1187899999999998e-03
  -9.7046005000000005e-03
  -8.0871590000000000e-03
  -1.6021999999999998e-04
   1.3809200000000003e-03
   1.8997200000000001e-03
   1.0681150000000001e-03
   1.2764000000000001e-02
   1.8058800000000000e-02
   2.6596100000000001e-02
   2.6290899999999999e-02
   1.6510014999999999e-02
   1.4495829999999999e-02
   1.4762899999999999e-02
   9.6817150000000005e-03
   1.3198850000000002e-03
  -1.2817350000000000e-03
  -9.2163000000000002e-03
  -9.4222850000000007e-03
   1.9912700000000003e-03
   6.0195700000000001e-03
   2.1438700000000000e-03
  -5.6915099999999986e-03
  -4.6005349999999993e-03
   3.4027099999999998e-03
   6.1874349999999998e-03
   5.8059549999999998e-03
   1.1009215000000001e-02
   5.8364834999999997e-03
   1.0589585000000000e-02
   1.6052250000000001e-02
   1.8402099999999998e-02
   1.0894790000000001e-02
   1.0368350000000000e-02
   1.4518700000000001e-02
   1.6738900000000001e-02
   1.4175450000000001e-02
   4.7454825000000003e-03
   6.5917949999999993e-03
   9.0637099999999991e-03
   6.1416400000000003e-03
   1.8234250000000000e-03
  -1.0063164999999999e-02
  -1.0551450000000000e-02
  -4.7302499999999975e-04
   9.3459949999999993e-03
   5.0048799999999997e-03
   2.3422349999999998e-03
   6.6833400000000003e-03
   9.1400300000000004e-03
   1.0902419999999999e-02
   3.4942649999999999e-03
  -2.2430450000000004e-03
  -9.3841499999999974e-04
   2.9754499999999997e-03
   1.6662600000000000e-02
   1.5380850000000000e-02
   8.8043400000000008e-03
   1.2969999999999995e-03
  -1.3656599999999999e-03
  -3.7384044000000000e-03
  -1.2695295000000001e-02
  -2.2315999999999999e-02
  -3.0380249999999998e-02
  -2.6519800000000003e-02
  -1.6647350000000002e-02
  -6.4163264999999997e-03
  -1.0238640000000000e-02
  -1.2443549999999999e-02
  -1.2626660000000000e-02
  -8.3999850000000004e-03
  -4.2495850000000002e-03
   9.3841499999999974e-04
  -7.4005099999999999e-03
  -1.1756920000000001e-02
  -7.3242264999999994e-03
   4.3792650000000002e-03
   9.9487429999999995e-03
   7.8048550000000012e-03
   8.6746459999999994e-03
   9.9945050000000007e-03
   1.8173200000000000e-02
   1.5075700000000001e-02
   3.7154950000000001e-03
  -3.4103599999999999e-03
  -8.2321050000000000e-03
   8.7737999999999987e-04
   6.7596640000000003e-03
   7.9345495000000005e-03
   8.3389399999999995e-03
   1.6159099999999999e-02
   1.9103999999999999e-02
   2.3574850000000001e-02
   1.0482810000000000e-02
   6.5689299999999997e-03
   8.8500799999999998e-03
   1.7746000000000001e-02
   2.0027150000000001e-02
   9.7961199999999984e-03
   4.5318549999999996e-03
   8.7509299999999988e-03
   1.7181399999999999e-02
   1.4221205000000001e-02
   7.3699706000000002e-03
  -2.1057149999999998e-03
  -2.8991999999999993e-04
   9.5825000000000007e-03
   6.1569100000000007e-03
   1.4343299999999999e-03
  -4.9743449999999998e-03
  -6.2408400000000001e-03
  -9.1552999999999990e-04
  -1.0604849999999999e-03
  -1.2969999999999995e-04
  -2.3345900000000001e-03
  -3.5705599999999995e-03
   2.9830949999999998e-03
   9.0866300000000001e-03
   1.9912599999999999e-03
  -2.7847200000000001e-03
  -4.4250350000000008e-03
  -5.3482249999999999e-03
  -5.4397549999999992e-03
   2.1209700000000002e-03
  -5.8364950000000006e-03
  -1.3473530000000001e-02
  -1.1276230000000000e-02
  -7.1258400000000005e-03
  -3.0517549999999997e-03
  -7.3394999999999997e-03
  -9.7885349999999993e-03
  -1.1306755000000000e-02
  -1.1146570000000000e-02
  -1.3679495000000000e-02
  -1.7677300000000000e-02
  -1.9454969999999999e-02
  -1.7135600000000001e-02
  -6.3629050000000003e-03
  -4.3563849999999999e-03
  -1.0749800000000000e-02
  -9.8876799999999994e-03
  -1.0757470000000000e-02
  -2.2125199999999999e-03
   2.0294200000000001e-03
  -4.8446649999999997e-03
  -5.1956049999999998e-03
  -8.2397499999999979e-04
   1.0940550000000000e-02
   1.4183049999999999e-02
   1.3641350000000000e-02
   8.3541599999999994e-03
   5.8212400000000001e-03
   1.1505135000000000e-02
   1.3168350000000001e-02
   1.2115470000000000e-02
  -6.8664500000000005e-04
  -5.1879850000000000e-03
  -2.6931760000000003e-03
  -1.5260000000000013e-05
   1.8386850000000001e-03
  -9.7655999999999993e-03
  -1.1886615000000000e-02
  -4.3029769999999995e-03
  -1.8692050000000001e-03
  -7.0953499999999985e-04
  -4.7531050000000005e-03
  -7.8963994999999999e-03
  -4.4021599999999996e-03
  -8.6364500000000004e-03
  -5.0735594999999998e-03
  -6.4773699999999997e-03
  -5.3940050000000003e-03
  -2.5176999999999999e-03
   2.8305049999999997e-03
   3.0365000000000001e-03
  -7.0190500000000006e-04
  -1.0032655000000001e-02
  -8.0566600000000002e-03
   1.6784500000000002e-04
   1.0681000000000015e-04
  -8.3923490000000003e-03
  -1.2260425000000000e-02
  -4.8294200000000001e-03
   5.2871715000000000e-03
   6.7062440000000001e-03
   2.2964350000000003e-03
  -2.5329599999999999e-03
  -5.0048795000000000e-03
  -4.6005245000000005e-03
  -9.9334699999999998e-03
  -1.3519290000000000e-02
  -2.0835900000000001e-02
  -1.5251150000000000e-02
  -7.1258700000000003e-03
   1.6174350000000004e-03
  -4.2495549999999995e-03
  -1.0795605000000000e-02
  -9.0484599999999995e-03
  -4.4937114999999998e-03
  -2.5634799999999999e-03
  -3.5476600000000002e-03
  -1.5434290000000000e-02
  -1.8211399999999999e-02
  -1.5098565000000000e-02
  -1.1611945000000000e-02
  -1.0276784499999999e-02
  -1.7349250000000000e-02
  -1.7471340000000002e-02
  -1.1352540000000001e-02
  -6.1340394999999997e-03
   2.6397750000000000e-03
  -1.2931840000000000e-02
  -1.7677329999999998e-02
  -1.5029910000000000e-02
  -1.3671864999999998e-02
  -8.0795499999999996e-03
  -6.3705475000000004e-03
  -9.0942350000000009e-03
  -7.8430050000000001e-03
  -4.5852499999999999e-03
  -3.8681200000000005e-03
  -7.1868654999999995e-03
  -6.5765249999999997e-03
  -6.4697200000000000e-03
   4.4708244999999997e-03
   5.1422350000000002e-03
   3.4332500000000023e-04
  -2.7618399999999998e-03
  -2.2890000000000237e-05
   4.2800950000000003e-03
   3.6010599999999997e-03
  -3.0593750000000000e-03
  -5.7754349999999998e-03
  -6.6223350000000000e-03
  -1.0070800000000000e-03
   3.1127900000000003e-03
  -5.7982999999999993e-04
  -1.6975400000000002e-02
  -1.4923085000000001e-02
  -1.2206999999999973e-04
   2.5253300000000001e-03
   1.0848979999999999e-02
   8.4228410000000004e-03
   1.1543289999999999e-02
   1.8157949999999999e-02
   1.5518170000000000e-02
   1.3534560000000001e-02
   6.2027125000000006e-03
   6.5612999999999999e-04
  -3.0212400000000001e-03
   1.5182500000000001e-03
   2.6245099999999996e-03
  -2.8533800000000004e-03
  -3.8986250000000002e-03
  -1.6937250000000001e-03
   2.2277849999999995e-03
   4.4860949999999998e-03
   1.4495849999999998e-03
  -4.6310625000000006e-03
  -4.9743650000000006e-03
   2.0675636500000001e-03
   5.1345950000000005e-03
   9.5062199999999993e-03
   1.2062059999999999e-02
   1.1520370000000000e-02
   1.0284399999999999e-02
   8.4991500000000005e-03
   1.4953600000000003e-03
  -4.3106000000000004e-03
  -4.8599500000000000e-03
   5.0811789999999999e-03
   5.7754550000000005e-03
   6.8664999999999872e-05
  -1.5335050000000005e-03
   6.5612999999999999e-04
   4.3716435000000003e-03
   5.6381349999999998e-03
   4.1198725000000007e-03
  -3.6239400000000000e-03
  -4.4326805000000002e-03
   2.7771000000000002e-03
   3.6468489999999998e-03
   4.0969839999999997e-03
  -1.8768299999999999e-03
  -9.1552500000000002e-03
   7.6751600000000003e-03
   9.1323849999999998e-03
   1.1833215000000001e-02
   1.5670799999999999e-02
   1.0887164999999999e-02
   1.5419000000000000e-02
   1.5007005000000000e-02
   9.6130249999999990e-03
   1.1291500000000002e-03
  -4.8751825000000002e-03
  -1.2176525000000001e-02
  -5.1956155000000004e-03
  -3.1585699999999994e-03
  -2.4261599999999997e-03
   1.4495849999999998e-03
   4.7302300000000002e-03
   8.4915200000000007e-03
   4.7683650000000001e-03
  -3.1890800000000000e-03
  -5.6991400000000001e-03
  -8.9797899999999996e-03
  -4.9591100000000001e-03
  -4.3945329999999999e-03
  -7.2555650000000003e-03
  -6.0577315000000000e-03
  -4.4555675000000003e-03
   1.5411350000000001e-03
   3.3340437999999999e-03
  -5.4397650000000001e-03
  -8.8806179999999998e-03
  -9.8266450000000002e-03
   3.4713749999999996e-03
   1.2275705000000000e-02
   8.6822469499999999e-03
  -1.2970000000000000e-03
  -1.1825550000000001e-03
   2.8533949999999999e-03
   9.6435750000000015e-03
   4.4631749999999998e-03
  -3.7994300000000003e-03
  -1.2054449999999999e-03
   2.1362300000000002e-03
   3.9749154999999996e-03
  -1.5640250000000001e-03
  -1.2077335000000000e-02
  -1.5052770000000000e-02
  -1.2153615000000000e-02
  -2.9754599999999997e-03
   1.1520400000000004e-03
  -4.9667150000000000e-03
  -1.0833744999999999e-02
  -6.1492881999999994e-03
   2.8991499999999996e-04
  -1.9073500000000004e-04
  -2.5329550000000004e-03
  -3.8299750000000002e-03
  -3.5095250000000003e-03
  -1.6021499999999979e-04
   4.2648320000000005e-03
  -3.4332199999999998e-03
  -9.7274849999999993e-03
  -1.0223389999999999e-02
  -8.0566500000000003e-03
  -1.1047385000000000e-02
  -1.4755245000000000e-02
  -1.3717665000000000e-02
  -1.4976520000000000e-02
  -1.3015750000000000e-02
  -1.4915464999999999e-02
  -1.4678944999999999e-02
  -1.4839190000000000e-02
  -1.0185245000000001e-02
  -4.3716249999999996e-03
  -6.1569099999999998e-03
  -1.8463000000000004e-03
  -3.2806199999999997e-03
  -6.1035000000000082e-05
   7.3852750000000002e-03
   9.1705450000000004e-03
   1.0147100000000003e-03
  -9.8266520000000000e-03
  -9.0179535000000002e-03
  -9.0026999999999989e-04
   4.7073500000000008e-03
   5.3482050000000000e-03
   6.4085499999999920e-04
  -8.0871499999999978e-04
   3.8680849999999998e-03
   6.9503615000000001e-03
   8.1405564999999999e-03
   1.8157749999999999e-03
  -7.9574799999999994e-03
  -1.0589609999999999e-02
  -5.1040449999999998e-03
   2.0751949999999997e-03
   3.0365200000000005e-03
   3.3798250000000004e-03
  -3.3569500000000000e-04
   3.3722049999999996e-03
   2.6016150000000003e-03
  -2.9601850000000002e-03
  -5.1117100000000002e-03
   4.5774999999999635e-05
   5.6228500000000004e-03
   1.1161825000000000e-02
   8.1634565000000010e-03
   5.6152249999999997e-03
   4.3334749999999998e-03
   3.2806419999999998e-03
   2.6702899999999996e-03
   4.5013500000000038e-04
  -5.5389599999999999e-03
  -1.0765080000000000e-02
  -5.6381154999999997e-03
  -5.1345590000000003e-03
  -1.0368340000000000e-02
  -1.0543839999999999e-02
  -8.5067949999999993e-03
   2.5711049999999997e-03
   3.8986200000000002e-03
   5.6076249999999998e-03
   9.5367499999999975e-04
   2.0065299999999999e-03
   7.3852350000000004e-03
   8.5373150000000002e-03
   7.2097800000000007e-03
  -1.0833750000000001e-03
  -4.3716499999999995e-03
   2.7084344999999998e-03
   4.7912600000000003e-03
   4.1122455000000002e-03
  -2.7694700000000004e-03
  -7.2937100000000001e-03
  -5.8517499999999993e-03
  -1.4877300000000000e-03
  -4.3640149999999997e-03
  -7.0877309999999999e-03
  -1.0406515000000000e-02
  -7.8887899999999997e-03
   3.9672830000000003e-03
   1.1978160000000002e-02
   5.5923459999999998e-03
   3.0365000000000001e-03
  -1.7318700000000002e-03
   5.9356649999999997e-03
   6.1798100000000000e-03
  -1.8157949999999998e-03
  -5.2337600000000005e-03
  -1.4373790000000001e-02
  -1.3069174999999999e-02
  -1.2138349999999999e-02
  -1.2214665000000001e-02
  -1.4579780000000001e-02
  -1.8745450000000000e-02
  -1.4930724999999999e-02
  -1.0581995000000000e-02
  -1.1596675000000001e-02
  -1.6586295000000001e-02
  -1.5518205000000000e-02
  -1.0635400000000000e-02
  -1.5373200000000000e-02
  -1.4541630000000000e-02
  -1.2992845000000001e-02
  -9.9029599999999988e-03
  -2.1209699999999998e-03
  -3.0520000000000026e-05
  -8.8501000000000031e-04
  -3.9214949999999997e-03
  -4.5547480000000000e-03
   1.5716570000000000e-03
   3.6087020000000001e-03
   9.4604499999999996e-04
  -9.5825344999999999e-03
  -1.1642450000000000e-02
  -1.0299690000000000e-02
  -6.9732850000000001e-03
  -7.9803349999999999e-03
  -1.6448964999999999e-02
  -1.6181950000000001e-02
  -9.3460149999999992e-03
  -5.4016100000000003e-03
  -1.0879534999999999e-02
  -1.0612495000000000e-02
  -8.4457400000000002e-03
  -1.5884400000000000e-02
  -1.0490410000000000e-02
  -4.9896440000000005e-03
  -1.4953599999999998e-03
  -2.4032599999999999e-03
   3.5095000000000026e-04
   5.8746350000000004e-03
   9.9792500000000003e-03
   1.0025045000000000e-02
   1.9378650000000002e-03
  -8.6212000000000007e-04
   1.3275149999999998e-03
   1.0299700000000003e-03
  -7.7057054999999999e-03
  -1.6159040000000000e-02
  -1.4228805000000001e-02
   2.2125000000000009e-04
   8.0108500000000043e-04
  -2.6244899999999997e-03
  -1.3351399999999999e-03
  -1.7013549999999994e-03
   4.4403100000000003e-03
   9.4528099999999990e-03
   5.8593750000000000e-03
  -5.4168705000000004e-03
  -1.8463150000000001e-03
   6.5689100000000007e-03
   1.6601550000000000e-02
   1.8295300000000000e-02
   7.0343250000000001e-03
   1.9989050000000000e-03
   6.7139000000000001e-04
   6.7443750000000004e-03
   5.9585359999999995e-03
  -7.7361914999999996e-03
  -1.3511650000000000e-02
  -1.1161825000000000e-02
  -8.3160250000000012e-03
  -3.6926300000000001e-03
  -1.0162350000000001e-02
  -1.0314935000000001e-02
  -1.4160135000000001e-02
  -3.6315912000000001e-03
  -5.6457500000000010e-04
  -5.3253249999999997e-03
  -3.5400199999999996e-03
  -1.1276265000000001e-02
  -6.5460199999999996e-03
   4.8370369999999998e-03
   9.1858000000000009e-03
   1.4724735000000001e-02
   1.5724149999999999e-02
   2.1537800000000003e-02
   2.1141050000000002e-02
   1.9416799999999998e-02
   1.1383035000000000e-02
   4.1351100000000000e-03
   4.0130649999999997e-03
   4.1961749999999999e-03
   2.0675649999999999e-03
  -6.6833300000000003e-03
  -6.0882654999999996e-03
   3.2806500000000021e-04
   2.8152450000000001e-03
  -3.1356900000000000e-03
  -1.2092565000000001e-02
  -1.0986309999999999e-02
  -5.2642825000000001e-03
   3.1509400000000001e-03
   1.2817350000000000e-03
  -7.5302299999999997e-03
  -9.1095150000000003e-03
   1.1825600000000000e-03
   1.3824440000000000e-02
   1.7333950000000001e-02
   1.6799900000000000e-02
   1.5548699999999999e-02
   1.2451165000000000e-02
   1.3557415000000000e-02
   1.1795040000000000e-02
  -1.9836400000000005e-03
  -1.0093695000000000e-02
  -8.6364549999999995e-03
  -3.4942605000000001e-03
  -9.0026999999999989e-04
  -6.1721800000000002e-03
  -8.3694199999999989e-03
  -6.1950700000000004e-03
  -3.6163343999999998e-03
  -2.6931749999999999e-03
  -6.0959049999999996e-03
  -4.7378564999999992e-03
  -1.3885500000000001e-03
   1.9988999999999996e-03
   3.1127955000000000e-03
   6.7443845000000006e-03
   6.0806315000000001e-03
   7.8887799999999998e-03
   1.0742165000000000e-02
   1.3778710000000000e-02
   1.6548150000000001e-02
   1.1634815000000000e-02
   7.3547300000000003e-03
   8.1329550000000007e-03
   1.9454949999999998e-03
  -2.4642850000000001e-03
  -1.4320369999999999e-02
  -1.5052790000000000e-02
  -4.7607425000000007e-03
  -2.7770999999999998e-03
   8.6212000000000051e-04
  -4.8141550000000005e-03
  -4.9896230000000003e-03
  -5.9509499999999991e-04
   5.0811750000000003e-03
  -1.2817350000000000e-03
  -1.0025040000000001e-02
  -9.1781450000000004e-03
   7.3242000000000012e-04
   4.3334969499999997e-03
   1.1291514999999998e-02
   4.9667449999999998e-03
   8.0108999999999996e-04
   3.7002559999999999e-03
   1.1306765000000000e-02
   1.6067499999999998e-02
   4.6539200000000006e-03
  -2.3879999999999999e-03
  -5.1040649999999996e-03
   9.9182000000000003e-04
   2.7999850000000001e-03
   1.1978150000000001e-03
  -1.6860999999999998e-03
   3.7536634999999997e-03
   9.9410899999999996e-03
   1.1428850000000001e-02
   1.2237560000000000e-02
   9.2392199999999994e-03
   3.1204240000000001e-03
   8.1253050000000011e-03
   7.4005000000000034e-04
   6.4849790000000001e-03
   7.4920899999999999e-03
   7.8354099999999993e-03
   1.3221745000000000e-02
   8.0413650000000000e-03
   6.6223400000000000e-03
  -3.8147099999999998e-03
  -1.1825550000000005e-03
   3.7002576000000000e-03
   4.3334975999999997e-03
   9.0026799999999990e-03
   3.2806350000000001e-03
   1.2741099999999997e-03
   8.1786949999999997e-03
   6.8435750000000002e-03
   2.5634750000000000e-03
  -6.2561249999999995e-03
  -7.0114319999999997e-03
  -3.7307749999999995e-03
   9.7961200000000002e-03
   1.0383590000000000e-02
  -8.3924999999999885e-05
  -5.9127995000000004e-03
  -6.8893699999999997e-03
   3.9520240000000002e-03
   9.2391899999999996e-03
   3.5858199999999995e-03
  -3.0670150000000002e-03
  -6.1187509999999995e-03
  -2.6473999999999998e-03
   3.3798200000000004e-03
  -8.0948050000000001e-03
  -1.1138920000000000e-02
  -1.0208125000000000e-02
  -2.3498550000000001e-03
   3.2806500000000021e-04
  -2.7084199999999996e-03
  -4.3029749999999997e-03
  -8.6059450000000003e-03
  -3.9901750000000003e-03
  -1.3580300000000001e-03
  -4.3716249999999996e-03
  -8.5754600000000000e-03
  -7.9422199999999998e-03
   4.4250499999999972e-04
  -4.1961660000000003e-03
  -7.6294999999999662e-05
   2.2811900000000002e-03
   7.0343100000000002e-03
   1.1756905000000000e-02
   1.3076760000000000e-02
   9.3688799999999996e-03
   2.5100699999999997e-03
  -3.1967150000000001e-03
  -2.0828250000000000e-03
   3.7612899999999996e-03
   1.8234300000000004e-03
  -8.4915379999999999e-03
  -8.9950399999999993e-03
  -2.7313250000000006e-03
   2.3956289999999998e-03
  -6.3858100000000004e-03
  -1.5136699999999999e-02
  -1.5464760000000001e-02
  -7.6141149999999994e-03
   6.4850000000000020e-04
   6.8206589999999997e-03
   7.3241974999999999e-03
  -3.9367750000000000e-03
  -7.1792449999999999e-03
   2.3345950000000001e-03
   7.8811699999999998e-03
   1.9912699999999998e-03
   1.8234299999999998e-03
  -5.0354000000000024e-04
   6.9885299999999997e-03
   5.2947994999999999e-03
  -4.3487500000000037e-04
  -6.9732874999999996e-03
  -1.1573795000000000e-02
  -1.4419550000000000e-03
  -3.5781999999999997e-03
  -1.1444000000000037e-04
  -3.5248000000000002e-03
  -3.0517499999999998e-04
   1.1192344999999999e-02
   6.0729849999999995e-03
   1.5945450000000002e-03
  -4.2648449999999997e-03
  -2.9144250000000004e-03
   1.8539449999999999e-03
   2.2048949999999997e-03
  -7.4767999999999970e-04
   1.9760149999999998e-03
   2.8686450000000000e-03
   1.9836399999999996e-03
   2.9525749999999998e-03
   1.4038099999999997e-03
  -5.6152249999999997e-03
  -2.8610300000000001e-03
  -1.8005400000000000e-03
   1.2817350000000000e-03
   2.5787350000000004e-03
  -1.6098050000000002e-03
  -2.8305049999999997e-03
  -1.8920899999999999e-03
   1.1871339999999999e-02
   1.1215220000000000e-02
   2.6092450000000001e-03
  -1.2512050000000000e-03
  -3.7994200000000000e-03
   7.8201049999999991e-03
   1.3801580000000001e-02
   5.7067799999999998e-03
   1.4572150000000000e-03
  -1.6479499999999996e-03
   7.1258799999999994e-03
   1.1703485000000000e-02
   1.0414129999999999e-02
   2.8991999999999993e-04
   3.9825300000000006e-03
   1.3488775000000000e-02
   1.6464250000000000e-02
   1.1138910000000000e-02
   2.9067900000000002e-03
  -3.1967149999999997e-03
  -2.9983549999999999e-03
  -2.3269649999999998e-03
  -3.7994599999999997e-03
  -1.0375980000000000e-02
  -1.1352524999999999e-02
  -5.9662099999999996e-03
  -4.5013499999999994e-04
  -4.8675550000000008e-03
  -1.2130720000000001e-02
  -8.5143800000000002e-03
  -1.9531250000000004e-03
  -6.3400209999999995e-03
  -2.7465850000000002e-03
  -1.0513290000000000e-02
  -1.2496965000000001e-02
  -9.6817050000000005e-03
  -1.0528600000000001e-03
   3.5018900000000006e-03
   3.0441299999999995e-03
   8.4228350000000000e-03
   6.0348500000000005e-03
   1.1512729999999999e-02
   8.3770800000000003e-03
   2.5863900000000000e-03
   1.0147100000000003e-03
   7.2173964999999998e-03
   1.2245160000000000e-02
   1.7662049999999999e-02
   8.7356710000000004e-03
   3.8299349999999996e-03
  -1.3122550000000000e-03
   3.7536599999999998e-03
   6.5307600000000000e-03
   8.0337399999999993e-03
   4.4097750000000003e-03
  -1.9912749999999998e-03
   2.9067974999999998e-03
   4.4555674999999994e-03
   6.8817050000000001e-03
   7.0495649999999998e-03
  -1.6784500000000023e-04
   6.1874293999999996e-03
   9.4375600000000011e-03
   9.7884900000000004e-03
   2.7465649999999999e-03
  -5.2413749999999995e-03
  -4.0893575000000007e-03
   1.9073500000000004e-04
  -8.8501000000000031e-04
  -6.0577249999999999e-03
  -1.4114349999999999e-03
  -3.2653850000000000e-03
   4.5013400000000004e-03
   1.1901849999999999e-03
  -1.5945449999999999e-03
  -1.8158000000000000e-03
   1.2969999999999995e-04
   5.2948000000000005e-03
  -4.0130610000000001e-03
  -8.9874399999999993e-03
  -4.2419449999999996e-03
   4.3029785000000004e-03
   1.1566150000000001e-02
   1.2832600000000000e-02
   3.7994399999999998e-03
   4.0817000000000006e-03
   4.7301999999999978e-04
   8.1634499999999992e-03
   1.0696435000000001e-02
   4.0893569500000003e-03
  -4.8065000000000000e-04
  -7.8582499999999998e-04
   1.0299699999999998e-03
   9.5062350000000000e-03
   2.8839099999999999e-03
  -2.8915399999999997e-03
  -6.2942435000000003e-03
   2.5939999999999991e-04
   4.0359500000000000e-03
   6.1874400000000006e-03
   1.5945430000000001e-03
  -4.9362199999999998e-03
  -4.1427649999999996e-03
   2.9449440000000001e-03
   8.8348149999999993e-03
   6.9732900000000000e-03
   3.8909899999999996e-03
   8.2092199999999997e-03
   9.5596299999999995e-03
   7.8430199999999992e-03
   1.0681150000000001e-03
  -3.8146965000000004e-03
  -1.2435900000000001e-03
   6.1798100000000000e-03
   6.8435550000000003e-03
   1.9836500000000026e-04
   1.7929100000000002e-03
   5.4473849999999999e-03
   6.3705450000000000e-03
   5.3405500000000029e-04
  -3.9825599999999996e-03
  -4.5394880000000004e-03
   4.6539499999999974e-04
   9.4985900000000012e-03
   6.7444100000000002e-03
  -6.7291149999999999e-03
  -1.0604850000000001e-03
   6.6986149999999998e-03
   1.7517100000000001e-02
   1.8882750000000000e-02
   1.3374350000000000e-02
   5.2642914999999997e-03
   7.2784600000000005e-03
   2.0866400000000000e-02
   1.9210800000000000e-02
   1.6845699999999998e-02
   6.7825139999999999e-03
   4.1427599999999997e-03
   1.0795595000000000e-02
   1.4076254999999999e-02
   1.3061544999999999e-02
   6.5918050000000001e-03
   4.4326850000000004e-03
   7.0038050000000001e-03
   7.7666999999999996e-03
   6.3552649999999997e-03
   2.1743800000000001e-03
   9.2316000000000013e-04
   4.6691894999999995e-03
   1.1726355000000001e-02
   1.8173200000000000e-02
   1.5754700000000000e-02
   1.6250590000000002e-02
   1.5846249999999999e-02
   1.6181950000000001e-02
   1.8135050000000000e-02
   1.1604320000000000e-02
   7.8735400000000001e-03
   6.5917949999999993e-03
   7.4081449999999997e-03
   8.4686450000000003e-03
  -1.3351450000000003e-03
   1.2283300000000001e-03
   5.1727300000000004e-03
   7.6828199999999999e-03
   2.8686499999999999e-03
   6.8664500000000005e-04
  -4.6768199999999999e-03
  -1.8539429999999998e-03
   1.4801020000000001e-03
   3.6468500000000001e-03
  -1.3885480000000001e-03
  -6.3324000000000002e-03
  -6.7825300000000002e-03
   8.0795299999999997e-03
   1.0543805000000000e-02
   7.5683699999999996e-03
   2.9754624000000000e-03
  -1.5869129999999999e-03
   8.2931499999999991e-03
   9.5596449999999986e-03
   1.8920899999999999e-03
  -9.1552500000000002e-03
  -1.4282200000000002e-02
  -7.9803449999999998e-03
  -2.0065294999999997e-03
  -2.1972650000000003e-03
  -6.0653594999999999e-03
  -4.2724614999999997e-03
  -1.1062600000000000e-03
  -2.6550300000000001e-03
  -3.2730099999999998e-03
  -6.7520024999999997e-03
  -9.8571949999999992e-03
  -7.3623650000000001e-03
  -4.8522950000000004e-03
  -3.0746465000000001e-03
  -1.0856635000000000e-02
  -1.1611940000000001e-02
  -4.7760000000000007e-03
   2.2888200000000000e-03
   2.9602039999999997e-03
  -2.8686500000000004e-03
   1.8310500000000001e-03
   3.0975350000000002e-03
   6.0730000000000003e-03
   6.0424799999999994e-03
  -3.4942609999999998e-03
  -4.8065499999999997e-04
   3.0520000000000026e-05
   6.0195949999999991e-03
   7.4462850000000004e-03
   3.1127950000000002e-03
  -4.1427749999999996e-03
  -3.2501215000000001e-03
   2.6550281999999999e-03
  -1.0680999999999993e-04
  -1.1581440000000000e-02
  -1.5487675000000001e-02
  -1.1032129999999999e-02
  -2.6016199999999998e-03
   2.3422245000000001e-03
  -6.5613000000000021e-04
  -3.7002555000000001e-03
  -9.9182000000000003e-04
   3.9825450000000005e-03
   5.3405750000000002e-03
   2.7008040000000002e-03
  -9.0408550000000004e-03
  -1.3542164999999998e-02
  -5.1345800000000006e-03
  -5.8288599999999999e-03
  -9.2697150000000013e-03
  -1.0711689999999999e-02
  -3.9825464999999997e-03
  -2.0523090000000000e-03
  -3.7155150000000000e-03
  -2.9830955000000000e-03
  -4.0130599999999997e-03
  -6.4086500000000001e-04
   5.3634599999999996e-03
   7.5531000000000001e-03
   7.2479349999999996e-03
   1.1611920000000001e-02
   1.4205915000000000e-02
   1.4564549999999999e-02
   1.7105099999999998e-02
   2.1095250000000003e-02
   1.4221180000000000e-02
   1.6563405000000000e-02
   1.7066950000000001e-02
   2.4818449999999999e-02
   2.0927399999999999e-02
   1.1283870000000000e-02
   5.6228634999999994e-03
   1.7623900000000002e-03
   1.1260980000000000e-02
   1.7837550000000001e-02
   1.0536205000000000e-02
   8.4304800000000006e-03
   2.8152450000000001e-03
   6.1416800000000001e-03
   5.2490250000000000e-03
  -3.0059840000000002e-03
  -1.1772154999999999e-02
  -1.7440799999999999e-02
  -4.9057049999999998e-03
   2.9144250000000000e-03
   9.3994300000000003e-03
   6.8206550000000001e-03
   5.3863499999999998e-03
   1.3015700000000000e-02
   1.6494750000000002e-02
   1.3626079999999999e-02
   6.0958790000000002e-03
   2.6550300000000001e-03
   1.0986349999999999e-03
   3.1051630000000002e-03
   5.4626240000000001e-03
   4.5013499999999994e-04
   3.7384050000000002e-03
   6.0501100000000000e-03
   7.7743499999999993e-03
   9.3841500000000017e-04
  -1.7929199999999999e-03
  -6.7138500000000004e-04
  -1.0910000000000000e-03
   2.2811899999999998e-03
   2.5329595000000002e-03
   2.4566649999999998e-03
   5.3710949999999993e-03
   6.9274899999999997e-03
   9.4146700000000000e-03
   7.0648150000000003e-03
   3.8528445000000000e-03
   1.1520399999999998e-03
  -2.3727449999999999e-03
   2.5558500000000001e-03
  -4.2877200000000001e-03
  -6.7520250000000000e-03
  -9.6283150000000001e-03
  -6.1187749999999999e-03
   3.5705544999999998e-03
   7.7590999999999997e-03
   3.3493050000000003e-03
  -1.4953600000000003e-03
   7.7819999999999994e-04
   1.0391250000000001e-02
   3.7765514999999997e-03
   4.0359510000000003e-03
  -3.5095219999999997e-03
  -1.4968849999999999e-02
  -7.1105949999999999e-03
   4.5013000000000008e-04
   5.2871699999999999e-03
  -4.7683729999999994e-03
  -5.2642645000000000e-03
  -1.2206999999999995e-04
   6.4926150000000002e-03
   4.0893569500000003e-03
  -3.3721950000000006e-03
  -6.9656350000000004e-03
  -1.1291500000000002e-03
   4.3411235000000003e-03
   3.7536399999999999e-03
  -2.3422199999999999e-03
   6.1798100000000000e-03
   8.4915199999999989e-03
   1.5289300000000000e-02
   9.5977900000000001e-03
   4.5776500000000017e-04
  -1.2283350000000001e-03
  -5.8975199999999998e-03
  -9.1247599999999991e-03
  -1.7044050000000002e-02
  -2.1263100000000000e-02
  -1.4633190000000001e-02
  -1.4732350000000000e-02
  -6.2560793999999996e-03
  -1.3427749999999996e-03
   3.7612950000000000e-03
   3.9062400000000001e-03
   5.5465799999999997e-03
   8.1634650000000000e-03
   9.0484749999999985e-03
   2.8228500000000017e-04
  -7.6141490000000006e-03
  -1.2016295000000000e-02
  -5.0201400000000002e-03
  -2.7694680000000002e-03
  -6.1111439999999998e-03
  -1.4724700000000000e-02
  -1.7807000000000000e-02
  -1.1299139999999999e-02
  -8.1024400000000007e-03
  -9.4528349999999997e-03
  -1.5510599999999999e-02
  -2.1698000000000002e-02
  -8.4076050000000003e-03
  -4.5775000000000069e-05
   2.6321400000000003e-03
  -3.6163300000000001e-03
  -3.9978000000000001e-03
   2.4490349999999996e-03
   6.0272049999999999e-03
   7.1868835000000004e-03
  -2.9983499999999999e-03
  -7.7285679999999999e-03
  -7.7285990000000001e-03
  -5.7982999999999993e-04
  -1.5255000000000043e-05
  -7.3242374999999997e-03
  -7.7514500000000000e-03
  -1.1566145000000000e-02
  -6.9808900000000000e-03
  -4.1961659999999994e-03
  -1.0055520000000000e-02
  -1.0658249999999999e-02
  -1.2855510000000001e-02
  -3.0899049999999996e-03
  -3.8375875000000001e-03
  -5.2566699999999997e-03
  -3.2882699999999994e-03
  -6.4086999999999998e-04
   1.2413010000000000e-02
   1.4862054999999999e-02
   5.0430399999999995e-03
  -1.4724700000000000e-03
  -1.0604849999999999e-03
   5.7831000000000002e-03
   2.7465850000000002e-03
   2.8228800000000007e-03
  -6.1187534999999999e-03
  -7.6751850000000002e-03
  -4.0435810000000001e-03
   1.6860949999999999e-03
   2.1743750000000001e-03
  -6.1874550000000006e-03
  -8.0642700000000001e-03
  -7.1563750000000004e-03
  -1.5869150000000002e-03
   4.9667209999999995e-03
  -1.0490424999999999e-02
  -1.9859300000000000e-02
  -1.3740549999999999e-02
  -8.4075699999999996e-03
  -4.5929150000000004e-03
  -7.3318579999999993e-03
  -1.1596699999999998e-03
  -7.5912699999999998e-03
  -4.2724590000000002e-03
  -3.4637450000000003e-03
  -9.8114099999999996e-03
  -8.3236600000000001e-03
  -1.1489855000000000e-02
  -6.7825100000000003e-03
  -3.1585699999999999e-03
  -1.0513330000000000e-02
  -1.3465870000000001e-02
  -1.0353109999999999e-02
  -7.8506399999999990e-03
  -6.7749090000000000e-03
  -9.5214819999999995e-03
  -1.2748730000000000e-02
  -8.1710849999999998e-03
   3.7384000000000007e-04
  -3.6239599999999999e-03
  -7.1105834999999999e-03
  -3.3645649999999999e-03
  -2.7084329999999997e-03
   4.3716450000000004e-03
   3.7460319999999998e-03
   1.1749249999999998e-03
  -5.5007739999999999e-03
  -8.1634600000000009e-03
  -6.4620949999999993e-03
  -5.0201409999999997e-03
  -1.1474605000000001e-02
  -1.8730200000000002e-02
  -2.2232099999999998e-02
  -1.6448950000000000e-02
  -1.2596150000000000e-02
  -1.1337304999999999e-02
  -2.0469649999999999e-02
  -2.0591749999999999e-02
  -1.5991249999999999e-02
  -1.0162330000000001e-02
  -3.9672850000000001e-03
  -9.1399900000000006e-03
  -6.5231349999999994e-03
  -4.7073350000000000e-03
   4.8370349999999999e-03
   8.0032350000000009e-03
   2.8686549999999999e-03
   2.8610199999999997e-03
   1.5411349999999999e-03
   6.6680899999999998e-03
   1.3549800000000001e-02
   6.0424799999999994e-03
   1.7623920000000000e-03
   2.6779199999999999e-03
   6.4468399999999997e-03
   6.6452049999999995e-03
   1.8234260000000002e-03
   1.0299699999999998e-03
   8.1634500000000000e-04
   5.9509300000000001e-03
   8.6288449999999996e-03
   6.1187495000000003e-03
   4.2114259999999999e-03
   7.2479299999999997e-03
   1.2023905000000000e-02
   1.0284425000000000e-02
   4.6997050000000002e-03
   3.8146949999999999e-03
   3.7536614999999999e-03
   1.3229350000000001e-02
   2.0080550000000003e-02
   2.1461500000000001e-02
   1.8508900000000002e-02
   1.2451150000000001e-02
   1.3473499999999999e-02
   1.2359600000000000e-02
   1.5182500000000002e-02
   4.4631936499999999e-03
   7.1487299999999998e-03
   1.4785800000000000e-02
   1.4556899999999999e-02
   1.9050600000000001e-02
   1.7890900000000001e-02
   1.7227150000000000e-02
   1.3061520000000000e-02
   1.9668550000000000e-02
   1.5510550000000001e-02
   1.0246274999999999e-02
   4.8065186500000001e-03
   3.2119763500000000e-03
   7.1945050000000003e-03
   1.3381955000000001e-02
   1.5258799999999999e-02
   1.8844600000000000e-02
   9.4223150000000006e-03
   1.3595599999999999e-02
   1.2275705000000000e-02
   7.2784300000000007e-03
   5.5618239999999999e-03
  -1.2741100000000000e-03
   9.0027000000000000e-04
   2.9907215000000002e-03
   4.3792650000000002e-03
   7.0800899999999998e-03
   4.3182300000000002e-03
   8.8958549999999994e-03
   1.2214645000000000e-02
   9.2010600000000005e-03
   9.3841500000000017e-04
   1.4114350000000004e-03
   8.5296699999999996e-03
   1.2474074999999999e-02
   7.7209699999999997e-03
   3.5323899999999998e-03
   1.0787965000000000e-02
   1.6593950000000000e-02
   2.0935050000000000e-02
   6.6986099999999998e-03
  -2.6931749999999999e-03
  -1.1352520000000001e-02
  -9.4833350000000007e-03
  -2.5100700000000001e-03
  -4.3487499999999993e-04
   1.5716600000000003e-03
   9.1171350000000002e-03
   1.7829899999999999e-02
   2.1270750000000001e-02
   1.9645700000000002e-02
   9.1705085000000006e-03
   6.9961770000000001e-03
   1.8386800000000001e-03
   6.3629350000000001e-03
  -2.1133450000000000e-03
  -9.1018850000000005e-03
  -8.5220550000000006e-03
  -1.1528020000000000e-02
  -5.7678249999999999e-03
  -7.3242000000000012e-04
  -3.3111550000000005e-03
   6.3323999999999997e-04
  -7.0571699999999998e-03
  -1.8691999999999999e-03
  -3.7612925000000000e-03
  -6.0424874999999998e-03
  -1.0101305000000001e-02
  -1.0963435000000001e-02
  -7.0343049999999994e-03
  -2.6245150000000000e-03
  -4.2724625000000000e-03
  -1.2084950000000001e-02
  -1.1741640000000001e-02
  -4.7531150000000005e-03
  -3.5781879999999999e-03
  -8.4762750000000001e-03
  -1.5625000000000000e-02
  -1.0650629999999999e-02
  -3.0517570000000000e-03
  -5.3405849999999997e-04
  -8.1023950000000001e-03
  -1.8447850000000002e-02
  -1.8501250000000000e-02
  -6.0119600000000002e-03
   3.6468525000000001e-03
   4.9133300000000005e-03
  -2.1362300000000002e-03
  -4.4097700000000004e-03
   3.5552984999999999e-03
   9.5748949999999999e-03
   8.4381000000000005e-03
   3.4637299999999995e-03
   2.7618450000000006e-03
   2.6321405000000000e-03
   6.1721799999999993e-03
   1.1398335000000001e-02
   8.3160400000000002e-03
   9.3231000000000008e-03
   9.3841400000000009e-03
   1.3710020000000000e-02
   1.2733480000000000e-02
   3.0593800000000000e-03
   1.9912749999999998e-03
  -3.3569500000000022e-04
  -4.1275045000000003e-03
  -4.9438460000000000e-03
   3.8147000000000007e-04
   8.6669899999999994e-03
   1.1596695000000001e-02
   2.1614050000000003e-02
   2.5856000000000001e-02
   1.8112200000000002e-02
   1.3450604999999999e-02
   6.9350999999999996e-03
   8.4228299999999992e-03
   6.6452049999999995e-03
   2.2811900000000006e-03
  -3.5018900000000001e-03
  -2.2890000000000237e-05
   5.3329450000000004e-03
   5.9967049999999997e-03
   1.1672949999999998e-03
  -8.4915149999999998e-03
  -1.0345449999999999e-02
  -5.5465699999999998e-03
  -1.5716549999999999e-03
  -6.3858049999999996e-03
  -1.4884955000000002e-02
  -1.5769950000000001e-02
  -2.6168850000000002e-03
   1.0734545000000000e-02
   1.7837550000000001e-02
   1.3984655000000000e-02
   1.4228820000000000e-02
   1.3191205000000001e-02
   1.8478399999999999e-02
   2.0141599999999999e-02
   1.0490420000000000e-02
   6.6604699999999999e-03
   3.1509390000000002e-03
   8.6288649999999995e-03
   7.7819700000000009e-03
   9.3841500000000017e-04
  -2.4261499999999997e-03
  -9.0560999999999992e-03
  -3.3416749999999997e-03
  -4.8065160000000003e-03
  -1.2237544999999999e-02
  -1.0444634999999999e-02
  -5.9890750000000000e-03
   1.7700209999999999e-03
  -3.2882699999999998e-03
  -6.2484849999999998e-03
  -2.5482149999999999e-03
   4.0893550000000002e-03
   1.9912699999999998e-02
   1.8852200000000000e-02
   1.6525300000000000e-02
   1.3481155000000000e-02
   1.4266950000000000e-02
   1.6075150000000000e-02
   1.2680050000000000e-02
   1.3397210000000000e-02
   8.1558099999999994e-03
   5.5160549999999997e-03
   2.7465849999999997e-03
   4.5013450000000003e-03
   1.1367800000000000e-03
  -8.1634699999999991e-03
  -1.4060990000000001e-02
  -1.0093709999999999e-02
  -1.2084975000000000e-02
  -1.0353105000000000e-02
  -1.7105100000000002e-02
  -2.0660399999999999e-02
  -1.6189550000000000e-02
  -2.3727399999999999e-03
   4.0130599999999997e-03
  -4.9285900000000001e-03
  -8.0108899999999997e-03
  -5.5542000000000005e-03
  -4.1427599999999997e-03
  -4.7149675000000002e-03
  -1.0253920000000000e-02
  -1.6830450000000000e-02
  -1.4846800000000000e-02
  -5.2871645000000002e-03
  -3.8909899999999996e-03
  -8.9187850000000003e-03
  -5.3405599999999994e-03
  -4.4784750000000000e-03
  -1.9073500000000004e-04
  -1.5106199999999998e-03
  -4.1198999999999967e-04
  -2.6245299999999995e-03
  -1.6860950000000003e-03
   4.2724600000000005e-03
   3.1356850000000000e-03
   1.3351400000000003e-03
   1.5792850000000002e-03
   8.3084149999999996e-03
   2.3223849999999997e-02
   2.2361750000000000e-02
   2.4002099999999998e-02
   1.8608050000000001e-02
   1.3481150000000001e-02
   1.4152500000000000e-02
   1.0551470000000000e-02
   6.4315676000000002e-03
  -5.0506650000000002e-03
  -7.5683699999999996e-03
  -4.1885393999999999e-03
   4.3334949999999997e-03
   2.0065320000000001e-03
  -3.4484899999999994e-03
  -7.3165699999999997e-03
  -6.7977950000000006e-03
   3.8299540000000000e-03
   6.0043349999999995e-03
   4.5471150000000000e-03
   2.5711100000000006e-03
  -5.9509000000000016e-04
   5.9814450000000002e-03
   9.6130149999999991e-03
   5.7144114999999997e-03
   2.0217899999999999e-03
   1.2893650000000000e-03
   9.3917799999999989e-03
   1.3710050000000001e-02
   9.5062299999999992e-03
   6.6375799999999997e-03
   2.2277800000000000e-03
   7.4691649999999998e-03
   1.3816854999999999e-02
   1.2290970000000000e-02
   1.5182475000000001e-02
   9.2010414999999998e-03
   6.6299649999999998e-03
   9.6130500000000041e-04
  -5.2643000000000004e-03
  -6.2484649999999999e-03
  -8.9416749999999996e-03
  -9.7961500000000000e-03
  -1.0940544999999999e-02
  -1.5762350000000001e-02
  -1.4251685000000000e-02
  -6.8588400000000006e-03
   2.4566650000000002e-03
   1.2092614999999999e-02
   5.8822474999999999e-03
   6.8664500000000005e-04
  -2.3574849999999999e-03
   4.6615614999999996e-03
   9.3307500000000005e-03
   3.4255999999999996e-03
  -3.2653700000000001e-03
  -3.4942650000000003e-03
   3.7841814999999999e-03
   6.2789899999999999e-03
   1.4953600000000000e-03
  -5.5160299999999999e-03
  -1.4221205000000001e-02
  -1.2847915000000000e-02
  -6.4544700000000003e-03
  -4.8446640000000003e-03
  -1.0055535000000001e-02
  -7.2250225000000000e-03
  -1.2031540000000000e-02
  -9.3307699999999986e-03
  -1.0070800000000000e-03
   2.8992000000000037e-04
   6.1569255000000003e-03
   9.5672399999999994e-03
   1.5052800000000002e-02
   1.5449520000000000e-02
   1.3847330000000000e-02
   8.2778820000000003e-03
   6.5841885000000001e-03
   8.3999699999999997e-03
   6.2026855000000001e-03
   2.2659500000000005e-03
  -1.2969900000000005e-03
  -5.0354000000000024e-04
   6.9961400000000005e-03
   5.4397770000000007e-03
   4.0969830000000002e-03
  -2.7389549999999995e-03
  -6.5536564999999995e-03
  -3.0593900000000004e-03
  -3.8070680000000003e-03
  -9.1857899999999992e-03
  -1.7623899999999998e-02
  -8.3160600000000001e-03
  -1.7318750000000001e-03
   2.4642950000000000e-03
   2.8991700000000000e-03
   8.3923499999999981e-04
   9.0026999999999989e-04
   1.7089800000000001e-03
   3.9825449999999997e-03
  -2.2506699999999998e-03
  -1.5800485000000000e-02
  -1.3763444999999999e-02
  -1.2710595000000000e-02
  -2.8839099999999999e-03
  -8.8500999999999988e-04
  -6.8512099999999999e-03
  -3.1051449999999997e-03
  -1.9302400000000002e-03
   2.1820049999999999e-03
   1.0757450000000003e-03
   3.9672499999999968e-04
  -6.8664500000000048e-04
  -6.8893579999999999e-03
   3.8757349999999999e-03
   7.0343120000000000e-03
   9.1171249999999985e-03
   1.1909500000000000e-02
   1.0078440000000001e-02
   1.3847340000000000e-02
   1.5754705000000001e-02
   1.1680599999999999e-02
   7.3471229999999997e-03
   5.1421949999999996e-03
   4.2190550000000002e-03
   4.5471069999999999e-03
   1.2741100000000002e-03
  -2.9144300000000000e-03
  -7.9345499999999977e-04
   6.2561209999999999e-03
   6.5002381999999994e-03
   4.3335150000000005e-03
  -2.5176899999999999e-03
  -5.1574949999999998e-03
  -7.1716500000000008e-04
   7.3928800000000001e-03
   5.5618400000000002e-03
   8.5448999999999942e-04
   2.2277850000000004e-03
   1.0528569999999999e-02
   1.6777050000000002e-02
   1.7845150000000001e-02
   5.2185249999999999e-03
   2.2125249999999999e-03
   3.1356800000000001e-03
   9.2315599999999998e-03
   1.2504565000000000e-02
   7.3242385000000000e-03
   3.7918099999999996e-03
   2.2354099999999997e-03
   1.1474624999999999e-02
   1.6777050000000002e-02
   1.0711650000000000e-02
   1.0124214999999999e-02
   5.1269565000000000e-03
   8.3389050000000006e-03
   6.7977699999999999e-03
   7.8124949999999992e-03
   3.8146999999999999e-03
  -8.8806400000000004e-03
  -5.7220675000000006e-03
   1.6403200000000002e-03
   1.4038000000000002e-03
   5.0811900000000002e-03
   4.6539299999999997e-03
   9.2391799999999996e-03
   1.1322015000000001e-02
   7.1563964999999995e-03
  -2.4795550000000000e-03
  -8.8195949999999995e-03
  -7.0571849999999997e-03
  -1.0986340000000001e-02
  -1.2100200000000000e-02
  -1.1116005000000000e-02
  -5.5160740000000002e-03
   2.9983550000000003e-03
   2.7466000000000036e-04
  -7.6295000000000529e-05
  -3.7307799999999999e-03
  -8.6059799999999992e-03
  -6.0882654999999996e-03
  -1.9607549999999998e-03
  -5.7372800000000000e-03
  -1.0192855000000001e-02
  -7.1716450000000008e-03
  -1.5869100000000004e-03
   7.8582549999999998e-03
   1.0040265000000000e-02
   1.8157950000000003e-03
   4.3945149999999999e-03
   1.1215200000000000e-03
   6.9122350000000009e-03
   5.2490250000000000e-03
  -5.4779206000000000e-03
  -8.7509049999999998e-03
  -6.5002680000000000e-03
  -3.7231425000000002e-03
  -3.1051650000000000e-03
  -7.1182149999999998e-03
  -8.6136099999999990e-03
  -6.7444000000000002e-03
  -3.6163350000000000e-03
  -3.1738249999999995e-03
  -5.6609899999999994e-03
  -6.6757449999999994e-03
  -4.4784540000000006e-03
  -2.7008050000000001e-03
  -8.9035000000000000e-03
  -7.4997050000000006e-03
  -9.0865849999999995e-03
  -6.8588499999999997e-03
  -3.5400350000000000e-03
  -7.4691699999999998e-03
  -8.8882400000000004e-03
  -1.4167774999999999e-02
  -1.3740519999999999e-02
  -1.2336730000000001e-02
  -7.3318599999999999e-03
  -1.5640250000000001e-03
  -3.6468599999999996e-03
  -2.2887999999999988e-04
   3.4713650000000001e-03
   5.5923249999999996e-03
   1.5259000000000019e-04
  -5.0582700000000001e-03
  -9.1552855000000006e-03
  -3.7841700000000003e-03
   1.3198850000000002e-03
  -2.1438600000000000e-03
  -8.3999504999999995e-03
  -1.4152530000000000e-02
  -1.0025020000000001e-02
   4.8065299999999998e-03
   1.0704020000000000e-02
   4.0588450000000002e-03
  -4.8827999999999979e-04
  -3.4942649999999999e-03
   7.5530999999999992e-04
  -3.8680800000000003e-03
  -9.5977819999999991e-03
  -1.2840295000000000e-02
  -1.3244655000000001e-02
  -2.7160650000000001e-03
  -8.3922999999999984e-04
  -2.0370449999999999e-03
  -6.5231320000000001e-03
  -6.6756999999999997e-03
  -6.9427500000000027e-04
  -1.1825550000000001e-03
  -8.0261099999999995e-03
  -1.5106184999999999e-02
  -1.3786329999999999e-02
  -1.4228850000000001e-02
  -9.9715949999999998e-03
  -9.4222799999999999e-03
  -6.3171299999999998e-03
  -1.5411399999999999e-03
  -7.7056499999999997e-04
  -2.0446800000000001e-03
   1.6784649999999996e-03
  -6.5460000000000006e-03
  -2.2888150000000005e-03
  -3.8070699999999996e-03
  -2.2659300000000002e-03
  -2.8610250000000001e-03
  -9.0255550000000011e-03
  -1.4091500000000000e-02
  -9.0637150000000000e-03
  -5.7830800000000003e-03
  -7.6675349999999996e-03
  -1.4175395000000000e-02
  -1.2359630000000000e-02
  -9.1247524999999996e-03
   2.3117100000000002e-03
  -7.2631750000000002e-03
  -9.1781700000000011e-03
  -1.6578660000000002e-02
  -1.5785214999999998e-02
  -4.2801100000000002e-03
   4.0130749999999996e-03
   1.3275000000000006e-03
   5.4931499999999987e-04
   8.6211999999999964e-04
   7.7514465000000001e-03
   5.3787004999999999e-03
   1.3274999999999997e-03
  -6.7520350000000000e-03
  -7.7667293999999993e-03
  -7.0419200000000001e-03
  -9.5291100000000004e-03
  -1.1398330000000000e-02
  -2.1095249999999999e-02
  -3.1311000000000005e-02
  -3.0563350000000000e-02
  -3.8040199999999996e-02
  -4.7584500000000002e-02
  -5.6259199999999995e-02
  -6.1828599999999997e-02
  -6.9213899999999995e-02
  -7.8926099999999999e-02
  -8.3778400000000003e-02
  -9.3375949999999999e-02
  -8.6372350000000001e-02
  -8.3221450000000002e-02
  -8.3076499999999998e-02
  -9.0766899999999998e-02
  -9.4360450000000012e-02
  -8.9530899999999997e-02
  -9.6534700000000001e-02
  -8.7303149999999996e-02
  -8.9385949999999992e-02
  -9.1384950000000006e-02
  -8.9225799999999994e-02
  -8.4564200000000006e-02
  -7.5836199999999993e-02
  -6.8786600000000003e-02
  -7.0060750000000005e-02
  -6.3278200000000007e-02
  -5.3947450000000001e-02
  -4.4593849999999997e-02
  -5.2703849999999997e-02
  -5.3382849999999996e-02
  -4.7447200000000002e-02
  -5.0918599999999994e-02
  -3.6453250000000006e-02
  -3.6109950000000002e-02
  -3.7216200000000005e-02
  -4.0458700000000000e-02
  -2.4108900000000003e-02
  -7.3394599999999990e-03
   4.2724500000000058e-04
  -2.3345949999999996e-03
  -9.6893000000000023e-04
   3.0899044999999998e-03
   7.0495549999999999e-03
   9.7122300000000005e-03
   9.7656000000000010e-03
   6.1492949999999991e-03
   2.0263650000000001e-02
   1.6059879999999999e-02
   1.7181399999999999e-02
   2.1347049999999999e-02
   2.8861999999999999e-02
   1.2466420000000001e-02
   1.3359085000000000e-02
   1.7776469999999999e-02
   1.8737770000000001e-02
   2.8739899999999999e-02
   2.1720900000000001e-02
   1.9706700000000001e-02
   2.4391150000000000e-02
   2.1583550000000000e-02
   2.3345950000000001e-02
   2.2827150000000001e-02
   2.4131750000000000e-02
   3.7559499999999996e-02
   3.3866850000000004e-02
   2.7893050000000003e-02
   2.5886550000000001e-02
   2.9594450000000001e-02
   3.8444550000000001e-02
   3.3195500000000003e-02
   3.2028200000000000e-02
   3.9489750000000004e-02
   4.1229249999999995e-02
   4.1297899999999998e-02
   4.0420499999999998e-02
   2.8594950000000001e-02
   2.7221700000000001e-02
   2.8533950000000002e-02
   3.0937199999999998e-02
   2.8038000000000000e-02
   2.5260899999999999e-02
   1.4701865000000000e-02
   1.8783550000000000e-02
   3.1928999999999999e-02
   4.0084850000000005e-02
   3.8238550000000003e-02
   2.0477300000000000e-02
   2.4452200000000000e-02
   2.6794450000000001e-02
   3.0738850000000002e-02
   2.5787350000000001e-02
   2.0805400000000002e-02
   3.0242949999999998e-02
   3.3912650000000003e-02
   3.4469600000000003e-02
   3.1700149999999996e-02
   2.1804810000000001e-02
   2.4086000000000000e-02
   3.8459750000000001e-02
   4.5974750000000002e-02
   3.6346400000000001e-02
   2.7717550000000001e-02
   2.2521950000000002e-02
   2.5268550000000001e-02
   3.6781350000000004e-02
   4.5982350000000005e-02
   4.6478249999999999e-02
   5.4245000000000002e-02
   4.6501150000000005e-02
   5.2146949999999997e-02
   5.1689150000000003e-02
   4.6173100000000002e-02
   4.5272800000000002e-02
   4.3533349999999998e-02
   4.0237450000000001e-02
   4.2160050000000004e-02
   3.6613449999999999e-02
   3.1982400000000001e-02
   2.4841299999999997e-02
   3.3523600000000001e-02
   3.2257099999999997e-02
   3.4385699999999998e-02
   3.2653799999999997e-02
   2.9472350000000001e-02
   2.7923549999999998e-02
   2.8587349999999997e-02
   2.9014600000000002e-02
   2.4002050000000000e-02
   1.3481145000000000e-02
   1.6944849999999997e-02
   8.4304549999999999e-03
   8.9950469500000001e-03
   1.2237560000000001e-02
   1.4190659999999999e-02
   2.0614649999999998e-02
   2.0729049999999999e-02
   2.0370500000000000e-02
   1.3267525000000000e-02
   1.2634255000000000e-02
   1.7059350000000001e-02
   1.7372100000000001e-02
   2.1453850000000000e-02
   2.5093049999999999e-02
   2.1820100000000002e-02
   2.0980849999999999e-02
   2.6863100000000001e-02
   2.5672950000000000e-02
   2.3223849999999997e-02
   2.2285449999999998e-02
   2.5306700000000001e-02
   2.3757899999999998e-02
   2.2079450000000000e-02
   1.7089850000000000e-02
   7.4997149999999997e-03
   3.7078850000000002e-03
   6.1187749999999999e-03
  -4.0512100000000004e-03
  -4.4479150000000002e-03
  -8.0108465000000000e-03
  -6.1340164999999997e-03
   7.6294999999999662e-05
   6.9885263500000004e-03
   5.7602100000000000e-03
   6.7901699999999999e-03
   5.1727299999999995e-03
   3.6392199999999994e-03
   1.8844599999999997e-03
   2.0904549999999997e-03
  -2.7389500000000000e-03
  -2.5711049999999997e-03
   3.1509389999999997e-03
   4.5928749999999997e-03
  -6.0424850000000002e-03
  -8.0490040000000002e-03
  -5.9508999999999994e-04
   7.9955950000000012e-03
   9.0789949999999994e-03
   7.1334800000000002e-03
   5.2490249999999992e-03
   6.3934099999999995e-03
   8.3465500000000012e-03
   7.1792585000000006e-03
   3.6926100000000002e-03
  -1.4724700000000000e-03
  -3.1051449999999997e-03
  -5.0353799999999999e-03
  -2.0141599999999996e-03
  -3.5934199999999999e-03
  -9.8724504999999994e-03
  -1.1100750000000000e-02
  -8.4381149999999995e-03
  -1.7318699999999999e-03
  -1.2588550000000006e-03
   2.5177000000000012e-04
   8.3160500000000002e-04
  -6.7062494999999998e-03
  -1.4648450000000002e-03
  -1.3809199999999999e-03
  -3.6697200000000004e-03
  -6.4850000000000020e-04
  -9.2315499999999972e-04
  -3.5095000000000005e-04
  -5.6609975000000007e-03
  -7.9422199999999998e-03
  -7.1640118000000008e-03
  -3.7994360000000002e-03
   1.1672950000000001e-03
   3.6697399999999999e-03
   5.8212050000000003e-03
   8.7508949999999999e-03
   1.1322024999999999e-02
   1.2931800000000000e-02
   5.9814599999999992e-03
   7.4691940000000002e-03
   6.4926350000000001e-03
   4.3640149999999997e-03
   8.3618400000000006e-03
   6.2561000000000005e-03
   3.7307600000000001e-03
  -2.1820300000000002e-03
   1.1825550000000001e-03
   9.2925849999999990e-03
   1.0459895000000000e-02
   5.9280649999999997e-03
   1.5945450000000002e-03
   7.7209250000000000e-03
   7.8201550000000005e-03
   1.0726945000000000e-02
   1.6693119999999999e-02
   6.5994299999999999e-03
  -4.6233899999999998e-03
  -7.4997149999999997e-03
   4.7302000000000021e-04
  -1.2283300000000001e-03
  -8.4228639999999987e-03
  -4.9285950000000000e-03
  -2.2430449999999999e-03
   6.7138695000000005e-03
   8.0795199999999998e-03
   5.9051650000000004e-03
  -5.1117000000000003e-04
   7.1716499999999997e-04
   9.1705250000000006e-03
   9.7427450000000006e-03
   7.6293774999999994e-03
   3.2043700000000002e-03
   2.7542100000000000e-03
   1.2565600000000000e-02
   9.5824949999999999e-03
   1.1703504999999999e-02
   3.2577550000000002e-03
   2.8992000000000015e-04
  -1.1443999999999994e-04
  -5.4245200000000004e-03
  -1.0070649999999997e-03
   3.2806499999999978e-04
  -5.3940030500000003e-03
  -1.3885499999999997e-03
   4.3792699999999993e-03
   2.7007949999999998e-03
