  -3.3874520000000000e-03
  -1.0993949999999999e-02
  -2.9540999999999998e-02
  -4.0245049999999997e-02
  -2.3536649999999999e-02
  -9.7503499999999996e-03
  -1.2733450000000000e-02
  -2.8160100000000000e-02
  -3.2722450000000000e-02
  -1.9554149999999999e-02
  -8.7661950000000009e-03
  -1.3656604999999999e-02
  -2.5825500000000001e-02
  -2.5283800000000002e-02
  -1.0078449999999999e-02
   5.4245000000000005e-03
   1.9378600000000000e-03
  -7.6828249999999999e-03
  -1.8844600000000000e-02
  -1.5525799999999999e-02
   9.3078500000000005e-04
   1.3122600000000000e-03
  -1.3046269999999999e-02
  -2.3574850000000001e-02
  -9.4146750000000008e-03
   2.9838549999999998e-02
   2.1987900000000001e-02
  -2.2888200000000004e-03
  -1.9958500000000001e-02
  -1.5274050000000001e-02
   1.1146525000000001e-02
   2.3017849999999999e-02
   1.1291525000000000e-02
  -5.9280349999999999e-03
  -1.5121450000000002e-02
   1.0971075000000000e-02
   2.7961750000000000e-02
   2.5772099999999999e-02
   5.1269549999999999e-03
   4.1122450000000005e-03
   1.6296350000000001e-02
   2.7122500000000001e-02
   1.5769979999999999e-02
  -4.3182359999999996e-03
  -1.3664250000000001e-02
   2.8533924999999999e-03
   1.6571000000000002e-02
   1.0185264999999999e-02
  -5.9356799999999996e-03
  -1.4289850000000000e-02
   4.5242300000000006e-03
   2.0400999999999999e-02
   8.9263799999999994e-03
  -4.0130699999999997e-03
  -8.5983199999999996e-03
   1.8310549999999998e-03
   1.2023920000000000e-02
   6.1492999999999999e-03
   2.5177000000000012e-04
  -1.6098050000000000e-03
   1.2283310000000000e-03
   2.6069650000000000e-02
   3.3180200000000000e-02
   1.6067499999999998e-02
   2.2987350000000000e-02
   1.4007550000000001e-02
   2.5230400000000000e-02
   2.4902350000000000e-02
   8.9493000000000003e-03
   1.0986300000000000e-03
  -5.7067899999999998e-03
   2.9426600000000001e-02
   5.4389949999999999e-02
   3.5545350000000003e-02
   1.2092605000000001e-02
   5.6915206000000005e-03
   3.0090350000000002e-02
   2.4581900000000000e-02
   1.4884945000000000e-02
  -3.0517499999999998e-04
   7.0037850000000002e-03
   2.2453300000000002e-02
   3.7872299999999998e-02
   4.8011800000000000e-02
   8.9034849999999992e-03
   1.8692005000000001e-03
   1.0864245000000000e-02
   3.3004749999999999e-02
   3.0059799999999998e-02
   1.5838600000000001e-02
   2.2735600000000000e-03
   1.5350350000000000e-02
   2.8381350000000000e-02
   3.1501799999999996e-02
   9.6435649999999998e-03
  -1.8005382000000000e-03
   1.7349250000000000e-02
   2.3590050000000001e-02
   9.4451799999999992e-03
   2.2430400000000000e-03
  -5.4855349999999997e-03
   1.6769400000000000e-02
   2.8076150000000001e-02
   2.7198750000000001e-02
  -6.0424800000000002e-03
   4.7759999999999999e-03
   1.9599900000000000e-02
   2.7107199999999998e-02
   3.2486000000000001e-02
   1.1604315000000000e-02
  -5.2719100000000003e-03
   2.3345939999999997e-03
   6.3247735000000003e-03
  -3.9672850000000001e-03
  -2.1354700000000001e-02
  -3.7521349999999995e-02
  -4.3884300000000001e-02
  -2.1606449999999999e-02
  -7.9498199999999998e-03
  -2.1057150000000000e-02
  -3.9741550000000000e-02
  -4.1191100000000001e-02
  -1.9523600000000002e-02
  -7.7056649999999987e-03
  -1.8722530000000001e-02
  -3.2722450000000000e-02
  -4.4914250000000003e-02
  -2.7404749999999999e-02
  -1.1650110000000000e-02
  -5.0811769999999992e-03
  -2.1408099999999999e-02
  -2.8953550000000002e-02
  -1.9485450000000001e-02
  -4.8751595000000002e-03
  -1.0116555500000001e-02
  -2.9624949999999997e-02
  -4.3556249999999998e-02
  -2.5855999999999997e-02
  -7.8201199999999998e-03
  -9.8419150000000014e-03
  -2.9525750000000003e-02
  -3.5171500000000001e-02
  -2.6046800000000002e-02
  -1.6860949999999999e-03
  -1.6632100000000005e-03
  -1.0360734999999999e-02
  -2.5329600000000001e-02
  -2.4047850000000003e-02
  -1.9988800000000002e-03
   5.0430099999999988e-03
  -1.5525830000000001e-02
  -2.8846699999999999e-02
  -1.8852250000000001e-02
   7.3318649999999999e-03
   1.7906180000000001e-02
   5.7601750000000002e-03
  -8.9569000000000003e-03
  -1.3916049999999999e-02
   8.5830500000000001e-03
   2.0492549999999998e-02
   3.4561300000000004e-03
  -1.1100750000000000e-02
  -1.3626100000000000e-02
   7.0953600000000002e-03
   2.6428250000000000e-02
   1.5350345000000001e-02
  -1.0452250000000001e-03
  -1.6281150000000001e-02
   4.3487540000000007e-03
   2.2529600000000000e-02
   2.3361199999999999e-02
  -5.1879999999999982e-04
  -1.0986309999999999e-02
   7.6599100000000007e-03
   2.6107800000000000e-02
   2.2537250000000002e-02
   4.1961499999999992e-04
  -1.5640263500000002e-03
   1.6090400000000001e-02
   3.5003699999999999e-02
   2.7114849999999999e-02
   8.3312799999999999e-03
  -7.3242100000000003e-03
   5.1880000000000003e-04
   1.6365049999999999e-02
   1.9935599999999998e-02
  -2.7160650000000001e-03
  -1.4167799999999999e-02
  -3.4255950000000000e-03
   1.7440799999999999e-02
   2.9838550000000002e-02
   7.2021350000000001e-03
  -1.2786860000000001e-02
  -3.5934450000000002e-03
   8.9568949999999994e-03
   1.7692550000000001e-02
   7.3242000000000012e-04
  -1.9828749999999999e-02
  -1.3412460000000001e-02
   2.2163400000000000e-02
   4.6409600000000002e-02
   3.2959000000000002e-02
   1.7333985000000000e-02
   8.4610150000000005e-03
   2.7374249999999999e-02
   4.0115350000000001e-02
   2.1354699999999997e-02
   7.6294999999999662e-05
  -6.2027000000000002e-03
   1.1466970000000000e-02
   2.6931799999999999e-02
   3.0021650000000004e-02
   1.2016285000000000e-02
   4.8217800000000003e-03
   2.4353050000000001e-02
   4.1221599999999997e-02
   2.5550850000000000e-02
   4.2800849999999994e-03
  -4.1046140000000004e-03
   5.0964349999999999e-03
   2.0011899999999999e-02
   1.8005384999999999e-02
   7.5073035000000005e-03
  -2.1667485000000002e-03
   9.1552700000000001e-03
   2.0767200000000000e-02
   2.9540999999999998e-02
   1.0192860000000000e-02
  -4.0740949999999998e-03
  -4.9590900000000011e-04
   2.2003200000000001e-02
   2.6268050000000001e-02
   7.4844300000000002e-03
  -9.9792400000000003e-03
  -8.5220499999999998e-03
   1.4869700000000000e-02
   2.0133950000000001e-02
   1.3656600000000003e-03
  -1.1764520000000001e-02
  -1.0276805000000000e-02
   1.1405940000000000e-02
   1.9897449999999997e-02
   2.2048950000000001e-03
  -1.5861500000000001e-02
  -1.4923100000000000e-02
   8.3236500000000001e-03
   2.8472900000000002e-02
   2.3880050000000000e-02
  -3.3111549999999997e-03
  -1.4633199999999999e-02
   6.1035150000000003e-03
   1.4457720000000000e-02
   4.2648249999999999e-03
  -1.0253905000000001e-02
  -1.4709500000000000e-02
   7.0037850000000002e-03
   2.4063100000000000e-02
   1.5182495000000001e-02
  -1.3412465000000000e-02
  -1.5571600000000000e-02
  -4.8599250000000002e-03
   9.6740600000000000e-03
   1.9668600000000001e-02
   4.6615349999999996e-03
  -1.5205399999999999e-02
  -3.0212404999999999e-03
   1.7822250000000001e-02
   2.9930100000000001e-02
   1.7807000000000000e-02
   7.4310299999999999e-03
   1.9683850000000003e-02
   2.9327400000000000e-02
   3.8650500000000004e-02
   1.9584650000000002e-02
   1.3351425000000001e-03
   1.6632089999999999e-03
   1.4404284999999999e-02
   2.0340000000000000e-02
   9.9184999999999898e-05
  -8.3999850000000004e-03
  -5.3253179999999999e-03
   1.5510535000000001e-02
   2.8266949999999999e-02
   1.1116009999999999e-02
  -2.3727449999999999e-03
  -7.4462850000000004e-03
   8.5678000000000004e-03
   1.7646800000000001e-02
   1.1642470000000000e-02
  -1.1695885000000000e-02
  -1.7204250000000001e-02
   9.0332050000000007e-03
   2.8755199999999998e-02
   2.4032550000000000e-02
   2.2354100000000002e-03
  -4.3106065000000004e-03
   4.4174200000000000e-03
   1.3565080000000000e-02
   1.4495870000000001e-02
  -7.8582999999999952e-04
  -1.2733435000000000e-02
   2.8076160000000002e-03
   1.9645650000000001e-02
   1.9088750000000002e-02
   2.8457650000000001e-03
  -1.0055524999999999e-02
  -4.9591000000000001e-04
   2.1072400000000002e-02
   2.7412400000000003e-02
   1.1581404999999999e-02
   9.6130499999999997e-04
   4.6844469999999996e-03
   2.2102350000000000e-02
   2.7046199999999999e-02
   1.0147100000000003e-03
  -6.4239600000000003e-03
   5.2948000000000005e-03
   2.6855499999999997e-02
   3.1265250000000001e-02
   1.4572120000000001e-02
  -3.0899050000000004e-03
  -1.1703485000000000e-02
   1.0597209999999999e-02
   1.6677865000000000e-02
   5.7525594999999997e-03
  -1.5975950000000003e-02
  -2.5672899999999998e-02
  -4.3945299999999998e-03
   1.2603779999999998e-02
   1.0452250000000003e-03
  -2.3162799999999997e-02
  -3.0906650000000001e-02
  -8.5220550000000006e-03
   1.5510550000000000e-02
   1.5617384999999999e-02
  -1.3656606000000001e-03
  -3.4553500000000001e-02
  -1.0696410000000000e-02
   1.1253380000000000e-02
   5.1116749999999996e-03
  -1.1482249999999999e-02
  -2.1362300000000001e-02
  -6.8206650000000001e-03
   1.4068595000000000e-02
   1.4846800000000000e-02
  -6.4849800000000004e-03
  -2.2796650000000002e-02
  -1.5243500000000000e-02
   9.0866300000000001e-03
   1.5159585000000000e-02
  -5.7678464999999998e-03
  -1.8173200000000000e-02
  -1.2359599999999998e-02
   9.0636950000000001e-03
   1.1947645000000000e-02
  -7.8354099999999993e-03
  -1.9371050000000001e-02
  -1.5975949999999999e-02
   3.6468499999999997e-03
   1.0879530000000000e-02
  -9.3154800000000010e-03
  -2.2438050000000001e-02
  -1.9226100000000003e-02
   1.5792845000000000e-03
   1.1367779999999999e-02
   5.2718975000000000e-03
  -1.5892000000000000e-02
  -1.8188500000000000e-02
   4.0283204999999999e-03
   1.8455500000000000e-02
  -2.5940000000000034e-04
  -2.3536649999999999e-02
  -2.9174800000000001e-02
  -5.3024309999999998e-03
   1.5052784999999999e-02
   9.8877050000000001e-03
  -1.4495849999999999e-02
  -2.2369399999999998e-02
  -1.1466964999999999e-02
   5.8975000000000000e-03
   2.8152400000000001e-03
  -1.6487125000000002e-02
  -2.5398249999999997e-02
  -6.4239500000000003e-03
   1.4938379999999999e-02
   2.0011899999999999e-02
  -1.1749250000000001e-03
  -1.6510000000000000e-02
  -2.0446776000000002e-03
   1.6243000000000000e-02
   2.1560700000000002e-02
   9.4527999999999991e-03
  -1.0208140000000001e-02
   1.5182499999999999e-03
   1.8875150000000000e-02
   2.6870749999999999e-02
   3.8452350000000002e-03
  -8.7967050000000001e-03
  -2.0751949999999997e-03
   1.6586299999999998e-02
   2.2895800000000001e-02
   6.4086734999999999e-03
  -1.1451699999999999e-02
  -2.4566649999999998e-03
   1.7662050000000002e-02
   2.4833649999999999e-02
  -2.6626599999999999e-03
  -2.2727999999999998e-02
  -2.1530150000000001e-02
   4.7301999999999999e-04
   1.3870235000000002e-02
   5.4321500000000002e-03
  -9.4680950000000010e-03
  -1.1703485000000000e-02
   1.0421740000000001e-02
   1.5853860000000001e-02
   1.9302400000000002e-03
  -1.5586869999999999e-02
  -2.6504550000000002e-02
  -1.5388450000000000e-02
   5.9814244999999997e-03
   2.5253050000000003e-03
  -1.8348650000000001e-02
  -3.0448900000000001e-02
  -1.6754149999999999e-02
  -1.9073500000000004e-04
   1.5563999999999999e-03
  -2.0355200000000000e-02
  -3.7529000000000000e-02
  -1.6197200000000002e-02
   6.2331900000000004e-03
   1.2130749999999999e-02
  -5.7983240000000005e-03
  -1.6181950000000001e-02
   3.1127950000000002e-03
   1.8020649999999999e-02
   2.0263650000000001e-02
  -4.4021749999999995e-03
  -2.6962300000000002e-02
  -2.1759000000000001e-02
  -5.5847199999999996e-03
   4.6158040000000003e-03
  -1.3435355000000000e-02
  -1.9958450000000003e-02
  -2.3735050000000001e-02
   8.0490100000000005e-03
   1.1352520000000000e-02
   4.5775000000000069e-05
  -1.7517100000000001e-02
  -1.6418450000000001e-02
   6.1416650000000001e-03
   1.9195549999999999e-02
   9.9792450000000012e-03
  -4.5089700000000002e-03
  -6.5460199999999996e-03
   1.7898600000000001e-02
   2.6428199999999999e-02
   1.5777575000000002e-02
  -7.4004999999999991e-04
  -1.4167800000000001e-02
  -1.8234249999999998e-03
   1.8142700000000001e-02
   1.4884925000000000e-02
  -3.6621100000000001e-03
  -1.9142150000000000e-02
  -6.5383949999999998e-03
   1.4587400000000000e-02
   1.2214675000000001e-02
  -8.4228299999999992e-03
  -1.8402099999999998e-02
  -6.6528350000000002e-03
   1.0055555000000001e-02
   1.5350335000000000e-02
  -5.6457495000000000e-03
  -2.1049499999999999e-02
  -1.5876750000000002e-02
   4.3106099999999994e-03
   1.1283875000000001e-02
  -2.1743790000000002e-03
  -1.6159050000000001e-02
  -2.5940000000000002e-04
   1.8974299999999999e-02
   2.1392800000000000e-02
  -1.7700199999999998e-03
  -2.0950350000000000e-02
  -2.0820650000000000e-02
   4.6997070000000000e-03
   8.4152139999999990e-03
  -7.6293899999999998e-03
  -1.9370999999999999e-02
  -2.1278400000000003e-02
  -4.8065199999999999e-03
   5.5313170000000000e-03
  -7.8277450000000005e-03
  -2.6412999999999999e-02
  -3.1044000000000002e-02
  -7.4615500000000008e-03
   6.9732850000000001e-03
  -1.6326950000000004e-03
  -1.7082199999999999e-02
  -2.3574850000000001e-02
  -4.6310399999999995e-03
   1.2031534999999999e-02
   9.7808700000000005e-03
  -2.1797200000000003e-02
  -2.6817299999999999e-02
  -1.4007599999999999e-02
   1.2206999999999973e-04
  -4.6310450000000003e-03
  -2.5444049999999999e-02
  -2.8724649999999997e-02
  -1.3038649999999999e-02
   3.6849959999999994e-03
   7.4539354999999998e-03
  -1.0589589999999999e-02
  -1.7837499999999999e-02
  -8.3923350000000008e-03
   1.1154150000000000e-02
   1.4396664999999999e-02
  -3.8070654999999998e-03
  -2.1202050000000000e-02
  -1.9401550000000000e-02
   1.5792860000000001e-03
   1.3053905000000001e-02
   1.2054449999999999e-03
  -1.2184149999999999e-02
  -7.1792599999999998e-03
   1.5747100000000000e-02
   2.1827699999999998e-02
   7.1105850000000000e-03
  -1.4129650000000001e-02
  -1.6555750000000001e-02
   1.8386845000000001e-03
   2.1598800000000001e-02
   1.1466960000000000e-02
  -4.0054330000000001e-03
  -7.0190400000000007e-03
   1.0833730000000000e-02
   2.3010250000000003e-02
   1.1657700000000000e-02
  -1.1672970000000001e-02
  -1.6609199999999998e-02
   2.8991700000000000e-03
   2.2117600000000001e-02
   9.7732700000000006e-03
  -1.7333950000000001e-02
  -2.5863650000000002e-02
  -2.0370465000000000e-03
   2.1942150000000001e-02
   2.2857650000000000e-02
   8.3770500000000005e-03
  -1.3595600000000001e-02
  -6.2560999999999997e-04
   1.4785744999999999e-02
   1.0948174999999999e-02
  -1.7417929999999998e-02
  -3.1127949999999998e-02
  -2.3056050000000002e-02
   2.9754499999999997e-04
   1.0986335000000000e-02
  -5.3329440000000001e-03
  -2.3490900000000002e-02
  -1.6326899999999998e-02
   3.4561160000000000e-03
   8.3923450000000007e-03
  -1.2741084999999999e-02
  -3.1105000000000001e-02
  -3.0967700000000001e-02
  -1.2199395000000000e-02
   7.1258414999999997e-03
  -2.1362299999999998e-03
  -8.8577500000000010e-03
  -9.8953150000000000e-03
   1.0849020000000001e-02
   1.4015200000000000e-02
   2.9678250000000003e-03
  -2.0149250000000000e-02
  -3.0006449999999997e-02
  -6.1416650000000001e-03
   7.7819969499999999e-03
   4.0969750000000001e-03
  -1.5594500000000001e-02
  -1.9058249999999999e-02
   1.2741100000000000e-03
   1.1047365000000000e-02
  -1.2970000000000000e-03
  -2.3658749999999999e-02
  -2.9434200000000001e-02
   8.3923499999999981e-04
   2.9846199999999996e-02
   2.3857149999999997e-02
  -4.5779999999999606e-05
  -1.4183065000000000e-02
   3.7002545000000002e-03
   2.6763900000000000e-02
   2.6542650000000001e-02
   4.7149679999999999e-03
  -1.7501799999999998e-02
  -1.4900199999999999e-02
   4.3334955000000003e-03
   9.1857950000000001e-03
  -9.4985850000000004e-03
  -1.7845150000000001e-02
  -1.0581964999999999e-02
   1.2619005000000001e-02
   1.8577600000000000e-02
  -2.2964499999999998e-03
  -2.0965600000000001e-02
  -2.6702900000000002e-02
  -2.2735600000000000e-03
   1.3557435000000000e-02
  -1.7623900000000000e-03
  -1.3748200000000000e-02
  -1.3717650000000000e-02
   3.1814594999999999e-03
   7.5683709999999991e-03
   2.3346099999999996e-03
  -6.4620949999999993e-03
  -3.3874524999999997e-03
   1.5007000000000000e-02
   2.6489249999999999e-02
   2.5215149999999999e-02
   1.0604849999999999e-03
  -9.5672600000000010e-03
   2.5863650000000002e-03
   8.7051149999999994e-03
   4.8065000000000000e-04
  -2.1827699999999998e-02
  -2.6451099999999998e-02
  -5.2261360000000001e-03
   1.1009230000000000e-02
   1.2947084999999999e-02
  -1.7013549999999999e-03
  -3.7994390000000004e-03
   1.1291490000000001e-02
   2.8091450000000004e-02
   2.9891950000000000e-02
   8.2473800000000003e-03
  -1.2741050000000000e-02
  -5.5923450000000003e-03
   1.8951400000000000e-02
   2.7793900000000003e-02
   1.4457700000000000e-02
  -4.7760000000000007e-03
  -3.9062494999999998e-03
   1.8394500000000001e-02
   2.3117050000000000e-02
   2.2964449999999998e-03
  -1.2931800000000000e-02
  -1.2908900000000001e-02
   1.1154185000000000e-02
   1.7204299999999999e-02
   1.2359649999999999e-03
  -7.2250250000000004e-03
  -9.2315750000000005e-03
   9.6435500000000007e-03
   1.6548150000000001e-02
  -3.4027099999999998e-03
  -2.5329600000000001e-02
  -2.7671800000000000e-02
  -7.4844350000000002e-03
   1.9073500000000004e-04
  -6.5155200000000003e-03
  -1.4106754999999999e-02
  -1.6555750000000001e-02
   5.0277750000000000e-03
   1.8646250000000000e-02
   1.2275685000000000e-02
  -8.3999399999999998e-03
  -2.0324700000000001e-02
  -1.0421770000000000e-02
   3.6621000000000006e-04
   3.7994550000000002e-03
  -1.0116595000000001e-02
  -2.7053849999999997e-02
  -1.1711115000000001e-02
   1.3000490000000000e-02
   6.4468200000000007e-03
  -1.9798250000000000e-02
  -2.5253299999999999e-02
  -2.0248400000000000e-02
  -5.3405500000000029e-04
   5.8212150000000002e-03
  -1.6578650000000000e-02
  -3.4095749999999994e-02
  -2.1392800000000000e-02
   3.8833604999999999e-03
   1.6754149999999999e-02
   3.7994400000000003e-03
  -1.3427749999999999e-02
  -4.9362149999999999e-03
   2.3315450000000001e-02
   3.0311600000000001e-02
   1.1314380000000001e-02
  -6.8588249999999998e-03
  -9.6969750000000000e-03
   1.2054425000000001e-02
   1.7150900000000000e-02
   4.8828150000000004e-03
  -1.0589615000000000e-02
  -1.1703495000000001e-02
   5.4779049999999999e-03
   2.1270749999999998e-02
   9.9334850000000006e-03
  -8.5601600000000007e-03
  -1.2016300000000001e-02
   2.9144309999999999e-03
   1.3130175000000001e-02
   1.5258799999999994e-03
  -1.1032114999999999e-02
  -1.4434849999999999e-02
   1.1329650000000000e-02
   3.4751900000000002e-02
   3.3485450000000000e-02
   4.0207049999999994e-03
  -5.0048819999999996e-03
   2.8457650000000001e-03
   1.5457200000000001e-02
   1.3160679999999999e-02
  -8.3923149999999992e-03
  -2.4948149999999999e-02
  -1.3397200000000001e-02
   1.1253355000000000e-02
   1.6204855000000001e-02
  -7.1792799999999997e-03
  -2.5512699999999999e-02
  -1.7341599999999999e-02
  -1.3580349999999998e-03
   5.9280475000000003e-03
  -1.8562300000000000e-02
  -3.4751900000000002e-02
  -2.5947550000000000e-02
   1.3885499999999999e-03
   1.6815199999999999e-02
   2.7084349999999999e-03
  -1.3107325000000000e-02
  -1.4678950000000000e-02
   7.0190450000000007e-03
   1.3397225000000000e-02
   3.9291400000000002e-03
  -1.6189599999999998e-02
  -2.2842399999999999e-02
  -5.5008140000000006e-03
   6.0195900000000000e-03
  -8.5525650000000016e-03
  -3.0273450000000000e-02
  -3.8314799999999996e-02
  -1.5548700000000000e-02
  -9.9185000000000766e-05
  -9.2849675999999992e-03
  -2.7427649999999998e-02
  -3.1440750000000003e-02
  -1.1085525000000001e-02
   5.8441119999999994e-03
   1.4495650000000003e-03
  -1.5319849999999999e-02
  -1.6517649999999998e-02
   3.2501250000000004e-03
   2.6008600000000000e-02
   2.2087050000000000e-02
  -1.9073500000000004e-03
  -1.5655549999999997e-02
  -2.7008060000000000e-03
   1.1749259999999999e-02
   1.5151959999999999e-02
  -4.7836284999999996e-03
  -2.2125249999999999e-02
  -1.2359610000000000e-02
   1.0093700000000001e-02
   1.3298039999999999e-02
  -6.0653530500000006e-03
  -2.3834200000000000e-02
  -1.5861500000000001e-02
   9.1553000000000012e-04
   1.6387949999999998e-02
  -1.6021999999999998e-04
  -1.2168900000000000e-02
  -2.0256000000000000e-02
  -5.9661850000000006e-03
   8.4838989999999996e-03
  -2.1972850000000002e-03
  -1.6098050000000003e-02
  -1.5647849999999998e-02
   9.3765199999999993e-03
   2.0400999999999999e-02
   1.0665915000000000e-02
  -1.9454950000000002e-03
  -6.4010499999999993e-03
   9.7351149999999990e-03
   2.5451649999999999e-02
   9.9716300000000004e-03
  -9.8876800000000011e-03
  -2.1804799999999999e-02
  -6.7749000000000004e-03
   5.5618259999999997e-03
   1.7547500000000002e-04
  -1.8569950000000002e-02
  -2.4810800000000001e-02
  -1.1550925000000000e-02
   6.1035350000000002e-03
   4.6234250000000005e-03
  -2.3605349999999997e-02
  -2.4612450000000001e-02
  -6.8588299999999998e-03
   1.7288200000000000e-02
   2.1209699999999998e-02
  -5.9356495000000000e-03
  -2.1156299999999999e-02
  -1.4061000000000001e-02
  -4.6997100000000002e-03
  -3.0364950000000002e-03
  -2.3429849999999999e-02
  -3.5896299999999999e-02
  -2.5772099999999999e-02
  -2.6779199999999994e-03
   1.4152534999999999e-02
  -2.2506700000000002e-03
  -2.3689250000000002e-02
  -2.0523050000000001e-02
  -4.0435999999999988e-04
   1.3877870000000000e-02
   4.7302450000000001e-03
  -1.1795025000000001e-02
  -1.8066449999999998e-02
   2.4032610000000003e-03
   1.8859849999999997e-02
   1.1062625000000000e-02
  -2.7847300000000000e-03
  -6.9961549999999996e-03
   1.0818480000000000e-02
   2.0370449999999998e-02
   1.4038099999999997e-03
  -1.4312745000000000e-02
  -2.5825500000000001e-02
  -5.7983399999999999e-03
   1.3854950000000000e-02
   9.6359050000000002e-03
  -1.4350900000000000e-02
  -2.4230950000000001e-02
  -9.8495549999999994e-03
   8.4304749999999998e-03
   5.9661649999999998e-03
  -1.8249500000000002e-02
  -2.9083249999999998e-02
  -1.3473550000000001e-02
   6.5078699999999998e-03
   7.7209270000000007e-03
  -1.4862049999999998e-02
  -2.8839150000000001e-02
  -1.6555799999999999e-02
   9.6969450000000002e-03
   1.9065850000000002e-02
  -1.7242450000000001e-03
  -1.6181950000000001e-02
  -9.2620649999999999e-03
   8.8348200000000002e-03
   1.8859850000000001e-02
   4.6539290000000002e-03
  -1.1779800000000000e-02
  -1.5914899999999999e-02
   7.0266700000000005e-03
   2.0019550000000001e-02
   8.7203899999999997e-03
  -1.2725839999999999e-02
  -1.1032114999999999e-02
   6.5307600000000000e-03
   1.4587389999999999e-02
   7.0114200000000000e-03
  -1.5266399999999999e-02
  -2.1163950000000001e-02
  -5.8441299999999995e-03
   2.7160649999999997e-03
   7.8735465000000001e-03
  -2.9602044999999999e-03
  -8.6212300000000006e-03
   1.1238115000000000e-02
   2.1514900000000000e-02
   2.4642950000000000e-02
   4.8217799999999995e-03
  -9.5596250000000004e-03
   2.5405860000000001e-03
   1.9081100000000000e-02
   1.8478399999999999e-02
   1.5106200000000001e-03
  -1.8196100000000000e-02
  -6.3858049999999996e-03
   1.3427755000000000e-02
   1.5319830000000000e-02
  -5.3863735000000005e-03
  -2.1919250000000001e-02
  -1.3916049999999999e-02
   4.2114240000000001e-03
   1.0017399999999999e-02
  -8.5754200000000003e-03
  -2.6260400000000000e-02
  -1.3145449999999999e-02
   1.0459900000000001e-02
   1.0841360000000001e-02
   3.5095500000000002e-04
  -1.9294749999999999e-02
  -1.6387949999999998e-02
   4.6539349999999997e-03
   1.2931805000000001e-02
  -1.5182500000000005e-03
  -1.8348650000000001e-02
  -1.5647899999999999e-02
   1.6303999999999999e-02
   2.7214050000000000e-02
   1.8936149999999999e-02
  -3.2348609999999999e-03
  -1.2176500000000000e-02
   9.7503750000000004e-03
   2.2819500000000000e-02
   1.0948164999999999e-02
  -5.4397550000000001e-03
  -1.9493150000000001e-02
  -4.9056999999999998e-03
   1.2420655000000001e-02
   1.2145975000000000e-02
   4.7988909999999996e-03
  -1.6479490000000001e-03
   1.0108974999999999e-02
   2.7564999999999999e-02
   2.5772099999999999e-02
   3.7460309999999999e-03
  -1.2069715000000000e-02
  -3.0212385000000000e-03
   1.1871355000000000e-02
   1.5228280000000000e-02
  -3.0975550000000001e-03
  -1.7913850000000002e-02
  -5.4016150000000002e-03
   1.2329099999999999e-02
   1.7494200000000001e-02
   3.3569500000000000e-04
  -1.4305100000000001e-02
  -1.2245200000000001e-02
   2.0828250000000000e-03
   1.3984669999999999e-02
  -1.5029900000000001e-03
  -1.6754149999999999e-02
  -8.6517299999999998e-03
   1.2657200000000000e-02
   2.4353050000000001e-02
   1.5136730000000001e-02
   1.5716549999999999e-03
   1.9836500000000004e-04
   1.4221194999999999e-02
   2.9312150000000002e-02
   1.5380840000000000e-02
  -8.5144250000000008e-03
  -1.8997199999999999e-02
  -2.2811850000000002e-03
   1.4038065000000001e-02
   1.0238640000000000e-02
  -1.4862080000000000e-02
  -2.1965050000000000e-02
  -5.8212299999999993e-03
   1.0177624999999999e-02
   4.4250650000000006e-03
  -1.8493650000000000e-02
  -2.6306150000000000e-02
  -1.0589600000000001e-02
   5.4016359999999996e-03
   9.7579699999999995e-03
  -2.1438600000000000e-03
  -1.2771599999999999e-02
   2.7694700000000000e-03
   1.9401550000000000e-02
   2.1850599999999998e-02
   4.1961499999999992e-04
  -9.9639800000000008e-03
   2.9220550000000002e-03
   1.4755225000000000e-02
   1.9691449999999999e-02
   3.3035249999999999e-03
  -7.7743750000000000e-03
   1.1367800000000000e-03
   1.7417900000000000e-02
   2.6557899999999999e-02
   6.1569164999999999e-03
  -1.2252800000000001e-02
  -1.6220050000000000e-02
   8.2092450000000004e-03
   2.4932900000000001e-02
   1.1955239999999999e-02
  -1.0246294999999999e-02
  -1.5754680000000000e-02
   1.6708350000000000e-02
   3.8375900000000004e-02
   3.0738849999999998e-02
   1.5655494999999998e-02
   1.0025035000000000e-02
   1.3526925000000000e-02
   2.2522000000000000e-02
   9.7656199999999992e-03
  -9.9410799999999997e-03
  -2.5047300000000002e-02
  -9.3612450000000007e-03
   7.8353950000000002e-03
   1.2893700000000002e-03
  -1.6525300000000000e-02
  -2.7748099999999998e-02
  -9.8571900000000000e-03
   7.4539149999999993e-03
   6.1950564999999997e-03
  -1.1192315000000000e-02
  -2.5939950000000000e-02
  -1.8577600000000000e-02
  -2.6092550000000000e-03
  -6.8664500000000005e-04
  -1.2702950000000001e-02
  -1.8608099999999999e-02
  -1.3885500000000001e-03
   1.3359099999999999e-02
   7.8735249999999993e-03
  -1.4221185000000001e-02
  -2.5711049999999999e-02
  -2.3872350000000001e-02
  -5.0048825000000002e-03
   1.5792850000000002e-03
  -1.3702390000000000e-02
  -2.3574850000000001e-02
  -1.9966150000000002e-02
   4.0740949999999998e-03
   1.6677850000000001e-02
  -2.3269649999999998e-03
  -2.5482150000000002e-02
  -2.5299099999999998e-02
  -3.4484860000000002e-03
   7.4997149999999997e-03
  -6.8207030499999998e-03
  -2.7183550000000001e-02
  -3.5896299999999999e-02
  -1.4717100000000000e-02
   9.8953449999999998e-03
   4.6310275000000000e-03
  -1.1169425000000000e-02
  -2.5123599999999999e-02
  -6.4926150000000002e-03
   1.1718730000000000e-02
   8.9111299999999997e-03
  -1.4373790000000001e-02
  -2.7984599999999998e-02
  -1.5502950000000000e-02
   2.1362285000000002e-03
   1.0299699999999998e-03
  -2.5413550000000000e-02
  -4.1748050000000002e-02
  -2.3689250000000002e-02
  -2.0065299999999999e-03
   2.6473999999999994e-03
  -1.6479500000000001e-02
  -2.8350799999999999e-02
  -2.0355249999999998e-02
  -5.9280349999999999e-03
  -3.0136150000000003e-03
  -2.2102400000000001e-02
  -2.9747000000000003e-02
  -1.7334000000000002e-02
   8.2626300000000000e-03
   1.3465885000000000e-02
  -4.2419425000000000e-03
  -1.8997199999999999e-02
  -2.0812999999999998e-02
  -2.3879994999999998e-03
   9.0560799999999993e-03
  -1.0230995000000000e-02
  -2.5787350000000001e-02
  -1.7669700000000000e-02
   4.8217749999999995e-03
   1.8409749999999999e-02
   3.4179700000000002e-03
  -2.6046750000000000e-02
  -2.7526900000000000e-02
  -4.9209600000000003e-03
   1.0643025000000000e-02
   2.3879999999999995e-03
  -1.5571600000000001e-02
  -2.7648949999999999e-02
  -6.3781749999999998e-03
   2.1308899999999999e-02
   2.0942700000000002e-02
   2.8228785000000002e-03
  -9.3383949999999993e-03
   3.7612899999999996e-03
   2.0942700000000002e-02
   2.2850050000000000e-02
   2.4795500000000001e-03
  -9.7656500000000007e-03
  -3.8986200000000002e-03
   7.3852399999999995e-03
   1.1261009999999998e-02
  -4.4174300000000000e-03
  -2.0393349999999998e-02
  -8.8577250000000003e-03
   7.2021499999999992e-03
   1.3092015000000000e-02
  -6.7901640000000004e-03
  -1.7791750000000002e-02
  -9.9563749999999999e-03
   9.7198299999999987e-03
  -6.8664499999999962e-04
  -1.8173204999999998e-02
  -2.9975900000000000e-02
  -1.7448400000000003e-02
   8.2168699999999994e-03
   1.5808100000000002e-02
  -3.5324100000000002e-03
  -2.1690349999999997e-02
  -2.4467450000000002e-02
  -1.7776485000000001e-03
   5.6533920000000001e-03
  -4.5013430000000005e-03
  -1.8325800000000000e-02
  -2.4543799999999998e-02
   2.1972660000000002e-03
   8.5296850000000004e-03
  -2.7160649999999997e-03
  -2.2903449999999999e-02
  -2.9876699999999999e-02
  -1.2985199999999999e-02
   1.2207035000000001e-02
   1.1238115000000000e-02
  -1.8997199999999999e-03
  -2.0385750000000001e-02
  -4.3487650000000001e-03
   1.8051150000000002e-02
   1.4076240000000000e-02
  -2.1591149999999996e-03
   3.2501250000000004e-03
   1.0795615000000000e-02
   2.3056000000000000e-02
   9.7656150000000001e-03
  -1.2107824999999999e-02
  -2.4040200000000001e-02
  -1.2199399999999999e-02
   1.2054425000000001e-02
  -1.9836499999999983e-04
  -1.7600990000000000e-02
  -2.7626049999999999e-02
  -2.2598250000000000e-02
  -2.2125199999999999e-03
   1.2489334999999999e-02
  -8.1329400000000000e-03
  -1.8920899999999997e-02
  -8.7432999999999990e-03
   1.0726920000000001e-02
   1.8211399999999999e-02
   3.1127949999999998e-03
  -1.3122550000000000e-02
  -1.3984650000000000e-02
   3.1738249999999999e-03
   1.4198309999999999e-02
   2.6779299999999998e-03
  -1.0589580000000001e-02
  -1.3916000000000000e-02
   1.3412484999999998e-02
   2.9006999999999998e-02
   2.1865849999999999e-02
  -3.8147000000000007e-04
  -9.0103149999999996e-03
   1.1207600000000000e-02
   2.2865300000000002e-02
   2.6474000000000003e-03
  -1.5823350000000000e-02
  -2.7847299999999998e-02
  -9.3765050000000003e-03
   1.2863164999999999e-02
   1.5861485000000002e-02
  -7.9422000000000000e-03
  -2.2445649999999998e-02
  -9.5062399999999991e-03
   1.2680034999999999e-02
   2.2399900000000000e-02
   1.7013550000000003e-03
  -1.0673515000000000e-02
   2.7771000000000002e-03
   1.9630450000000001e-02
   2.5878899999999996e-02
   4.9133150000000006e-03
  -1.6967800000000002e-02
  -1.0276769999999999e-02
   1.3320924999999999e-02
   2.0042430000000000e-02
   1.0307314499999999e-02
   5.6457500000000032e-04
   4.5318500000000005e-03
   2.0530699999999999e-02
   2.4787900000000002e-02
   1.3992335000000000e-02
  -1.9157449999999999e-02
  -2.2079450000000000e-02
  -1.5258800000000003e-03
   1.3084425000000000e-02
  -2.7923399999999999e-03
  -1.9508350000000001e-02
  -1.3877865000000000e-02
   1.6693100000000002e-02
   3.4149150000000003e-02
   2.5680549999999996e-02
   2.3803700000000001e-03
  -1.1291500000000002e-03
   1.3290400000000001e-02
   2.7420050000000001e-02
   1.6387900000000000e-02
  -7.7819899999999999e-03
  -1.9386299999999999e-02
  -2.3651100000000001e-03
   1.3633735000000001e-02
   1.6777034999999999e-02
  -4.1964999999999971e-04
  -5.5618300000000002e-03
   7.1944959999999999e-03
   3.0853300000000000e-02
   3.3630350000000003e-02
   3.5400200000000001e-03
  -1.1741645000000000e-02
  -4.9591099999999992e-03
   1.1596690000000002e-02
   2.4566650000000002e-02
   8.3847065000000002e-03
  -4.7149599999999998e-03
   9.8342849999999999e-03
   3.4141550000000000e-02
   3.9779650000000000e-02
   2.1331800000000001e-02
   5.2871590000000005e-03
  -2.2889999999999803e-05
   1.6365024999999998e-02
   2.2293100000000000e-02
   1.1413595000000000e-02
  -5.8899000000000000e-03
  -1.2893699999999998e-03
   2.4124149999999997e-02
   3.4751900000000002e-02
   1.3832104999999999e-02
  -1.0223399999999996e-03
  -3.6010750000000005e-03
   1.5106220000000000e-02
   2.6535050000000001e-02
   1.3374325000000001e-02
  -5.0506480000000005e-03
  -7.8125199999999999e-03
   1.2496950000000000e-02
   3.0815099999999998e-02
   2.5871300000000000e-02
   1.4968894999999999e-02
   5.3939881999999998e-03
   2.2155750000000002e-02
   3.4164399999999998e-02
   3.2752999999999997e-02
   1.0574320000000000e-02
  -1.1901849999999999e-03
   5.5770760000000003e-03
   2.3010249999999999e-02
   2.4505600000000002e-02
   2.7770799999999999e-03
  -8.6975200000000003e-03
   5.1880000000000025e-04
   1.6441350000000000e-02
   1.4320360000000001e-02
  -7.6751700000000003e-03
  -2.0858799999999997e-02
  -2.0492549999999998e-02
  -1.0673545000000000e-02
   4.9514999999999993e-03
  -2.7542350000000003e-03
  -1.5167250000000000e-02
  -1.3854959999999999e-02
   5.5465914999999998e-03
   1.0498050000000000e-02
   2.5863650000000002e-03
  -1.8157949999999999e-02
  -2.3445100000000000e-02
  -1.5029900000000001e-03
   8.6441050000000009e-03
  -1.5945200000000003e-03
  -2.0263650000000001e-02
  -2.0835850000000000e-02
  -3.4866354999999998e-03
   8.9492899999999986e-03
   9.1552500000000037e-04
  -1.5678399999999999e-02
  -2.1217350000000003e-02
   4.0740975000000002e-03
   1.7547594999999999e-02
   1.1581444999999999e-02
  -1.5747070000000002e-02
  -2.6298500000000002e-02
  -5.7678165000000000e-03
   1.8783550000000000e-02
   2.2300700000000000e-02
   3.4179649999999998e-03
  -7.5378649999999995e-03
   4.6920800000000004e-03
   2.1179199999999999e-02
   1.7921424999999998e-02
  -1.2893680000000001e-02
  -2.4322549999999998e-02
  -1.4968850000000001e-02
   3.7079000000000005e-03
   1.2496955000000001e-02
  -1.0223410000000000e-02
  -2.5115949999999998e-02
  -1.6113300000000001e-02
   2.1667499999999998e-03
   5.8670199999999997e-03
  -1.3412455000000000e-02
  -2.3635850000000000e-02
  -1.5686050000000000e-02
   1.9531250000000000e-03
   1.3809220000000001e-02
   7.1792749999999989e-03
  -5.7754750000000004e-03
  -9.8190350000000003e-03
   7.6141500000000001e-03
   1.7074590000000001e-02
   4.4784500000000001e-03
  -1.4305099999999999e-02
  -1.8470750000000001e-02
  -2.9067994999999996e-03
   8.1939700000000001e-03
  -1.5259000000000019e-04
  -1.9668550000000000e-02
  -2.6878350000000002e-02
  -6.6070400000000007e-03
   8.0947704999999991e-03
   1.9378749999999999e-03
  -1.9638050000000001e-02
  -2.2094750000000000e-02
  -7.8887999999999996e-03
   6.7214824000000001e-03
  -5.5695500000000047e-04
  -2.8884900000000002e-02
  -3.7223800000000001e-02
  -1.8989599999999999e-02
   5.4169000000000005e-04
   8.3770684999999994e-03
  -7.4997125000000001e-03
  -1.6090400000000001e-02
  -6.1187650000000000e-03
   1.2115470000000000e-02
   1.9958500000000001e-02
  -6.8664420000000004e-03
  -2.3559600000000000e-02
  -2.3536700000000001e-02
  -9.1629050000000007e-03
   1.5106100000000003e-03
  -2.1430999999999999e-02
  -3.5125700000000003e-02
  -3.3332799999999996e-02
  -1.0437015000000001e-02
   2.2885000000000266e-05
  -1.8829329999999998e-02
  -2.9731750000000001e-02
  -3.2020550000000002e-02
  -1.2443565000000000e-02
  -4.5013499999999994e-04
  -9.5062439999999988e-03
  -1.9157399999999998e-02
  -1.6830450000000000e-02
   4.8522949999999995e-03
   1.5548714999999999e-02
   2.4337800000000004e-03
  -1.2603785000000001e-02
  -2.7458200000000002e-02
  -5.9204200000000000e-03
   9.2392100000000012e-03
   3.5476850000000001e-03
  -1.2504575000000000e-02
  -1.8356350000000000e-02
  -4.0588399999999993e-03
   1.4465324999999999e-02
   1.7364490000000000e-02
  -3.0288450000000001e-03
  -8.5906965000000016e-03
   7.8201175999999990e-03
   2.2277800000000000e-02
   2.3033150000000002e-02
  -4.9743650000000006e-03
  -2.3361199999999999e-02
  -1.4106749999999999e-02
   5.1269699999999998e-03
   1.4022824999999999e-02
  -8.7738000000000009e-04
  -1.4060955000000000e-02
  -3.9138799999999998e-03
   1.1833185000000000e-02
   2.1041900000000002e-02
   3.0899049999999996e-03
  -2.0683300000000002e-02
  -1.4511100000000001e-02
   5.6076299999999997e-03
   1.6418450000000001e-02
   4.2266600000000001e-03
  -9.5825000000000007e-03
  -1.1299145000000000e-02
   3.6163350000000000e-03
   1.1863700000000001e-02
  -1.7089949999999996e-03
  -1.7562849999999998e-02
  -2.0393349999999998e-02
   1.9302399999999997e-03
   5.9051449999999997e-03
  -4.7607650000000001e-03
  -1.2153615000000000e-02
  -1.0765074999999999e-02
   1.2107844999999999e-02
   2.8610200000000002e-02
   1.8524175000000000e-02
   2.1820050000000003e-03
  -7.8735349999999992e-03
  -9.1552499999999993e-04
   1.6006449999999998e-02
   9.1552800000000000e-03
  -9.3078375000000008e-03
  -2.1842950000000000e-02
  -5.5084435000000006e-03
   1.5060430000000000e-02
   5.9433100000000003e-03
  -1.3397200000000001e-02
  -2.6435850000000000e-02
  -1.6777050000000002e-02
  -2.0980850000000000e-03
   4.4249500000000021e-04
  -1.1589065000000001e-02
  -2.6031499999999999e-02
  -2.8343199999999999e-02
  -8.8500999999999988e-04
   1.1802690000000001e-02
   7.4615500000000000e-03
  -1.2908949999999999e-02
  -1.5296950000000000e-02
   6.4087024999999994e-03
   1.2657185000000000e-02
  -4.2648249999999999e-03
  -2.0347600000000000e-02
  -2.0736700000000000e-02
  -2.7847150000000005e-03
   7.9040530500000001e-03
  -5.6457499999999997e-03
  -2.2003149999999999e-02
  -2.5558450000000000e-02
  -3.7841799999999998e-03
   8.9416355000000013e-03
  -3.9669999999999983e-04
  -2.3246800000000001e-02
  -2.6672349999999997e-02
  -5.9738109999999999e-03
   4.0588600000000001e-03
  -4.6692100000000000e-03
  -1.7860399999999998e-02
  -2.0156850000000000e-02
  -9.9180000000000145e-05
   1.4877305000000000e-02
   1.4617914999999999e-02
   5.7220500000000054e-04
  -1.3999929999999999e-02
   5.5694499999999966e-04
   1.2481710000000000e-02
   1.5548715000000001e-02
  -7.9193100000000006e-03
  -2.6229849999999999e-02
  -1.5304555000000001e-02
   4.3411049999999996e-03
   1.3603215000000000e-02
  -3.2806500000000004e-03
  -2.2216800000000002e-02
  -1.9790650000000000e-02
   1.9836299999999997e-03
   9.3155060000000012e-03
  -9.3612439999999995e-03
  -3.1227100000000001e-02
  -3.2150249999999998e-02
  -9.6664550000000009e-03
   6.1263849999999998e-03
  -4.9209349999999995e-03
  -1.4106775000000000e-02
  -1.5411379999999999e-02
   4.5547749999999996e-03
   1.7425550000000001e-02
   1.2209999999999999e-04
  -1.5960709999999999e-02
  -1.6708359999999998e-02
   4.7454899999999998e-03
   1.3236989999999999e-02
   1.1367700000000005e-03
  -1.9447349999999999e-02
  -2.4017350000000000e-02
  -2.4642900000000001e-03
   7.0648199999999994e-03
   3.3264050000000002e-03
  -1.9966100000000001e-02
  -3.0029300000000002e-02
  -1.5777594999999998e-02
  -1.2970000000000004e-03
  -5.9661950000000005e-03
  -2.1728549999999999e-02
  -2.2560150000000001e-02
   1.0833750000000001e-03
   2.3193399999999999e-02
   2.4124150000000000e-02
   5.5694499999999966e-04
  -6.8359179999999999e-03
   6.3095200000000008e-03
   2.2300700000000000e-02
   1.4946005000000000e-02
  -4.2877400000000000e-03
  -1.8257150000000000e-02
  -7.0419100000000002e-03
   1.4923120000000000e-02
   2.3948650000000002e-02
   6.4697050000000001e-03
  -1.0322555000000001e-02
  -6.5384149999999997e-03
   1.6105664999999998e-02
   2.4330100000000000e-02
   7.2937100000000001e-03
  -6.8435649999999994e-03
  -1.0253920000000000e-02
   6.4773619999999995e-03
   2.6779200000000000e-02
   1.3809220000000001e-02
  -2.4795600000000000e-03
  -2.3803749999999997e-03
   1.3412470000000001e-02
   2.3200999999999999e-02
   1.6304005000000000e-02
  -2.5253300000000001e-03
  -9.7351199999999999e-03
   9.4833499999999998e-03
   2.0324700000000001e-02
   9.9182095000000005e-03
  -4.4250299999999999e-03
  -9.6435549999999998e-03
   6.3858300000000003e-03
   1.8486045000000000e-02
   1.3458265000000001e-02
  -7.4004969500000000e-03
  -1.6235349999999999e-02
  -2.2735600000000000e-03
   1.1215185000000001e-02
   7.8048505000000001e-03
  -1.3175945000000001e-02
  -2.2491450000000000e-02
  -2.5100699999999997e-03
   1.8150300000000001e-02
   2.8999299999999999e-02
   2.1972550000000004e-03
  -9.3155149999999999e-03
   1.5945450000000002e-03
   1.6342150000000000e-02
   2.5360150000000001e-02
   7.6751874999999997e-03
  -1.2367250000000000e-02
  -1.0490409999999999e-02
   4.0283200000000002e-03
   1.4213585000000001e-02
   2.2125500000000006e-04
  -1.0086060000000001e-02
  -9.1857699999999994e-03
   1.2535090000000000e-02
   3.0624399999999996e-02
   1.2779260000000001e-02
  -9.2773449999999993e-03
  -2.0317099999999998e-02
  -2.6016250000000006e-03
   1.2283330000000000e-02
  -1.6937450000000000e-03
  -1.2603745000000000e-02
  -8.8195600000000006e-03
   1.1055010000000001e-02
   2.4902350000000000e-02
   2.1400450000000001e-02
  -2.9830949999999998e-03
  -1.5220649999999999e-02
  -1.0200490000000000e-02
  -2.2887999999999988e-04
  -8.0566250000000013e-03
  -2.8472899999999999e-02
  -3.7551849999999998e-02
  -1.7959599999999999e-02
  -2.2964700000000001e-03
   2.8995000000000062e-04
  -1.6036975000000002e-02
  -2.8808600000000000e-02
  -1.5907249999999998e-02
   3.5781850000000002e-03
   6.5689249999999998e-03
  -1.5289289999999999e-02
  -1.9020099999999998e-02
  -2.7313250000000002e-03
   1.3641370000000000e-02
   1.9653350000000000e-02
   6.1036999999999984e-04
  -1.5388474999999999e-02
  -7.1563900000000003e-03
   6.2942263500000003e-03
   1.4816264999999999e-02
  -1.5564099999999994e-03
  -1.4328020000000000e-02
  -1.4884955000000000e-02
   6.8817118000000007e-03
   2.0156899999999998e-02
   1.1108420000000001e-02
  -5.9356859999999999e-03
  -9.1400000000000006e-03
   7.2097949999999997e-03
   1.9714350000000002e-02
   1.0414145000000000e-02
  -6.7901400000000001e-03
  -2.1072399999999998e-02
  -3.2196049999999999e-03
   6.6147050000000002e-03
   4.5165900000000000e-03
  -8.1787140000000001e-03
  -1.3748179999999999e-02
  -9.9944999999999982e-04
   1.1734010000000000e-02
   6.8206550000000001e-03
  -1.1901845000000001e-02
  -2.4986250000000002e-02
  -9.4375450000000003e-03
   5.3176949999999999e-03
   8.5296800000000013e-03
  -1.0192880000000000e-02
  -1.9561800000000001e-02
  -7.4920550000000001e-03
   4.1732899999999996e-03
   1.1726393500000000e-02
  -1.1604294999999999e-02
  -2.3521399999999998e-02
  -1.3938900000000001e-02
   6.2408299999999993e-03
   6.4239599999999994e-03
  -1.1955255000000001e-02
  -2.3002599999999998e-02
  -9.8800599999999995e-03
   1.3259864999999999e-02
   1.8211370000000001e-02
  -2.5179999999999994e-04
  -1.7578099999999999e-02
  -1.6471850000000000e-02
   3.1967200000000001e-03
   1.3473535000000000e-02
  -1.8920800000000000e-03
  -2.0553550000000000e-02
  -2.3017849999999999e-02
  -4.2572150000000000e-03
   1.2458800000000001e-02
   1.8387050000000004e-03
  -1.1329624999999999e-02
  -1.3183600000000000e-02
   1.1215200000000000e-03
   1.4938340000000000e-02
   7.3242399999999992e-03
  -1.1444105000000000e-02
  -1.8020599999999998e-02
  -5.8212145000000005e-03
   6.8588149999999999e-03
   7.7056835000000002e-03
  -8.2626385000000007e-03
  -1.0452250000000000e-02
   6.4010609999999996e-03
   2.1949750000000001e-02
   2.1476749999999999e-02
   2.2735699999999999e-03
  -1.0650655000000000e-02
  -5.4473799999999999e-03
   7.9269500000000003e-03
   1.8615500000000000e-03
  -1.1268600000000000e-02
  -1.9500750000000001e-02
  -9.1018799999999997e-03
   1.0612475000000000e-02
   1.3168329999999999e-02
  -1.0147099999999998e-03
  -1.6593950000000000e-02
  -1.2458794999999998e-02
   7.5759644999999999e-03
   1.7143249999999999e-02
  -3.7842000000000002e-03
  -2.2766099999999997e-02
  -1.8608099999999999e-02
   3.9672700000000002e-03
   2.0484914999999999e-02
   1.4328015000000000e-02
  -3.7612900000000000e-03
  -6.4315800000000001e-03
   5.3329559999999998e-03
   1.5769945000000000e-02
   4.9667200000000009e-03
  -2.2026049999999998e-02
  -3.0494649999999998e-02
  -1.3122544999999999e-02
   4.5471350000000008e-03
   1.9073599999999994e-03
  -1.3687150000000000e-02
  -2.6832599999999998e-02
  -1.0009740000000000e-02
   2.8762700000000002e-03
   3.2882700000000003e-03
  -1.5045164999999999e-02
  -1.9798250000000000e-02
  -6.3400499999999999e-03
   4.7683800000000000e-03
   1.2001059999999999e-02
  -1.1444300000000001e-03
  -8.1634700000000008e-03
   6.1569199999999998e-03
   2.3597750000000001e-02
   2.3323049999999998e-02
   7.2478999999999990e-04
  -1.3206499999999999e-02
   1.5259000000000019e-04
   1.7822249999999998e-02
   1.4633179999999999e-02
  -4.4631699999999998e-03
  -1.3900750000000000e-02
  -8.6974949999999995e-03
   1.6754135000000000e-02
   1.4312760000000001e-02
  -1.4953599999999998e-03
  -1.4785754999999999e-02
  -9.9410799999999997e-03
   8.5296599999999997e-03
   1.6220070000000000e-02
   6.7519899999999994e-03
  -1.7005899999999997e-02
  -1.9851700000000000e-02
   5.0125150000000004e-03
   1.4839165000000001e-02
   8.6288479999999997e-03
  -4.5013440000000000e-03
  -1.1222824999999999e-02
   9.6054199999999999e-03
   1.9706749999999999e-02
   1.2420665000000001e-02
  -9.3307600000000004e-03
  -1.7517100000000001e-02
  -6.9045999999999995e-03
   6.6223324999999996e-03
   1.9302399999999997e-03
  -1.4129655000000000e-02
  -2.0172150000000000e-02
  -3.0365000000000001e-03
   1.1581415000000001e-02
   9.0560699999999994e-03
  -7.8964270000000010e-03
  -1.9119250000000001e-02
  -1.0101299999999999e-02
   3.4790150000000002e-03
  -3.7765599999999996e-03
  -1.4595025000000001e-02
  -1.2306200000000000e-02
   3.1890899999999999e-03
   2.0629900000000000e-02
   2.5421149999999997e-02
   2.7771149999999997e-03
  -1.3504040000000000e-02
  -1.0086040000000001e-02
   4.0206900000000004e-03
   8.7814324000000006e-03
  -2.1057150000000002e-03
  -1.4953600000000001e-02
  -1.3740549999999999e-02
   1.0932925000000000e-02
   1.9691449999999999e-02
   1.4343350000000001e-03
  -1.8836950000000002e-02
  -2.0400999999999999e-02
  -1.3809199999999999e-03
   8.0795350000000005e-03
  -1.5106199999999998e-03
  -2.1530149999999998e-02
  -2.6039099999999999e-02
   1.4419550000000000e-03
   1.8875099999999999e-02
   1.4541630000000000e-02
   3.6239599999999999e-03
  -3.8146970000000001e-03
   9.1934400000000006e-03
   2.3506150000000000e-02
   2.2247299999999998e-02
   1.2435900000000001e-03
  -7.2937000000000002e-03
   8.0871450000000004e-03
   2.3330700000000003e-02
   2.1285999999999999e-02
   6.8206819999999998e-03
  -7.7285900000000005e-03
   3.3874514999999998e-03
   1.4755250000000001e-02
   2.1522550000000001e-02
   4.8828350000000003e-03
  -4.4402850000000004e-03
   6.1492850000000000e-03
   1.8516550000000000e-02
   1.8150309999999999e-02
  -9.0787499999999983e-04
  -8.1939600000000001e-03
   6.5612500000000002e-04
   2.1423350000000001e-02
   3.0349750000000002e-02
   1.6075135000000001e-02
   1.0986350000000001e-03
   2.6626599999999999e-03
   2.0584149999999999e-02
   2.8106650000000000e-02
   1.4221210000000000e-02
  -1.1367800000000000e-03
  -4.6615600000000004e-03
   1.2451175000000000e-02
   2.1911600000000000e-02
   1.4221210000000000e-02
  -7.9803600000000006e-03
  -1.7280549999999999e-02
   7.2784600000000005e-03
   2.1400450000000001e-02
   9.2239450000000008e-03
  -7.8277850000000003e-03
  -2.1636949999999999e-02
  -3.7384019499999998e-03
   1.5701304999999999e-02
   1.8989539999999999e-02
   8.8195649999999997e-03
  -3.0288709999999998e-03
   9.3612699999999997e-03
   1.9920350000000000e-02
   1.9004815000000001e-02
   3.0059849999999996e-03
  -9.5901700000000003e-03
  -9.9182000000000003e-04
   1.4121999999999999e-02
   1.7158529999999998e-02
  -2.7466000000000036e-04
  -9.9410950000000005e-03
  -1.2588500000000002e-03
   1.7089855000000001e-02
   2.3750299999999998e-02
   6.9579845000000001e-03
  -6.4544700000000003e-03
  -9.1781499999999995e-03
   1.4701835000000000e-02
   1.9668600000000001e-02
  -9.0026499999999992e-04
  -6.1187749999999999e-03
   3.5858000000000005e-04
   2.6611349999999999e-02
   3.5575900000000001e-02
   1.6181939999999999e-02
   3.5857999999999984e-04
  -2.2583049999999999e-03
   1.6540500000000000e-02
   1.9729600000000000e-02
   8.2321050000000000e-03
  -6.9198549999999999e-03
  -7.3623750000000000e-03
   9.3612850000000004e-03
   2.0675650000000000e-02
   1.0986349999999999e-02
  -3.0136099999999999e-03
  -1.2306205000000001e-02
   5.6533999999999994e-03
   1.9310000000000001e-02
   1.4587390000000000e-02
   2.9983499999999995e-03
  -4.8751799999999998e-03
   8.6669899999999994e-03
   2.6710499999999998e-02
   3.0822749999999996e-02
   1.8158000000000001e-02
   5.4168699999999998e-03
   9.2010400000000006e-03
   2.4375950000000000e-02
   2.8511050000000000e-02
   1.4175425000000000e-02
  -2.6397704999999998e-03
   4.8675550000000000e-03
   1.8760699999999998e-02
   2.4879450000000001e-02
   3.2730350000000001e-03
  -4.9285804999999999e-03
   2.2964500000000002e-03
   1.5716540000000001e-02
   1.9676199999999998e-02
   2.5176999999999995e-03
  -9.2544399999999992e-03
  -7.3394749999999998e-03
   1.6288739999999999e-02
   2.1392849999999998e-02
  -1.1520350000000000e-03
  -1.3420080000000001e-02
  -5.6381249999999999e-03
   1.3717670000000001e-02
   2.2483800000000002e-02
   1.8501299999999998e-02
  -6.2713600000000001e-03
  -1.5083300000000001e-02
   8.0413749999999999e-03
   1.5159624999999999e-02
   4.2038000000000006e-03
  -1.5327449999999999e-02
  -1.7654450000000002e-02
  -6.5612999999999999e-04
   9.4299344999999989e-03
   8.7814199999999999e-03
  -1.0444655000000001e-02
  -2.2354150000000000e-02
  -7.6751699999999994e-03
   7.2937165000000002e-03
   4.5395100000000001e-03
  -1.5434250000000000e-02
  -2.1789549999999998e-02
  -1.1100785000000000e-02
   1.2489314999999999e-02
   1.2222274999999999e-02
  -7.6299999999997897e-06
  -3.0593850000000000e-03
   2.3727440000000000e-03
   1.5556350000000000e-02
   2.0614649999999998e-02
  -1.6326900000000000e-03
  -1.9088750000000002e-02
  -6.4850050000000003e-03
   1.3587940000000000e-02
   1.7089864999999999e-02
   1.0070499999999998e-03
  -8.8501199999999995e-03
  -6.4315800000000001e-03
   7.5149490000000008e-03
   1.2870765000000001e-02
  -4.6310450000000003e-03
  -2.1156299999999999e-02
  -1.8547049999999999e-02
  -1.3961749999999999e-03
   1.1253355000000000e-02
  -3.5705500000000000e-03
  -1.8264800000000001e-02
  -1.5922550000000001e-02
   7.2631850000000001e-03
   2.2727999999999998e-02
   1.2023925000000000e-02
  -5.1040650000000005e-03
  -1.0192895000000000e-02
   4.5013399999999995e-03
   1.4427175000000000e-02
   6.6910049999999999e-03
  -1.5258780000000000e-02
  -2.1667449999999998e-02
   2.4719235000000002e-03
   1.7013550000000002e-02
   1.3854974999999999e-02
  -5.7143949999999997e-03
  -1.5777550000000001e-02
   1.1291500000000002e-03
   1.5159624999999999e-02
   1.3237015000000000e-02
  -5.2185050000000000e-03
  -1.8760699999999998e-02
  -1.2603775000000001e-02
   9.4070500000000001e-03
   1.0017390500000001e-02
   3.8986049999999994e-03
  -5.1498424999999997e-03
   2.8076185000000002e-03
   1.6716000000000002e-02
   2.3902899999999998e-02
   7.3166035000000003e-03
  -4.0054310000000003e-03
  -3.4866325000000001e-03
   1.7333995000000001e-02
   2.6351949999999999e-02
   1.2229940000000002e-02
  -3.6315919999999999e-03
  -5.2261349999999998e-03
   9.1400100000000005e-03
   1.8905650000000000e-02
   8.7814360000000001e-03
  -1.0169960000000000e-02
  -1.0955835000000001e-02
   9.7351050000000008e-03
   1.5686019999999998e-02
   8.7890649999999987e-03
   9.1555000000000109e-05
  -2.9525735000000002e-03
   1.1970534999999999e-02
   2.7946450000000001e-02
   2.1347049999999999e-02
   4.0588350000000002e-03
  -6.3323999999999997e-04
   8.1482099999999995e-03
   1.3374350000000000e-02
   7.9116750000000000e-03
  -9.6588249999999994e-03
  -1.5396099999999999e-02
   2.7465500000000017e-04
   1.7494219999999998e-02
   1.7433140000000000e-02
   7.6499999999996710e-06
  -1.0093695000000000e-02
  -7.7819499999999997e-04
   1.3275125000000000e-02
   2.1125749999999999e-02
   9.6283150000000001e-03
  -7.2708349999999998e-03
  -5.2490200000000001e-03
   6.5689224999999993e-03
   2.1118149999999999e-02
   1.1306780000000001e-02
   1.2969949999999998e-03
   6.8435600000000003e-03
   2.4185199999999997e-02
   2.3895250000000000e-02
   9.0331790000000006e-03
  -1.2199379999999999e-02
  -8.4457500000000001e-03
   7.8124850000000001e-03
   1.4671340000000000e-02
   5.5618300000000002e-03
  -8.5601949999999996e-03
  -7.4768050000000004e-03
   6.4315650000000002e-03
   2.3033149999999999e-02
   1.3160685000000000e-02
  -4.7759804999999997e-03
  -1.1520370000000000e-02
   3.1509400000000001e-03
   1.4999365000000001e-02
   9.1018664999999999e-03
  -1.8692000000000001e-03
  -6.8359400000000004e-03
   7.8430299999999991e-03
   2.1675100000000003e-02
   2.2827149999999997e-02
   5.5847355000000001e-03
  -6.1492949999999999e-03
   8.3465550000000003e-03
   2.2193900000000003e-02
   2.3620599999999999e-02
   1.4343250000000002e-03
  -1.6990650000000000e-02
  -6.0195900000000000e-03
   8.3008049999999996e-03
   1.2275680000000001e-02
  -6.7901649999999999e-03
  -1.7852800000000002e-02
  -1.7433200000000003e-02
   4.1961499999999992e-04
   9.4375785000000000e-03
  -1.2245165000000001e-02
  -2.6145950000000001e-02
  -1.9393950000000000e-02
   4.1198500000000013e-04
   9.2086935000000002e-03
   1.2435899999999997e-03
  -8.1558299999999993e-03
  -1.0330190000000000e-02
   8.4228400000000009e-03
   1.6120915000000000e-02
   5.2643000000000004e-03
  -1.4267000000000000e-02
  -1.5899650000000001e-02
   5.6381199999999999e-03
   1.6685499999999999e-02
   2.9068150000000001e-03
  -1.2817370000000000e-02
  -1.4648399999999999e-02
   1.0154745000000000e-02
   2.6466350000000000e-02
   2.1507249999999999e-02
  -5.2032240000000002e-03
  -1.7517100000000001e-02
  -3.7383999999999985e-04
   1.3137795000000001e-02
   5.9662049999999996e-03
  -1.6395550000000002e-02
  -2.8617850000000000e-02
  -7.2707950000000000e-03
   1.4633180000000001e-02
   2.2148100000000000e-02
   4.7301999999999978e-04
  -6.7825300000000002e-03
  -1.0116564999999999e-02
   8.2244850000000001e-03
   1.3435345000000000e-02
  -7.0495650000000007e-03
  -2.4925200000000002e-02
  -1.4556900000000001e-02
   9.5519899999999998e-03
   1.0871901999999999e-02
  -2.9449599999999999e-03
  -1.7341599999999999e-02
  -1.7173750000000002e-02
  -5.1345825000000001e-03
   1.7776500000000004e-03
  -7.9116904999999987e-03
  -1.5708900000000001e-02
  -2.0820600000000002e-02
  -6.7901499999999983e-04
   1.1459344999999999e-02
  -1.8463099999999994e-03
  -1.0124225000000001e-02
  -7.1258699999999994e-03
   1.9012450000000000e-02
   3.4606949999999997e-02
   2.3338299999999999e-02
   4.6844350000000007e-03
  -4.1427599999999997e-03
   9.0636999999999992e-03
   1.6555765000000000e-02
   8.0566149999999996e-03
  -1.2329095000000000e-02
  -2.0332300000000001e-02
  -8.1558299999999993e-03
   3.4179649999999998e-03
  -1.9531150000000001e-03
  -2.2819550000000001e-02
  -2.8114300000000002e-02
  -1.3328550000000002e-02
   2.5787350000000004e-03
   6.2561250000000004e-03
  -1.3984685000000000e-02
  -2.9319749999999999e-02
  -1.6799950000000001e-02
   1.0559060000000000e-02
   2.0752000000000000e-02
   1.1520374999999999e-02
   6.4086999999999998e-04
  -4.1122425000000001e-03
   8.4838799999999992e-03
   1.1276265000000001e-02
  -6.1187949999999998e-03
  -2.2651700000000000e-02
  -2.1202100000000002e-02
  -6.3400185000000000e-03
   4.1427549999999997e-03
  -3.6392399999999997e-03
  -1.7532349999999999e-02
  -1.7135600000000001e-02
   2.4337754999999997e-03
   8.6288614999999996e-03
  -3.1890949999999999e-03
  -1.7814650000000001e-02
  -1.8600450000000001e-02
   3.0517499999999998e-04
   1.2855509999999999e-02
   3.7613000000000000e-03
  -3.9749150000000007e-03
  -2.3345919999999999e-03
   1.1329650000000000e-02
   3.0715949999999999e-02
   1.6174294999999998e-02
  -6.1340293999999993e-03
  -1.1825555000000001e-02
   2.3193340000000002e-03
   1.6304039999999999e-02
   1.1543295000000000e-02
  -7.2479009999999993e-03
  -1.9416799999999998e-02
  -1.8005350000000002e-03
   9.1781499999999995e-03
   9.7427349999999989e-03
  -5.9051599999999996e-03
  -1.7356850000000000e-02
  -8.1710649999999999e-03
   1.4274594999999999e-02
   2.0149250000000000e-02
   3.6621000000000006e-04
  -1.2374860000000000e-02
  -4.8751854999999995e-03
   1.4457710000000000e-02
   2.2903400000000001e-02
   4.1045999999999999e-03
  -4.9972549999999999e-03
  -4.6005249999999994e-03
   1.8699650000000002e-02
   3.3485450000000000e-02
   2.0866400000000000e-02
   2.0065300000000003e-03
  -1.1749249999999998e-03
   1.8379199999999998e-02
   2.2125200000000001e-02
   9.9563770000000006e-03
  -4.8599450000000001e-03
  -3.7460305000000002e-03
   1.8371600000000002e-02
   2.7816800000000003e-02
   1.0406474999999998e-02
  -2.7618399999999998e-03
  -8.3160400000000002e-03
   9.1934149999999999e-03
   2.2872950000000003e-02
   1.4442429999999999e-02
   6.3324000000000019e-04
  -1.9683830500000000e-03
   1.6967799999999998e-02
   3.1417849999999997e-02
   2.3567200000000000e-02
   4.8675564999999992e-03
  -3.1738290000000000e-03
   9.8876900000000011e-03
   2.5047300000000002e-02
   2.2224399999999998e-02
   4.9743549999999997e-03
  -8.0337650000000000e-03
   9.0789999999999990e-04
   1.5449539999999999e-02
   1.8836964999999997e-02
  -1.8081700000000004e-03
  -1.7456050000000001e-02
  -9.0026650000000000e-03
   9.5748850000000000e-03
   1.5609754999999999e-02
  -1.6098000000000000e-03
  -1.2283305000000001e-02
  -1.8173200000000000e-02
   8.5906850000000007e-03
   2.5840750000000003e-02
   1.8203720000000000e-02
   8.0261299999999994e-03
   1.0353109999999999e-02
   2.8137200000000001e-02
   3.1875600000000004e-02
   1.8203750000000001e-02
  -2.7770974999999998e-03
  -5.5160550000000006e-03
   8.4609949999999989e-03
   1.1375450000000000e-02
   3.2501049999999997e-03
  -1.0681174999999999e-02
  -1.1634849999999999e-02
   7.8201299999999998e-03
   1.3092030000000001e-02
   4.9514549999999996e-03
  -9.1781600000000012e-03
  -9.7274900000000001e-03
   1.7242450000000001e-03
   1.7089850000000000e-02
   8.2855094999999997e-03
  -8.7051600000000000e-03
  -1.0986345000000000e-02
   6.5460399999999995e-03
   2.0759600000000000e-02
   2.2857650000000000e-02
   2.7007950000000002e-03
  -1.1375415000000000e-02
  -2.2354135000000001e-03
   7.0800650000000000e-03
   4.1198850000000002e-03
  -1.4877300000000000e-02
  -2.8678900000000000e-02
  -1.9477800000000000e-02
  -7.4768000000000013e-04
   1.0070806000000000e-02
  -5.0353999999999980e-04
  -8.5983150000000005e-03
  -3.8452149999999999e-03
   5.3176995000000001e-03
   7.9269250000000013e-03
  -2.8991799999999999e-03
  -1.8821749999999998e-02
  -1.7547600000000000e-02
   2.8228500000000017e-04
   1.2451195000000000e-02
   1.0322560000000000e-02
  -1.1703499999999999e-02
  -1.1291499999999999e-02
   2.2887999999999988e-04
   1.0833720000000000e-02
   1.4343249999999997e-03
  -1.3031015000000000e-02
  -2.6145950000000001e-02
  -1.1871315000000000e-02
   3.8452000000000000e-03
  -1.1444000000000037e-04
  -2.2750850000000000e-02
  -2.6718150000000000e-02
  -1.0383590000000000e-02
  -4.4174350000000008e-03
  -8.0795450000000005e-03
  -2.3117100000000002e-02
  -2.3361199999999999e-02
  -6.6452049999999995e-03
  -1.2588499999999997e-03
   1.1215210000000000e-02
   1.2184165000000000e-02
  -1.5640300000000001e-03
   1.4953605000000000e-02
   1.6716025000000002e-02
   1.8051125000000001e-02
  -1.1894222999999999e-02
  -2.2628750000000000e-02
  -2.0996050000000002e-02
  -7.1868794999999999e-03
  -6.2255900000000005e-03
  -2.9953000000000000e-02
  -3.5911550000000000e-02
  -4.0321349999999999e-02
  -4.3182399999999996e-02
  -5.4092399999999999e-02
  -6.9053649999999994e-02
  -7.6690700000000001e-02
  -8.1382750000000004e-02
  -9.1735850000000008e-02
  -8.1840499999999997e-02
  -1.0807790000000000e-01
  -1.2676250000000000e-01
  -1.2699100000000002e-01
  -1.1415850000000000e-01
  -9.6427899999999997e-02
  -9.3902399999999997e-02
  -1.0305800000000000e-01
  -1.1060300000000001e-01
  -1.0018905000000000e-01
  -8.1779500000000005e-02
  -8.0574000000000007e-02
  -1.0007460000000001e-01
  -1.0141755000000000e-01
  -8.8462800000000008e-02
  -6.7695649999999996e-02
  -6.8908699999999989e-02
  -8.2191449999999999e-02
  -8.3564799999999995e-02
  -6.5567000000000000e-02
  -4.6745300000000004e-02
  -5.5458049999999995e-02
  -7.0617650000000004e-02
  -6.9763199999999997e-02
  -5.4023749999999995e-02
  -3.0242900000000003e-02
  -2.7328499999999999e-02
  -4.7699000000000005e-02
  -5.4847750000000001e-02
  -3.2318100000000002e-02
   2.5253249999999997e-03
   1.3579999999999998e-03
  -9.4833250000000008e-03
  -1.1917104999999999e-02
  -8.7814499999999997e-03
   9.0637349999999998e-03
   2.1316519999999999e-02
   1.4907844999999999e-02
   4.8370354999999997e-03
   7.8811899999999997e-03
   2.5093049999999999e-02
   2.6351949999999999e-02
   1.6433714999999998e-02
   1.9760149999999997e-02
   1.3542184999999998e-02
   3.8452150000000004e-02
   3.1356850000000006e-02
   2.9098499999999999e-02
   2.4620049999999997e-02
   2.7633650000000003e-02
   4.8591599999999999e-02
   6.0287449999999999e-02
   3.8047800000000000e-02
   3.1768800000000000e-02
   3.0670150000000000e-02
   3.3332849999999997e-02
   4.2396549999999998e-02
   4.9568150000000005e-02
   2.7145400000000000e-02
   2.7091999999999998e-02
   3.3523549999999999e-02
   4.7012349999999994e-02
   4.8065150000000001e-02
   3.5392750000000001e-02
   2.0973199999999997e-02
   2.8961149999999998e-02
   4.1580199999999998e-02
   4.6524049999999997e-02
   2.9968249999999998e-02
   2.5901799999999999e-02
   3.3905049999999999e-02
   4.6279950000000000e-02
   4.8751799999999998e-02
   4.8339850000000004e-02
   2.9930100000000001e-02
   3.4538299999999994e-02
   3.6590600000000001e-02
   4.2503350000000002e-02
   3.8681049999999995e-02
   2.1835350000000000e-02
   2.1110549999999999e-02
   4.2472850000000006e-02
   4.9514749999999996e-02
   3.8299600000000003e-02
   2.8923049999999999e-02
   2.9579149999999998e-02
   4.9278250000000003e-02
   5.4275499999999997e-02
   4.9728399999999999e-02
   4.0863049999999998e-02
   3.9405849999999999e-02
   4.8919699999999997e-02
   5.2948000000000002e-02
   5.1223749999999998e-02
   3.5919149999999997e-02
   4.0328950000000002e-02
   5.1574700000000001e-02
   5.8563249999999997e-02
   6.8695049999999994e-02
   4.1328450000000003e-02
   3.9291350000000003e-02
   4.3945300000000000e-02
   4.8858600000000002e-02
   4.9407949999999999e-02
   3.4149200000000005e-02
   1.9844050000000002e-02
   2.3445100000000000e-02
   3.4568799999999997e-02
   3.4072900000000003e-02
   2.0477300000000000e-02
   1.6616850000000002e-02
   2.5085450000000002e-02
   3.7651049999999998e-02
   4.2541500000000003e-02
   2.8137200000000001e-02
   2.0942650000000000e-02
   1.5823350000000000e-02
   2.9098499999999999e-02
   3.0822750000000003e-02
   2.4047849999999999e-02
   1.7761249999999999e-02
   1.9340500000000000e-02
   2.3788449999999999e-02
   2.7153000000000004e-02
   2.0217900000000000e-02
   1.9500749999999997e-02
   3.0914299999999999e-02
   4.2922950000000001e-02
   4.5982400000000000e-02
   2.9403699999999998e-02
   2.9098499999999999e-02
   2.4940500000000001e-02
   3.8314849999999998e-02
   4.3006900000000001e-02
   2.9159499999999998e-02
   1.1512740000000000e-02
   1.4419550000000000e-03
   1.7578150000000001e-02
   1.9218449999999998e-02
   1.8104550000000001e-02
   6.6223000000000002e-03
  -2.6550300000000001e-03
   5.8898900000000001e-03
   1.5480039999999999e-02
   1.6822840000000002e-02
   6.4239676000000002e-03
   3.2043449999999999e-03
   1.0025010000000001e-02
   2.3185749999999998e-02
   2.6199350000000003e-02
   1.9226050000000001e-02
   5.3558349999999998e-03
   1.3122565000000001e-03
   1.0330199999999999e-02
   1.5541075000000000e-02
   8.4152299999999992e-03
   1.9836449999999998e-04
   4.8904399999999994e-03
   1.8669150000000002e-02
   1.7669670000000002e-02
   5.0582900000000000e-03
   3.8070669499999997e-03
   2.2331250000000000e-02
   4.0969850000000002e-02
   4.5448299999999997e-02
   3.6003100000000003e-02
   2.9739350000000001e-02
   2.6138300000000000e-02
   3.3859250000000000e-02
   4.3746950000000000e-02
   3.1936650000000004e-02
   1.1077890000000000e-02
   2.4414099999999998e-03
   1.3481150000000001e-02
   2.1987899999999998e-02
   9.8190550000000001e-03
  -7.7133050000000002e-03
  -1.3320900000000000e-02
   4.9896219500000002e-03
   2.0416250000000000e-02
   2.4017350000000000e-02
   5.6457550000000006e-03
   1.8081650000000000e-03
   1.1413599999999999e-02
   2.2506699999999998e-02
   1.9004800000000002e-02
   3.8604749999999995e-03
  -3.4103400000000004e-03
   2.3574799999999999e-03
   1.4724714999999999e-02
   1.4831525000000000e-02
   9.6893500000000020e-04
  -2.9373150000000002e-03
   6.5383849999999999e-03
   1.1642460000000000e-02
   1.3702414999999999e-02
   6.1645550000000004e-03
   3.9443999999999998e-03
   9.3460300000000000e-03
   2.5085449999999999e-02
   3.0502300000000000e-02
   1.6601550000000000e-02
   1.0093680000000001e-02
   1.6098049999999999e-02
   2.7770999999999997e-02
   3.2714850000000004e-02
   1.6426099999999999e-02
   1.4106749999999999e-02
   5.6610150000000001e-03
   1.5899699999999999e-02
   1.5609729999999999e-02
   3.0136099999999999e-03
  -6.0196000000000000e-03
  -4.2648349999999998e-03
   1.1024480000000000e-02
   1.0574326000000000e-02
   1.1215499999999998e-03
  -1.2489294999999999e-02
  -1.0910000000000000e-02
  -1.2741100000000000e-03
   1.0208145000000000e-02
   1.1360159999999999e-02
  -4.1122460000000000e-03
  -4.1961650000000000e-03
   6.1111450000000001e-03
   1.7219550000000000e-02
   1.0940570000000000e-02
  -2.1057100000000002e-03
  -6.7901599999999999e-03
  -2.0751940000000003e-03
   1.2176500000000000e-02
   1.4396655000000001e-02
   3.3569349999999997e-03
  -2.7008049999999997e-03
   1.9836419999999999e-03
   2.3689249999999999e-02
   2.5726350000000002e-02
   5.8746474999999999e-03
  -4.5547499999999998e-03
   1.8539400000000001e-03
   3.4484839999999999e-03
   1.8920999999999999e-03
  -8.4686350000000004e-03
  -1.2229900000000000e-02
  -2.2926300000000000e-02
  -3.2272349999999997e-03
   1.2054650000000002e-03
  -3.3950700000000000e-03
  -1.0391225000000000e-02
  -1.2290950000000000e-02
   1.0986350000000001e-03
   6.8054300000000003e-03
  -4.0206700000000005e-03
  -1.3282800000000001e-02
