   5.2871500000000000e-03
   1.1466970000000000e-02
   6.9656400000000004e-03
   1.4190700000000001e-03
   2.2964499999999998e-03
   3.8149999999999816e-05
  -1.7471299999999995e-03
  -1.0864255000000000e-02
  -1.5068040000000001e-02
  -4.2953480000000000e-03
   5.9204260000000003e-03
   4.6844499999999997e-03
  -4.7301999999999934e-04
  -7.8735344999999995e-03
  -8.1253300000000001e-03
  -6.3628949999999995e-03
  -5.7296750000000000e-03
  -7.4538950000000003e-03
  -1.2359650000000003e-03
  -4.2877180000000003e-03
  -2.7008055000000003e-03
   1.9760150000000002e-03
   8.5067600000000004e-03
   1.3175945000000000e-02
   1.1566155000000000e-02
   1.5594449999999999e-02
   1.2824990000000000e-02
   1.3877875000000001e-02
   1.3191224999999999e-02
   7.4615350000000000e-03
   6.9198709999999993e-03
   7.4691999999999996e-03
   1.0757449999999995e-03
  -2.1896250000000002e-03
   1.1443999999999994e-04
   9.2315500000000016e-04
  -6.9427500000000027e-04
   3.1433099999999999e-03
  -6.4010420000000000e-03
  -3.9138799999999998e-03
   2.8915399999999997e-03
   3.1585710000000002e-03
   4.3792750000000002e-03
  -7.0648079999999997e-03
  -1.1444049999999998e-03
   4.0893559999999997e-03
   1.5907299999999999e-02
   2.0324700000000001e-02
   1.1901840000000000e-02
   1.0559070000000000e-02
   7.2174199999999996e-03
   9.7046049999999998e-03
   8.9874450000000002e-03
  -5.7220499999999968e-04
  -1.6403199999999998e-03
  -6.7138850000000002e-03
   3.5247820000000002e-03
  -1.3046249999999998e-03
  -2.0828250000000000e-03
   5.2795450000000001e-03
  -4.0206919999999993e-03
   4.6539149999999998e-03
   7.4310200000000000e-03
   5.8670110000000001e-03
   3.7231449999999998e-03
   8.0413700000000008e-03
   9.8037649999999990e-03
   3.8604749999999995e-03
   1.3717665000000000e-02
   1.8684349999999999e-02
   1.8547050000000002e-02
   1.9462600000000000e-02
   1.7433199999999999e-02
   1.3465880000000000e-02
   1.4312750000000001e-02
   1.3259880000000000e-02
   2.1987900000000001e-02
   2.2598250000000000e-02
   2.1278400000000003e-02
   1.8890400000000002e-02
   1.6433700000000002e-02
   1.4541640000000000e-02
   2.4894750000000000e-02
   2.5695800000000001e-02
   3.4484900000000002e-03
  -1.6479499999999998e-03
   8.5449000000000007e-04
   7.7895899999999999e-03
   2.8381350000000003e-03
  -4.1274999999999992e-03
  -1.2283349999999999e-03
   5.7525650000000003e-03
   1.1970515000000001e-02
   1.5548700000000000e-02
   1.3725289999999999e-02
   1.7997750000000000e-02
   1.4785750000000000e-02
   1.2374850000000000e-02
   1.0246274999999999e-02
   6.5231099999999995e-03
   5.9051664999999996e-03
   1.5258500000000022e-04
   4.1809064999999996e-03
   6.5078935000000004e-03
   6.1416600000000002e-03
   6.1111650000000000e-03
   7.9574699999999995e-03
   1.7807000000000000e-02
   1.8745450000000000e-02
   1.0848999999999999e-02
   4.3258700000000008e-03
   1.4190650000000002e-03
   6.8740959999999997e-03
  -2.1743750000000001e-03
   6.5231099999999995e-03
   7.0800665000000000e-03
   1.6143800000000000e-02
   1.1733995000000001e-02
   6.1721800000000002e-03
   3.7307700000000000e-03
   8.7509399999999987e-03
   1.3961780000000000e-02
   1.8066400000000000e-02
   2.2560100000000000e-02
   2.2613500000000002e-02
   1.7059339999999999e-02
   1.0353085000000000e-02
   9.0179349999999995e-03
   5.4473899999999999e-03
   5.6609900000000003e-03
  -3.1662000000000001e-03
  -3.8147000000000007e-04
   6.6376000000000000e-04
   7.0572050000000004e-03
   6.7596614999999999e-03
  -1.0986299999999997e-03
  -2.7999899999999996e-03
  -6.5688845000000003e-03
   4.3792550000000003e-03
   1.1444069999999999e-02
   1.2283300000000000e-02
   1.7395010000000002e-02
   1.5358000000000000e-02
   2.0133999999999999e-02
   1.7555250000000001e-02
   9.9334899999999997e-03
   4.3029899999999996e-03
  -1.3580349999999998e-03
   6.1034999999999996e-04
  -2.7084349999999999e-03
  -4.2648399999999998e-03
   4.8827999999999979e-04
   3.5705550000000004e-03
   5.0811750000000003e-03
   3.4408549999999996e-03
  -2.2659300000000002e-03
  -4.0512050000000004e-03
  -4.3029850000000005e-03
   1.1520350000000000e-03
  -5.5694500000000010e-04
   3.7307699999999996e-03
   4.8370270000000007e-03
   6.8206881999999993e-03
   1.2893685000000000e-02
   1.3404820000000001e-02
   1.4976480000000000e-02
   1.3038649999999999e-02
   1.2001044999999998e-02
   1.4869710000000000e-02
   1.4976500000000000e-02
   1.5731800000000001e-02
   6.1798299999999999e-03
   8.8806149999999997e-03
   7.3318450000000000e-03
   9.6740649999999991e-03
   8.5296650000000005e-03
   8.3008000000000005e-03
   4.5700095000000005e-03
   1.0314950000000000e-02
   1.1627175000000000e-02
   1.0498025000000001e-02
   1.0833735000000001e-02
   1.3534529999999999e-02
   6.4163079999999999e-03
   9.5214649999999998e-03
   1.4305120000000001e-02
   1.4961229999999999e-02
   1.3946525000000000e-02
   1.3343799999999999e-02
   1.3626099999999999e-02
   1.0200499999999999e-02
   8.8424949999999988e-03
  -3.2882700000000003e-03
  -5.7601900000000001e-03
  -3.0515000000000056e-05
  -4.3258550000000000e-03
  -5.4092599999999999e-03
  -3.4561300000000000e-03
  -2.7999900000000005e-03
   3.3645613499999998e-03
   3.6163314999999997e-03
  -2.1972649999999999e-03
  -5.8136035000000003e-03
  -5.0201413500000000e-03
  -2.0217885000000002e-03
   1.1291518000000000e-03
  -1.6937265000000002e-03
  -4.5929150000000004e-03
   3.8833600000000006e-03
   9.8266800000000008e-03
   7.2937100000000001e-03
   5.1727505000000000e-03
  -3.5629299999999997e-03
  -5.3405645000000005e-03
  -5.2566499999999999e-03
  -3.7536649999999998e-03
  -7.3929050000000000e-03
  -1.8653850000000000e-02
  -1.5113800000000000e-02
  -1.3900750000000000e-02
  -1.7547500000000002e-04
  -5.5923450000000003e-03
  -1.2283305000000000e-02
  -1.8241850000000000e-02
  -3.0342100000000000e-02
  -2.9121399999999999e-02
  -3.7010200000000000e-02
  -4.2686450000000001e-02
  -4.4776949999999996e-02
  -5.4466249999999994e-02
  -4.8065150000000001e-02
  -4.3334999999999999e-02
  -3.9947499999999997e-02
  -3.8337700000000002e-02
  -4.2167650000000001e-02
  -3.5316449999999999e-02
  -3.2485950000000000e-02
  -2.8892500000000002e-02
  -2.9892000000000002e-02
  -3.1219449999999999e-02
  -2.8335600000000002e-02
  -2.6611349999999999e-02
  -2.7496349999999996e-02
  -2.7664200000000000e-02
  -2.7000450000000002e-02
  -2.5070200000000001e-02
  -2.3330700000000003e-02
  -2.4032600000000001e-02
  -2.7542150000000001e-02
  -2.4711600000000000e-02
  -1.8997199999999999e-02
  -1.6601600000000001e-02
  -1.3328550000000000e-02
  -1.7600999999999999e-02
  -1.7272949999999999e-02
  -1.6906749999999998e-02
  -1.1276250000000000e-02
  -8.7585349999999996e-03
  -1.2306190000000000e-02
  -1.0322580000000000e-02
  -5.2185050000000000e-03
   2.4490350000000000e-03
  -1.3732900000000001e-03
  -4.4021580000000006e-03
  -2.2048950000000001e-03
   2.0980844999999998e-03
   4.6920750000000004e-03
   4.3640099999999998e-03
   5.1879499999999985e-04
  -3.5400399999999999e-03
  -1.2893650000000000e-03
   1.7547624999999997e-03
   8.8501000000000009e-04
  -5.0506599999999994e-03
  -4.6768199999999999e-03
  -7.8277450000000005e-03
  -6.6604600000000000e-03
   2.6702849999999997e-03
   8.1329250000000009e-03
   1.1543280000000000e-02
   8.3847300000000000e-03
   1.7936700000000000e-02
   1.3343799999999999e-02
   9.2925950000000007e-03
  -3.8833599999999998e-03
  -3.2501210000000003e-03
   1.4190670000000000e-03
   6.2560999999999997e-04
  -2.1133400000000000e-03
  -1.3809200000000003e-03
  -4.3869149999999999e-03
  -2.2964449999999998e-03
   6.0272000000000017e-04
   4.2648290000000004e-03
  -6.7978100000000005e-03
  -5.7296750000000000e-03
  -1.4266945000000000e-03
   1.3732894999999999e-03
  -8.4685999999999984e-04
  -4.1351334999999998e-03
   2.8686500000000004e-03
   1.2634295000000000e-02
   1.7997750000000000e-02
   1.9317599999999997e-02
   1.2763980000000001e-02
   1.4251695000000000e-02
   9.7274800000000002e-03
   1.3710005000000001e-02
   2.1789549999999998e-02
   2.2674600000000000e-02
   1.9470200000000000e-02
   1.7723099999999999e-02
   2.7175900000000003e-02
   2.5070149999999999e-02
   1.9393899999999999e-02
   1.3717640000000000e-02
   1.1672989999999999e-02
   1.3786335000000000e-02
   1.1238079999999999e-02
   9.7503550000000005e-03
   5.4931820000000001e-03
   3.3874515000000003e-03
   3.4790034999999998e-03
   6.0882550000000007e-03
   9.1629050000000007e-03
   6.5536500000000003e-03
   3.1814550000000001e-03
   7.4615499999999991e-03
   1.0986349999999999e-02
   1.3992320000000001e-02
   1.3359079999999999e-02
   1.7890949999999999e-02
   2.2239650000000000e-02
   1.7540000000000000e-02
   1.3809250000000000e-02
   4.2266840000000005e-03
   1.4800999999999998e-03
   2.4414074999999998e-03
   2.3879986500000001e-03
  -3.4332280000000000e-03
  -5.6915300000000002e-03
   1.9454950000000000e-03
   5.4016100000000003e-03
   5.6076049999999999e-03
   7.7133100000000001e-03
  -1.7318700000000004e-03
  -3.7994400000000003e-03
   1.2206999999999999e-03
   8.5144049999999992e-03
   1.0833725000000001e-02
   1.0337849999999999e-02
   9.3994000000000005e-03
   1.2863144999999999e-02
   1.4213550000000000e-02
   6.7672755000000003e-03
   4.7912581999999997e-03
  -1.8844600000000001e-03
  -2.4414000000000033e-04
   5.8212236499999995e-03
   7.1106134999999997e-03
   9.9868850000000009e-03
   2.6168850000000002e-03
  -2.7313200000000002e-03
   3.0517599999999997e-03
   2.6321405000000004e-03
  -2.2506749999999997e-03
   1.7394999999999997e-03
   2.3879999999999999e-03
   6.1111200000000003e-03
   3.4637470000000001e-03
   2.3880000000000004e-03
   7.0038050000000001e-03
   1.2763979999999999e-02
   1.2458810000000001e-02
   1.1344890000000000e-02
   1.3565050000000000e-02
   5.4473730000000001e-03
   1.1116045000000001e-02
   1.2443520000000000e-02
   1.6708399999999998e-02
   8.9416549999999997e-03
   1.5258999999999976e-04
  -2.8152500000000005e-03
  -2.8610249999999997e-03
   7.4768099999999995e-03
   6.3400290000000005e-03
  -1.2969950000000000e-03
   2.5940000000000034e-04
   5.0353999999999980e-04
   4.1809100000000004e-03
  -1.2435900000000001e-03
  -7.5683799999999996e-03
  -1.5556315000000001e-02
  -8.2702699999999997e-03
   4.1580200000000001e-03
   9.1400400000000003e-03
   8.4686350000000004e-03
   4.1122550000000004e-03
   4.0283200000000002e-03
   8.3541750000000001e-03
   8.3847100000000001e-03
   3.9062550000000000e-03
  -1.7395050000000006e-03
  -2.0751949999999997e-03
  -1.9760150000000002e-03
   1.0452299999999999e-03
   2.3651000000000011e-04
  -5.8669850000000008e-03
  -1.2512199999999995e-03
   5.2947790000000003e-03
   8.4609949999999989e-03
   9.3231199999999990e-03
   9.8113850000000006e-03
   6.6070649999999996e-03
   4.9972500000000000e-03
   4.7531149999999996e-03
   5.4168500000000008e-04
   2.5253299999999997e-03
   1.0398879999999999e-02
   9.1018850000000005e-03
   9.9716149999999996e-03
   9.5367600000000000e-03
   1.8310549999999998e-03
   3.5095249999999999e-03
   1.4800999999999998e-03
   2.9373160000000001e-03
   1.7700190000000003e-03
  -4.9591050000000001e-03
  -4.5928949999999996e-03
  -4.0740849999999999e-03
   2.4871850000000003e-03
  -1.9149749999999998e-03
  -4.5928949999999996e-03
  -7.1258400000000005e-03
  -6.0043300000000004e-03
  -5.1422150000000003e-03
  -4.9362199999999998e-03
  -4.1961690000000005e-03
  -1.5975949999999999e-02
  -1.2763969999999999e-02
  -6.0043350000000004e-03
  -1.2512199999999999e-03
   3.6010760000000004e-03
  -4.3487499999999993e-04
  -4.3487499999999993e-04
   9.7656499999999999e-04
   1.0681160000000000e-03
   8.7737999999999987e-04
  -5.8136118000000001e-03
  -7.3776349999999996e-03
  -9.7579850000000003e-03
  -6.2866200000000006e-03
  -9.7427299999999998e-03
  -1.5296960000000000e-02
  -1.5769960000000000e-02
  -1.2496975000000000e-02
  -1.2741084999999999e-02
  -1.4045700000000000e-02
  -1.8760699999999998e-02
  -1.4610270000000002e-02
  -1.5548700000000000e-02
  -1.4335600000000000e-02
  -1.2626645000000001e-02
  -7.7667499999999993e-03
  -2.4871810000000002e-03
  -2.5024424999999999e-03
  -4.7302500000000018e-04
  -2.3727449999999999e-03
  -5.7754350000000006e-03
  -7.1716150000000001e-03
  -5.3100765000000001e-03
  -4.0435499999999991e-04
   4.6081450000000001e-03
  -5.8822594999999997e-03
  -1.0032675000000000e-02
  -9.2239200000000000e-03
  -3.2730105000000000e-03
  -1.5106200000000003e-03
  -7.9345549999999994e-03
  -1.1009220000000000e-02
  -6.8817165000000001e-03
  -2.0065299999999999e-03
  -1.8310535000000000e-03
  -4.8751810000000001e-03
  -1.3481130000000001e-02
  -1.6403200000000000e-02
  -9.7198449999999995e-03
  -6.1034999999999865e-05
   7.7743500000000002e-03
   8.0871750000000003e-03
   1.1459350000000000e-02
   1.6578700000000002e-02
   1.3572680000000000e-02
   9.6130404999999995e-03
   3.2424699999999999e-03
  -6.0272050000000008e-03
  -7.9574599999999995e-03
  -8.8958950000000009e-03
  -1.2992880000000000e-02
  -1.5975944999999998e-02
  -1.1894215000000000e-02
  -8.9263929999999995e-03
  -1.4877350000000000e-03
  -7.0190349999999999e-03
  -1.3244624999999999e-02
  -9.9640000000000006e-03
  -8.8577499999999993e-03
  -5.7525850000000002e-03
  -1.0177630000000000e-02
  -1.0459900000000001e-02
  -3.5400399999999995e-03
  -3.0517499999999998e-04
   5.8364900000000006e-03
   4.8904395000000005e-03
  -2.6626599999999999e-03
  -2.0675700000000003e-03
  -6.9961799999999994e-03
  -4.4784550000000001e-03
  -3.4866350000000001e-03
  -3.8528399999999997e-03
  -5.8975119999999997e-03
  -5.5847335000000003e-03
  -3.2882699999999998e-03
  -3.1356835000000000e-03
  -5.5160599999999997e-03
  -1.3023400000000001e-02
  -1.1543265000000000e-02
  -5.2719149999999994e-03
  -3.5095199999999999e-03
  -2.4032550000000000e-03
  -6.2866100000000006e-03
  -6.6375749999999997e-03
  -6.7443700000000004e-03
  -2.2888150000000000e-03
   6.4926299999999992e-03
   2.3879999999999999e-03
   3.9443984999999997e-03
   3.0822749999999998e-03
   7.3089650000000006e-03
   4.8522969499999995e-03
  -1.0299649999999999e-03
  -5.6762465000000000e-03
  -6.7367550000000005e-03
  -6.0577400000000007e-03
  -6.5917900000000001e-03
  -1.2374860000000000e-02
  -7.7514699999999999e-03
  -6.2027000000000002e-03
  -9.4604500000000018e-04
   2.4490350000000000e-03
  -3.3569500000000000e-04
  -6.9122089999999999e-03
  -8.9950799999999990e-03
  -3.4332000000000004e-04
  -5.5389224999999997e-03
  -1.4579770000000001e-02
  -1.1177075000000002e-02
  -4.6844500000000006e-03
   6.0958699999999998e-03
   7.7896149999999997e-03
   8.6364750000000011e-03
   2.4566649999999994e-03
   8.2397500000000001e-04
   6.0501100000000000e-03
   5.1498400000000001e-03
   6.5002350000000000e-03
  -1.4343299999999997e-03
   3.3111550000000001e-03
   3.6468500000000001e-03
   6.9427550000000001e-03
   2.5405899999999997e-03
  -4.6997000000000002e-03
  -1.0459895000000000e-02
  -8.8501050000000005e-03
  -5.4626500000000003e-03
  -4.9057024999999994e-03
  -9.8419049999999998e-03
  -7.8506500000000007e-03
  -1.0658250000000001e-02
  -3.8833649999999997e-03
   2.9449450000000000e-03
   1.7471350000000004e-03
   1.1673000000000000e-03
   1.4419550000000002e-03
   3.0822749999999998e-03
   2.6855500000000001e-03
  -4.4555599999999999e-03
  -2.8381350000000003e-03
  -7.4233800000000003e-03
  -2.5253270000000000e-03
  -7.2937250000000000e-03
  -1.0856639999999999e-02
  -8.1482139999999991e-03
  -1.5426655000000001e-02
  -8.6364849999999993e-03
  -4.4937155000000003e-03
  -8.2931644999999984e-03
  -1.5922535000000002e-02
  -1.3671875000000000e-02
  -2.5405900000000001e-03
  -2.8610200000000001e-03
  -9.1781450000000004e-03
  -6.5841650000000003e-03
   1.5792850000000002e-03
   1.0841375000000000e-02
   1.5747049999999999e-02
   1.1627200000000001e-02
   6.9503799999999999e-03
   5.8746350000000004e-03
   5.6686400000000000e-03
   3.8070700000000001e-03
   5.1727314999999996e-03
   2.2583049999999999e-03
   7.7056999999999994e-04
   2.8915415000000002e-03
   7.9574450000000005e-03
   3.3721929999999999e-03
  -1.8997200000000001e-03
  -6.0577224999999995e-03
  -7.7819499999999997e-04
   2.1896350000000001e-03
   2.7465849999999997e-03
  -6.1340530500000002e-03
  -7.7361849999999996e-03
  -5.8975199999999998e-03
  -2.4337800000000000e-03
   2.5939950000000000e-03
   5.5084399999999999e-03
   1.2985219999999999e-02
   1.3908364999999999e-02
   1.5022250000000001e-02
   1.7646800000000001e-02
   1.4244055000000000e-02
   1.5769950000000001e-02
   1.2062095000000000e-02
   7.4310250000000000e-03
   3.7384000000000028e-04
  -4.9591040000000006e-03
  -6.0729759999999999e-03
  -5.1574734999999998e-03
   1.6860949999999999e-03
   1.1291500000000000e-03
   1.3885450000000001e-03
  -6.3629350000000001e-03
  -5.2795450000000001e-03
  -2.5329584999999998e-03
  -7.5836050000000002e-03
  -1.2847915000000000e-02
  -1.4274590000000000e-02
  -6.8588110000000002e-03
   8.1329249999999992e-03
   1.1573815000000001e-02
   1.0864260000000001e-02
   4.8980800000000000e-03
   4.9591150000000001e-03
   1.0208155000000000e-02
   1.0208129999999999e-02
   6.6452250000000003e-03
   1.3885500000000001e-03
  -5.9508999999999994e-04
  -1.3122600000000000e-03
  -7.7819999999999994e-04
  -9.8419000000000024e-04
  -7.2250530500000002e-03
  -8.9111200000000015e-03
  -9.4070399999999985e-03
  -5.4626440000000000e-03
  -5.5236740000000001e-03
  -9.3231254999999996e-03
  -8.5754479999999994e-03
  -1.1917100000000000e-02
  -5.7373179999999999e-03
   8.8730000000000007e-03
   7.9269299999999987e-03
   1.1940025000000000e-02
   1.4518745000000000e-02
   1.6067500000000002e-02
   1.4556899999999999e-02
   8.6059700000000010e-03
   8.7509100000000006e-03
   4.5623769499999996e-03
   5.1116950000000003e-03
   4.4097874999999998e-03
  -2.1362300000000002e-03
  -3.4408350000000002e-03
  -3.4637349999999999e-03
  -1.5792849999999999e-03
  -1.9073450000000000e-03
  -2.8533900000000004e-03
  -4.3945399999999997e-03
  -4.7836399999999996e-03
  -7.5531000000000036e-04
   1.3961800000000001e-03
  -4.0130549999999997e-03
  -1.1878980000000001e-02
  -7.5836335000000000e-03
   5.7296570000000000e-03
   1.3053889999999999e-02
   1.2290934999999999e-02
   4.4555549999999999e-03
   5.8593949999999999e-03
   4.7683704999999998e-03
   5.8822784999999992e-03
  -6.8665000000000002e-04
  -8.5601739999999985e-03
  -5.3253185000000005e-03
  -9.4452100000000008e-03
  -6.2789845000000002e-03
  -2.4871600000000000e-03
  -7.5759999999999994e-03
  -1.1352540000000001e-02
  -1.1581434999999999e-02
  -4.6386724999999997e-03
  -5.6000004999999997e-03
  -4.7226200000000003e-03
  -9.8800499999999996e-03
  -1.2321485000000000e-02
  -1.0505684999999999e-02
  -8.1023950000000001e-03
  -1.7013549999999999e-03
   4.2953399999999999e-03
   9.9334750000000006e-03
   1.0467529999999999e-02
   9.0789600000000005e-03
  -2.1362500000000027e-04
  -1.3275149999999996e-03
  -1.7089849999999997e-03
  -1.4114399999999999e-03
  -6.5460200000000005e-03
  -1.2969499999999998e-04
  -7.0037800000000002e-03
  -3.4179550000000003e-03
  -4.0436000000000031e-04
   2.0065299999999999e-03
  -1.5335050000000001e-03
  -5.3482200000000008e-03
  -6.3171299999999998e-03
  -8.0413749999999999e-03
  -7.0648200000000003e-03
  -6.3476435000000006e-03
  -1.9699099999999997e-02
  -1.2268055000000000e-02
  -6.5841499999999996e-03
  -2.0828250000000000e-03
   7.6294999999999662e-05
  -4.9209700000000002e-03
  -6.6528509999999996e-03
  -7.6293749999999999e-03
  -2.8228749999999999e-03
  -5.6762524999999994e-03
  -7.8735239999999998e-03
  -9.7427315000000007e-03
  -1.3763440000000000e-02
  -1.0940554999999999e-02
  -5.0659399999999997e-03
  -7.6980499999999997e-03
  -6.9809149999999999e-03
  -1.4190649999999999e-02
  -1.3343850000000001e-02
  -1.0475180000000001e-02
  -1.7005949999999999e-02
  -2.0614600000000000e-02
  -1.7883299999999998e-02
  -1.5327449999999999e-02
  -1.1566145000000000e-02
  -9.9715949999999998e-03
  -8.8271965000000004e-03
  -6.0348509999999999e-03
  -9.6130499999999997e-04
  -4.6615509999999999e-03
  -5.8975210000000002e-03
  -1.1543260000000000e-02
  -1.0406520000000001e-02
  -1.3114935000000001e-02
  -1.4259350000000000e-02
  -1.8218999999999999e-02
  -2.2712750000000000e-02
  -1.9782999999999999e-02
  -1.3694740000000000e-02
  -9.5443500000000001e-03
  -9.1781399999999996e-03
  -1.0391220000000000e-02
  -1.0910035000000000e-02
  -5.1498389999999998e-03
  -3.5552960000000003e-03
  -2.1438600000000000e-03
  -1.1924745000000000e-02
  -1.6670200000000000e-02
  -9.8113899999999997e-03
   3.0517999999999995e-04
   5.4092400000000001e-03
  -2.4719250000000003e-03
  -2.9983500000000003e-03
  -5.3404999999999859e-05
   2.0523049999999999e-03
   4.0817243999999994e-03
   1.4648450000000002e-03
  -3.0441350000000003e-03
  -7.9727200000000008e-03
  -7.6751600000000003e-03
  -6.5536345000000006e-03
  -8.1939560000000005e-03
  -8.3694349999999997e-03
  -9.9487450000000002e-03
  -1.7547500000000002e-04
  -3.7918099999999996e-03
  -6.5917735000000002e-03
  -9.4146949999999990e-03
  -1.1550895000000000e-02
  -1.1604315000000000e-02
  -1.2420674999999999e-02
  -1.0818500500000000e-02
  -1.3076800000000001e-02
  -4.2648299999999998e-03
   3.6697500000000003e-03
   4.3716399999999996e-03
   3.0212399999999997e-03
  -4.2877200000000001e-03
  -2.6016249999999998e-03
  -6.0271999999999973e-04
  -4.3716650000000003e-03
  -6.4926150000000002e-03
  -1.0513284999999999e-02
  -1.2313830000000001e-02
  -6.8588206000000001e-03
  -2.9296850000000000e-03
  -1.9607549999999998e-03
  -8.2092290000000002e-03
  -7.2479319999999995e-03
  -2.7389500000000000e-03
   7.6290000000000125e-05
  -2.4719250000000007e-03
  -3.0670150000000002e-03
  -8.5754400000000001e-03
   1.9073499999999997e-03
   1.1627200000000001e-02
   1.4305125000000000e-02
   1.1909505000000001e-02
   7.5988750000000006e-03
   3.6849949999999995e-03
   7.8963999999999996e-03
   6.5002445000000002e-03
  -8.3160500000000045e-04
  -4.3029599999999998e-03
   5.8746500000000056e-04
   1.1917100000000000e-02
   2.0889300000000000e-02
   2.2872950000000000e-02
   2.2827149999999997e-02
   1.4015200000000000e-02
   1.5602129999999999e-02
   1.1421209999999999e-02
   7.0953500000000029e-04
  -1.7318650000000004e-03
   5.9509499999999991e-04
   4.1198750000000003e-03
  -1.9073500000000004e-04
  -2.2888199999999996e-03
   1.2512249999999999e-03
   9.8953110000000004e-03
   1.5144350000000001e-02
   1.6281150000000001e-02
   1.4755230000000001e-02
   1.1589035000000001e-02
   1.3725305000000000e-02
   1.1878945000000000e-02
   1.8013000000000001e-02
   1.1360180000000001e-02
   1.0528549999999997e-03
   9.3079499999999989e-04
   2.4108850000000002e-03
   8.4533549999999992e-03
   3.1509400000000005e-03
  -6.0882350000000000e-03
  -9.3612550000000006e-03
  -7.8201250000000007e-03
  -6.0577295000000001e-03
  -3.6773450000000003e-03
  -5.8899099999999999e-03
  -1.0772695000000001e-02
  -1.1474620000000001e-02
  -2.3727449999999999e-03
   3.3035249999999999e-03
   5.1727399999999995e-03
   5.9967000000000006e-03
   3.3721899999999997e-03
   8.6136100000000007e-03
   5.9738144999999998e-03
   2.7465949999999997e-03
   2.2888499999999985e-04
  -8.7738000000000009e-04
  -6.1797999999999974e-04
   2.1057099999999998e-03
   3.6392300000000002e-03
   7.9345999999999974e-04
   1.7547650000000001e-03
   1.0604850000000001e-03
  -2.3803750000000005e-03
   2.5558499999999997e-03
  -2.7694900000000003e-03
  -4.2725000000000055e-04
   1.8920900000000001e-03
   0.0000000000000000e+00
   1.3504000000000001e-03
   3.4103599999999999e-03
   5.9433099999999994e-03
   8.5830650000000008e-03
   1.0505660000000000e-02
   8.7203799999999998e-03
   2.8229000000000014e-04
   2.7084349999999999e-03
   2.0828250000000000e-03
   1.0910050000000001e-03
  -5.8288550000000000e-03
  -6.9351249999999994e-03
  -6.7214950000000001e-03
  -5.0659099999999999e-03
   2.6092549999999996e-03
   2.0751950000000002e-03
  -1.7318650000000000e-03
  -7.9651000000000010e-03
  -8.7356800000000009e-03
  -7.7590749999999998e-03
  -5.7525700000000003e-03
  -9.5138300000000009e-03
  -1.3168310000000001e-02
  -1.9424449999999999e-02
  -1.0459885000000000e-02
  -2.7466000000000036e-04
   7.0953275000000000e-03
   3.6087000000000003e-03
   2.4032750000000003e-03
   6.9656399999999995e-03
   6.7138600000000003e-03
   6.1569085000000006e-03
  -2.6168949999999997e-03
  -1.8386849999999996e-03
   1.7089849999999999e-03
   5.8135755000000002e-03
   1.9835999999999986e-04
  -9.4528335000000005e-03
  -2.8000099999999999e-03
   4.5623650000000005e-03
   4.8599245000000004e-03
   2.0065299999999994e-03
  -1.3275150000000000e-03
  -2.8457650000000005e-03
   7.3242000000000012e-04
   2.0828250000000000e-03
  -4.8141469999999995e-03
  -7.0953490000000008e-03
  -3.1051600000000000e-03
   2.2125249999999999e-03
   1.1634815000000000e-02
   1.2573259999999999e-02
   6.7444100000000002e-03
   9.4375650000000002e-03
   1.2031534999999999e-02
   1.3984650000000001e-02
   9.3841599999999990e-03
  -2.6702999999999970e-04
  -2.0828200000000000e-03
   9.3841500000000017e-04
   4.7912590000000000e-03
   5.9051594999999998e-03
  -2.7618449999999998e-03
  -7.7361824999999992e-03
  -1.5037555000000001e-02
  -1.0414099999999999e-02
  -7.8277550000000005e-03
  -1.5983560000000001e-02
  -1.8653850000000000e-02
  -2.5093100000000000e-02
  -1.6571050000000000e-02
  -8.3160249999999995e-03
  -9.1247500000000009e-03
  -7.1411349999999998e-03
  -5.5313199999999993e-03
  -1.9683850000000004e-03
   1.5106199999999998e-03
  -2.2888500000000029e-04
  -4.7073200000000001e-03
  -8.6822729999999990e-03
  -7.8506649999999997e-03
  -8.3008000000000005e-03
  -7.1868999999999995e-03
  -1.2451190000000001e-02
  -7.3852700000000002e-03
  -9.3689150000000002e-03
  -7.3852299999999996e-03
  -7.7285549999999998e-03
  -1.4823899999999999e-02
  -1.1199959999999998e-02
  -9.7885100000000003e-03
  -3.9443990000000003e-03
  -4.6462993999999997e-03
  -1.3450630000000000e-02
  -4.2114299999999995e-03
   5.8212310000000005e-03
   1.0467549999999999e-02
   1.4465350000000002e-02
   9.6969700000000009e-03
   1.0025030000000001e-02
   1.3649000000000001e-02
   1.5426600000000000e-02
   1.6128549999999998e-02
   4.0435775000000002e-03
   9.0789500000000014e-04
   3.0441250000000000e-03
   1.1383045000000001e-02
   1.2939450000000002e-02
   1.2908955000000000e-02
   1.0749840000000000e-02
   3.1127899999999998e-03
  -7.6290000000000125e-05
   1.3122550000000000e-03
  -5.5694500000000053e-04
   1.3732999999999974e-04
  -4.4708150000000004e-03
  -1.1138899999999998e-03
   6.4773564999999998e-03
   1.2329079999999999e-02
   1.3641364999999999e-02
   1.2390155000000000e-02
   1.5090949999999999e-02
   1.3725250000000000e-02
   1.3969400000000000e-02
   7.3470849999999997e-03
   9.4909899999999995e-03
   1.4915450000000000e-02
   1.0505665000000001e-02
   1.4259320000000001e-02
   8.1329400000000000e-03
   5.8441100000000005e-03
   3.0899100000000004e-03
   3.4179649999999998e-03
   2.1896399999999996e-03
   1.0986349999999997e-03
   2.7465499999999995e-04
  -1.7471300000000000e-03
   4.5700075000000007e-03
   2.9754600000000001e-03
   1.4953650000000002e-03
   3.8223300000000005e-03
   6.4620900000000002e-03
   1.5663150000000001e-02
   1.7822249999999998e-02
   1.4373785000000000e-02
   1.4892585000000000e-02
   1.4312745000000000e-02
   1.5449549999999999e-02
   1.2771619999999999e-02
   2.9449499999999996e-03
   3.0288649999999999e-03
   4.7836420000000003e-03
   1.1054985000000000e-02
   1.1825535000000000e-02
   8.4610199999999997e-03
   6.4239550000000003e-03
   7.7362300000000002e-03
   8.5678300000000002e-03
   9.2239599999999998e-03
   7.5683699999999996e-03
   6.3171290000000003e-03
   8.2092450000000004e-03
   1.0238625000000001e-02
   1.4335649999999998e-02
   1.6738900000000001e-02
   1.3587945000000001e-02
   1.6540550000000001e-02
   1.9783000000000002e-02
   1.5464800000000001e-02
   1.0513305000000001e-02
   7.1258650000000003e-03
   4.2266850000000000e-03
   3.8757300000000000e-03
   6.4621000000000001e-03
   3.6926290000000002e-03
  -1.0528599999999996e-03
  -9.5367499999999997e-04
  -1.6250600000000002e-03
   3.9138810000000001e-03
   1.6784650000000001e-03
  -3.3187849999999994e-03
  -1.0680999999999972e-04
  -1.7700200000000002e-03
   3.8833599999999998e-03
  -8.3160500000000023e-04
  -5.6839119999999993e-03
  -1.5335050000000005e-03
   5.8136059999999998e-03
   1.7219550000000000e-02
   1.6952550000000000e-02
   1.0917669999999999e-02
   3.3264150000000001e-03
  -1.1138900000000000e-03
   4.7988900000000001e-03
   2.8229000000000014e-04
  -5.4397714999999992e-03
  -6.8817300000000000e-03
  -3.5095349999999998e-03
   6.6757349999999995e-03
   8.0642449999999994e-03
   8.3007949999999997e-03
   4.4555899999999997e-03
   5.6838850000000005e-03
   5.8746350000000004e-03
   3.5476650000000002e-03
   5.1956299999999997e-03
   3.5858000000000027e-04
   4.1961659999999994e-03
   2.8839099999999999e-03
   1.9912699999999998e-03
   6.2408350000000001e-03
   1.5716549999999999e-03
   6.0500889999999998e-03
   8.4762799999999992e-03
   5.1574699999999999e-03
   1.1215200000000002e-03
  -3.6773500000000002e-03
  -1.0826130000000000e-02
  -8.4838750000000001e-03
  -5.7678249999999999e-03
  -7.1792450000000008e-03
  -1.1871320000000001e-02
  -7.2631700000000002e-03
  -2.0065299999999999e-03
  -8.3925000000000102e-05
  -8.0108499999999999e-04
  -3.1280450000000003e-03
  -5.9051685000000003e-03
  -1.5029900000000001e-03
   2.7618399999999998e-03
   2.5634750000000000e-03
  -7.1029649999999993e-03
  -8.0337550000000001e-03
  -6.9656499999999994e-03
   3.8299549999999999e-03
   1.2741099999999997e-03
   6.8893649999999997e-03
   6.7596499999999999e-03
   1.1901849999999999e-03
   4.9591050000000001e-03
   6.4086950000000007e-03
   2.8381349999999999e-03
  -1.0116570000000000e-02
  -1.3076765000000001e-02
  -7.0114100000000009e-03
  -9.8418999999999980e-04
  -1.3885500000000001e-03
  -3.5705649999999999e-03
  -6.1034949999999996e-03
  -5.6762519999999997e-03
  -7.7819500000000019e-04
  -1.3732900000000001e-03
  -5.6839200000000003e-03
  -5.8441350000000003e-03
  -2.5634750000000000e-03
  -4.4326780000000007e-03
   2.7999850000000005e-03
   7.4233850000000002e-03
   1.4778160000000000e-02
   1.5464749999999999e-02
   1.7311100000000003e-02
   2.0751949999999998e-02
   9.9410799999999997e-03
   9.1247599999999991e-03
   9.7274900000000001e-03
   7.3471000000000005e-03
   2.8991499999999996e-04
  -6.5918206000000002e-03
  -7.5225700000000001e-03
  -5.1879885000000008e-03
  -1.8844590000000002e-03
  -6.0501100000000000e-03
  -1.0345465000000000e-02
  -1.4343260000000000e-02
  -1.4709470000000001e-02
  -1.1253345000000001e-02
  -8.1634700000000008e-03
  -1.4419550000000000e-02
  -1.8836950000000002e-02
  -1.7723049999999997e-02
  -3.7765489999999997e-03
   9.0179649999999993e-03
   1.0719279999999999e-02
   1.0818485000000001e-02
   1.2649555000000000e-02
   8.9950450000000001e-03
   7.8201149999999990e-03
   1.4953650000000000e-03
  -6.4849964999999996e-03
  -7.7972199999999997e-03
  -6.9732450000000003e-03
  -8.2397599999999988e-03
  -5.2413900000000003e-03
  -9.7808599999999989e-03
  -9.3841399999999991e-03
  -9.2544499999999991e-03
  -8.2244950000000001e-03
  -9.1324100000000005e-03
  -1.1871360000000001e-02
  -1.2153630000000000e-02
  -1.1650094999999999e-02
  -9.2315899999999996e-03
  -4.3869050000000000e-03
  -6.9732850000000001e-03
  -4.0359486499999993e-03
  -4.3182350000000001e-03
   7.1716439999999998e-04
   4.8751800000000007e-03
   2.3345950000000001e-03
  -6.7901500000000004e-04
  -4.3563849999999999e-03
  -7.1563549999999997e-03
  -7.6904299999999998e-03
  -1.0078405000000000e-02
  -1.5541080000000001e-02
  -2.0294150000000000e-02
  -9.2010700000000004e-03
  -7.6828150000000008e-03
  -1.2352000000000000e-02
  -1.9775399999999999e-02
  -1.9714349999999999e-02
  -8.6059499999999994e-03
  -4.7149645000000000e-03
  -9.0408150000000007e-03
  -1.8661500000000001e-02
  -1.6311650000000000e-02
  -5.1116950000000003e-03
  -9.8419299999999996e-04
   4.8370349999999999e-03
   3.2959000000000000e-03
  -1.0147100000000000e-03
   3.8070675000000001e-03
   4.0512099999999995e-03
   7.5073400000000004e-03
   8.2855299999999993e-03
   1.3809200000000001e-03
   4.3029785000000004e-03
   5.1651206000000007e-03
   1.1505120000000001e-02
   8.5601649999999998e-03
   6.2637459999999997e-03
   2.1209699999999998e-03
   2.6245100000000000e-03
   7.6299999999997897e-06
  -7.2707950000000000e-03
  -7.9269400000000004e-03
  -6.5002200000000001e-03
  -5.8288749999999999e-03
  -1.2023920000000000e-02
  -1.2779255000000000e-02
  -3.6087000000000003e-03
   1.9378650000000000e-03
   9.9639749999999999e-03
   1.2916555000000000e-02
   7.7590749999999998e-03
   8.3999399999999998e-03
   1.1306760000000001e-02
   1.4106775000000002e-02
   9.8648099999999999e-03
   6.1416400000000003e-03
   2.6092500000000000e-03
  -2.0141600000000001e-03
  -2.1438600000000000e-03
  -5.3787319999999998e-03
  -5.7602000000000000e-03
  -1.1177075000000000e-02
  -9.9258500000000000e-03
  -3.4408550000000000e-03
  -4.2114235000000003e-03
  -6.3781645000000001e-03
  -1.3580309999999998e-02
  -1.3412495000000000e-02
  -6.7138849999999993e-03
  -1.4190650000000000e-03
   5.0583088000000003e-03
   2.4948150000000001e-03
   1.6021750000000002e-03
  -9.0027000000000011e-04
   2.5558476000000002e-03
   2.7923599999999998e-03
  -8.4076150000000002e-03
  -1.3710034999999999e-02
  -9.7808749999999996e-03
  -1.0375995000000001e-03
   1.0681150000000001e-03
  -3.5247799999999999e-03
  -4.9209580500000003e-03
  -7.4539150000000002e-03
  -4.1961499999999992e-04
   6.7902000000000023e-04
  -5.6152324999999993e-03
  -1.0314924999999999e-02
  -3.2501199999999996e-03
   5.1269499999999999e-03
  -2.4871849999999994e-03
  -7.8659000000000003e-03
  -5.8975000000000000e-03
  -1.7700200000000000e-03
   1.3626100000000000e-02
   1.3076800000000000e-02
   5.4321300000000003e-03
   7.0190499999999963e-04
  -3.4408550000000000e-03
   5.0048706000000000e-03
   4.2572000000000000e-03
  -9.3307300000000006e-03
  -1.1444090000000001e-02
  -1.1947645000000000e-02
  -7.1487649999999996e-03
  -2.7465850000000002e-03
  -1.7089850000000005e-03
  -5.9280599999999998e-03
  -5.9051299999999998e-03
  -2.8762849999999997e-03
  -2.7923599999999998e-03
  -9.0408350000000005e-03
  -1.5769949999999998e-02
  -1.6799950000000001e-02
  -1.1764540000000000e-02
  -2.2201550000000001e-03
   8.2473500000000005e-03
   8.5525549999999999e-03
   1.0078440000000001e-02
   1.1054995000000000e-02
   1.0742195000000000e-02
   7.8201450000000006e-03
   1.6403200000000000e-03
   5.4168500000000008e-04
  -6.5918100000000000e-03
  -3.1890884999999998e-03
   8.0871500000000000e-04
  -5.3405950000000001e-03
  -3.1814650000000001e-03
  -6.4163293999999994e-03
  -2.7465850000000002e-03
  -2.8991700000000000e-03
  -6.3247640000000001e-03
  -1.0269179999999999e-02
  -9.7885100000000003e-03
   3.5400370000000002e-03
   3.2882705000000000e-03
  -9.0408099999999998e-03
  -5.9814500000000001e-03
   2.0523099999999999e-03
   6.4697399999999999e-03
   1.4953600000000001e-02
   1.0269159999999999e-02
   7.7209404999999997e-03
   1.2344355000000000e-02
   2.1041850000000001e-02
   2.1224949999999999e-02
   1.6715990000000000e-02
   1.0177623500000000e-02
   7.8735390000000006e-03
   5.2490475000000003e-03
   8.9721850000000006e-03
   5.3482189999999995e-03
  -3.0517850000000000e-03
  -4.4708300000000003e-03
  -1.3427750000000000e-03
   9.6893499999999987e-04
   1.1825550000000001e-03
  -9.0789999999999968e-04
   4.3869050000000000e-03
   5.0582900000000000e-03
   5.7754499999999997e-03
   1.1932364999999999e-02
   9.1018850000000005e-03
   8.2015899999999999e-03
   7.1487349999999998e-03
   1.0169994999999999e-02
   9.8419149999999997e-03
   3.7918099999999996e-03
   3.9520099999999997e-03
  -9.4603999999999999e-04
   3.5095000000000005e-04
   9.6130499999999997e-04
  -2.5787349999999995e-03
  -2.5024449999999998e-03
  -1.9836499999999983e-04
   4.2572150000000000e-03
   3.9520280500000005e-03
  -3.2577499999999994e-03
  -1.0200495000000000e-02
  -9.8648000000000000e-03
  -1.5411349999999999e-03
   1.7013550000000001e-03
  -2.9525749999999998e-03
  -4.0435999999999944e-04
  -1.6021750000000000e-03
   1.1093155000000000e-02
   1.8692000000000000e-02
   2.2735600000000002e-02
   1.8386850000000000e-02
   1.7951999999999999e-02
   2.1926899999999999e-02
   1.6632100000000000e-02
   1.4328000000000000e-02
   8.2931299999999993e-03
   6.5384099999999997e-03
   5.7144088000000001e-03
   8.3541700000000010e-03
   2.0370450000000003e-03
  -3.7231299999999994e-03
  -2.1362300000000002e-03
   4.9438399999999997e-03
   7.9879849999999995e-03
   8.9187850000000003e-03
   4.3945299999999998e-03
   2.1438600000000000e-03
  -1.2588499999999999e-03
   1.4572150000000000e-03
   2.1438600000000000e-03
   5.8898835000000000e-03
   7.5073299999999996e-03
   7.1869100000000003e-03
   1.2130729999999999e-02
   1.3137810000000000e-02
   1.0185234999999999e-02
   6.3934270000000001e-03
   4.9896245000000004e-03
   8.4457500000000001e-03
   3.2424923999999997e-03
  -1.6937249999999997e-03
  -4.3716699999999994e-03
   4.9591000000000001e-04
   7.3929000000000000e-03
   1.0238654999999999e-02
   4.5471399999999999e-03
   2.5329400000000000e-03
   1.3351549999999998e-03
   5.4931570000000002e-03
   7.4615400000000009e-03
   2.3345950000000001e-03
  -5.2108549999999995e-03
  -2.4413999999999990e-04
   1.0314944999999999e-02
   1.0818484999999999e-02
   1.0131820000000000e-02
   8.7432650000000001e-03
   9.7198250000000014e-03
   7.2173849999999998e-03
   9.5062400000000009e-03
   1.2138375000000000e-02
   3.6468349999999997e-03
  -6.3323999999999976e-04
   4.9514774999999999e-03
   1.1749250000000001e-03
   1.9073500000000004e-03
  -1.7318699999999999e-03
  -1.6250599999999998e-03
   1.0833749999999997e-03
   3.5018900000000006e-03
  -1.9073500000000004e-04
  -4.2266949999999999e-03
  -1.9836499999999983e-04
  -3.9825450000000005e-03
  -2.0294200000000005e-03
  -2.4337800000000000e-03
  -3.0441250000000000e-03
   2.5634749999999995e-03
   4.5242249999999998e-03
   1.0719320000000001e-02
   6.9198450000000009e-03
   7.9421754999999990e-03
   8.6669699999999995e-03
  -4.7225900000000005e-03
  -1.5260000000000013e-05
   3.2805999999999981e-04
  -4.1808899999999996e-03
  -1.8005349999999998e-03
  -1.1055010000000001e-02
  -6.4086999999999998e-03
  -3.0288699999999999e-03
  -4.7912449999999995e-03
  -8.0871650000000003e-03
  -9.0713700000000005e-03
  -2.2125500000000006e-04
   1.5106199999999998e-03
   1.3809199999999999e-03
  -7.0800969499999998e-03
  -1.0070800000000003e-03
   4.5318586499999997e-03
   1.7379749999999999e-02
   2.1942150000000001e-02
   2.0408599999999999e-02
   1.7578099999999999e-02
   1.5411399999999999e-02
   1.4503450000000001e-02
   7.7438349999999993e-03
   1.4114349999999999e-03
  -3.8299545000000002e-03
  -6.3552849999999996e-03
   3.4103409999999999e-03
  -1.5029900000000001e-03
   1.8081650000000000e-03
   2.7084349999999999e-03
   4.0893555000000000e-03
   6.3934449999999993e-03
   8.6288549999999995e-03
   8.9416349999999999e-03
  -1.2130750000000005e-03
   1.2207049999999999e-03
   4.1122399999999996e-03
   2.4108899999999997e-03
  -1.4648449999999998e-03
  -6.4010600000000001e-03
  -3.2501250000000004e-03
   1.2168870000000002e-02
   8.9874150000000003e-03
   6.7291349999999998e-03
   4.3258649999999999e-03
   4.5928944999999999e-03
   1.1611935000000000e-02
   9.5062150000000002e-03
   7.2021699999999999e-03
   3.0517499999999954e-04
   2.3422100000000004e-03
   4.6844499999999997e-03
   8.2321100000000008e-03
   9.2010249999999998e-03
   3.0059800000000001e-03
  -6.2713800000000000e-03
  -3.8833649999999997e-03
  -2.0141625000000001e-03
  -4.7836300000000005e-03
  -1.6288750000000001e-02
  -2.0187400000000001e-02
  -1.8951400000000000e-02
  -6.4315800000000001e-03
  -3.2577500000000002e-03
  -9.1400400000000003e-03
  -1.2474079999999999e-02
  -8.6288549999999995e-03
  -4.7378549999999992e-03
  -3.8070667999999998e-03
  -1.1344915000000001e-02
  -1.5411355000000002e-02
  -1.6639700000000000e-02
  -3.1051625000000000e-03
  -1.9226099999999999e-03
  -1.7700200000000002e-03
  -2.8991700000000004e-03
  -4.9057200000000006e-03
  -9.3841500000000017e-04
  -2.1591199999999996e-03
   2.6702900000000001e-03
  -2.6550299999999996e-03
  -6.2866019999999996e-03
  -2.8762850000000001e-03
  -6.3781899999999997e-03
  -1.8539249999999998e-03
   1.9378649999999996e-03
   5.8135799999999996e-03
   1.2420649999999998e-02
   1.3618499999999999e-02
   1.1497519999999999e-02
   5.3329650000000003e-03
   7.4539149999999993e-03
   1.0978685000000000e-02
   1.1528050000000000e-02
   5.2337600000000005e-03
   1.3580350000000001e-03
   2.1743750000000001e-03
   5.9738150000000004e-03
   7.0419149999999993e-03
   4.4021604999999993e-03
   1.0604899999999999e-03
   7.4767900000000005e-03
   4.8675560000000003e-03
   9.5443699999999999e-03
   1.0765085000000001e-02
  -1.8310549999999998e-03
  -1.0147100000000001e-02
  -9.1781699999999994e-03
   1.3046249999999998e-03
   3.8375869999999995e-03
   2.5329599999999999e-03
   3.8528440000000002e-03
   2.0752000000000001e-03
   9.3765250000000001e-03
   7.9727399999999990e-03
   2.9755000000000016e-04
  -1.1978150000000001e-03
  -1.5029899999999996e-03
   4.5547399999999998e-03
   8.9340250000000000e-03
   7.7590695000000001e-03
   5.9661749999999998e-03
   7.1105881999999994e-03
   1.0673545000000000e-02
   6.8435800000000001e-03
   5.7754699999999996e-03
   2.4566649999999998e-03
   6.9351250000000003e-03
   6.8740799999999994e-03
  -3.0899024000000000e-03
  -5.2871949999999997e-03
   9.9945000000000025e-04
   3.1738299999999999e-03
   1.2191750000000001e-02
   8.5677949999999996e-03
   6.5994249999999999e-03
  -1.0528549999999999e-03
   5.8746499999999969e-04
   1.8920904999999999e-03
   1.2283305000000001e-03
  -7.4005199999999994e-04
  -8.3618049999999999e-03
  -8.8119700000000006e-03
  -5.1345799999999997e-03
  -1.6326900000000000e-03
   5.6457499999999989e-04
  -5.6381255000000005e-03
  -1.0177625000000001e-02
  -8.4610050000000006e-03
  -3.1738249999999999e-03
  -3.3798200000000004e-03
  -3.9672800000000001e-03
  -9.5901299999999988e-03
  -1.1985785000000001e-02
  -1.9226050000000000e-03
  -2.7694700000000000e-03
   3.1662010000000000e-03
   1.3198850000000000e-03
   1.3656600000000003e-03
   8.0947850000000002e-03
   7.8201299999999998e-03
   5.1421975000000000e-03
   2.9602050000000000e-03
  -2.4490350000000000e-03
  -1.4495999999999997e-04
   2.3880000000000004e-03
  -3.0365000000000001e-03
  -6.3858264999999996e-03
  -7.2097950000000006e-03
  -1.0376000000000001e-03
   2.7847315000000001e-03
   2.2277800000000000e-03
   1.5564000000000003e-03
   3.1585700000000003e-03
   1.1825550000000001e-03
   2.2583050000000004e-03
  -5.6839149999999995e-03
  -9.5519950000000006e-03
  -1.3961800000000001e-03
   7.0724650000000000e-03
   1.2802100000000000e-02
   1.9256599999999999e-02
   8.0947650000000003e-03
   2.6245150000000000e-03
   1.9912699999999998e-03
   3.6621100000000001e-03
   2.8228750000000003e-03
  -2.8763050000000000e-03
  -5.4321399999999994e-03
  -5.7296587999999997e-03
  -1.1444499999999991e-04
   6.9427500000000006e-04
  -1.9531249999999996e-03
  -1.8463150000000003e-03
  -6.5078749999999998e-03
  -2.7770999999999998e-03
  -8.0413800000000007e-03
  -1.3122555000000001e-02
  -1.7807000000000000e-02
  -2.8419500000000000e-02
  -1.8989550000000001e-02
  -1.1741629999999999e-02
  -1.0131845000000000e-02
  -6.6452040000000000e-03
  -4.9514790000000008e-03
  -3.7078867999999999e-03
  -5.9814450000000002e-03
  -1.0841389999999999e-02
  -1.8661500000000001e-02
  -2.7580250000000001e-02
  -2.2598300000000002e-02
  -2.0019499999999999e-02
  -2.0202649999999999e-02
  -2.3635850000000000e-02
  -2.0660450000000000e-02
  -1.6258249999999998e-02
  -1.3542155000000000e-02
  -1.1627180000000001e-02
  -1.3374315000000001e-02
  -1.2695314999999999e-02
  -1.2992870000000000e-02
  -1.1306739999999999e-02
  -1.5769934999999999e-02
  -1.1962885000000001e-02
  -6.0424800000000002e-03
   5.2413899999999994e-03
   1.4320380000000001e-02
   1.0833760000000000e-02
   1.0070800000000000e-03
  -9.0790000000000011e-04
   3.1280499999999977e-04
   6.1797999999999996e-04
  -3.0899050000000000e-03
  -1.2916580000000000e-02
  -1.0078455000000000e-02
  -6.0119550000000003e-03
   5.4168499999999987e-04
   5.7983499999999990e-04
  -2.5863650000000002e-03
  -7.8582999999999995e-04
  -8.7738500000000006e-04
   4.5776400000000000e-03
   2.8610205999999999e-03
  -7.4768000000000013e-04
  -4.1961650000000000e-03
  -7.1792699999999997e-03
  -1.0505670000000000e-02
  -8.2473949999999994e-03
  -1.8997199999999999e-03
  -1.9989050000000000e-03
  -6.3171464999999998e-03
  -2.8381370000000001e-03
  -9.3841499999999995e-04
  -9.9182000000000003e-04
  -7.6294140000000002e-03
  -7.7285849999999996e-03
   6.4086999999999998e-04
  -1.0986305000000001e-03
  -6.9351349999999994e-03
  -1.4617910000000001e-02
  -1.3481120000000001e-02
  -6.7215050000000000e-03
  -5.6457500000000006e-03
  -4.4326790000000001e-03
  -7.8048670000000001e-03
  -1.0406469999999999e-02
  -3.1585699999999994e-03
  -7.0189999999999988e-04
  -4.0969824999999996e-03
  -1.5319804999999999e-02
  -9.3230950000000000e-03
  -1.4801050000000002e-03
   1.0093715000000000e-02
   1.3305684999999999e-02
   1.0437005000000001e-02
   8.6135650000000001e-03
   5.0811709999999998e-03
   1.0452250000000000e-02
   1.4198289999999999e-02
   8.5372699999999996e-03
   9.9179999999999928e-05
  -4.9743449999999998e-03
   8.3160500000000002e-04
   2.7999850000000001e-03
   4.6539400000000005e-03
   7.0190000000000009e-04
  -1.3580299999999999e-03
   5.9433000000000003e-03
   6.6528300000000002e-03
   5.6457390000000003e-03
   2.3727399999999999e-03
  -3.8375850000000001e-03
  -2.9067999999999997e-03
   1.8920899999999999e-03
   6.7367499999999997e-03
   9.6206850000000003e-03
   1.0055530000000000e-02
   1.8882750000000000e-02
   2.4520850000000000e-02
   2.1171550000000001e-02
   1.0490395000000000e-02
   8.5830550000000009e-03
   4.8446650000000006e-03
   7.6751750000000002e-03
   7.9498099999999999e-03
  -2.7923599999999998e-03
  -2.2888199999999996e-03
   3.1280500000000020e-04
   4.6691879999999995e-03
   3.6926249999999997e-03
  -6.1645749999999994e-03
  -1.0444620000000000e-02
  -7.4234200000000000e-03
  -1.6555800000000000e-03
   1.5563949999999999e-03
  -7.6141250000000002e-03
  -5.2871949999999997e-03
  -1.7547600000000000e-03
   1.2016295000000000e-02
   1.3595599999999999e-02
   1.2054440000000000e-02
   1.0452255000000001e-02
   9.8419149999999997e-03
   1.6387949999999998e-02
   1.3137800000000000e-02
   3.5553000000000000e-03
  -2.8228749999999999e-03
  -4.6081540000000006e-03
  -1.5029900000000001e-03
   9.2315500000000016e-04
   3.0670199999999997e-03
  -1.6631850000000002e-03
  -5.1651200000000005e-03
  -2.2506699999999998e-03
  -3.0822735000000001e-03
  -5.8898784999999992e-03
  -7.0648030500000004e-03
  -3.4942749999999998e-03
  -6.5155200000000003e-03
  -4.8065499999999997e-04
   3.8757300000000004e-03
   6.8969600000000006e-03
   1.1795045000000001e-02
   1.9165049999999999e-02
   2.0767200000000000e-02
   1.7219550000000000e-02
   8.3236549999999992e-03
   9.5062500000000008e-03
   4.5013199999999996e-03
   5.5771088000000002e-03
   6.0577184999999999e-03
   9.0789499999999971e-04
  -1.9760149999999998e-03
   3.3035249999999999e-03
   8.2092199999999997e-03
   5.3024293999999993e-03
  -2.6626549999999999e-03
  -5.8136099999999994e-03
   1.0986350000000001e-03
   6.1874499999999997e-03
   4.1198499999999970e-04
  -7.7514699999999999e-03
  -1.0475175000000000e-02
  -5.9127995000000004e-03
   4.5623769999999994e-03
   9.4451750000000001e-03
  -7.3242499999999966e-04
  -2.8076149999999994e-03
  -4.1503899999999995e-03
   2.2811849999999998e-03
   2.8381359999999998e-03
  -3.8451950000000000e-03
  -8.8348599999999999e-03
  -1.0383610000000000e-02
  -1.0406475000000000e-02
  -9.1018899999999996e-03
  -8.8043080000000003e-03
  -1.5213000000000001e-02
  -1.5663129999999997e-02
  -1.1329654999999999e-02
  -1.2756340000000000e-02
  -1.4961260000000001e-02
  -1.7181419999999999e-02
  -1.4656075000000001e-02
  -1.9706749999999999e-02
  -2.0294199999999998e-02
  -1.3092034999999998e-02
  -1.3664219999999999e-02
  -9.2086800000000003e-03
  -5.5465834999999996e-03
   3.5095000000000005e-04
   2.3422250000000003e-03
   2.8152650000000004e-03
   2.0446650000000002e-03
  -5.4245249999999995e-03
  -7.8048490000000000e-03
  -4.6615550000000004e-03
  -9.7808849999999996e-03
  -1.1718760000000000e-02
  -6.1721705000000000e-03
   2.0904549999999997e-03
   7.2021500000000000e-03
   2.1362550000000001e-03
  -1.1520400000000000e-03
  -4.9972599999999999e-03
   3.7689200000000003e-03
   1.8691999999999997e-03
  -2.0904650000000001e-03
  -1.1443899999999995e-03
  -1.7013549999999999e-03
   1.2710555000000000e-02
   2.0477249999999999e-02
   1.8356335000000001e-02
   1.3755795000000001e-02
   1.0559094999999999e-02
   9.0866049999999993e-03
   6.8435800000000001e-03
   1.9378650000000000e-03
  -4.3869000000000009e-03
  -1.2130700000000001e-03
   3.3264150000000001e-03
   3.4561149999999996e-03
   3.3187999999999998e-03
  -1.7089600000000003e-03
  -7.6292000000000026e-04
   3.0593899999999999e-03
   4.4250500000000016e-04
  -1.3198699999999999e-03
  -6.7140000000000082e-04
   2.0675649999999995e-03
   8.3312819999999989e-03
   3.0517499999999998e-04
   4.3640099999999998e-03
   2.4947949999999997e-03
   5.7983300000000000e-03
   7.0419549999999999e-03
   1.0849000000000001e-02
   1.2657180000000001e-02
   8.0947885000000001e-03
   5.5618099999999995e-03
   9.9563550000000001e-03
   1.2931835000000001e-02
   8.1863305000000001e-03
   2.6016100000000003e-03
   1.2130900000000000e-03
   8.5449500000000025e-04
   6.5307350000000002e-03
   1.1901849999999999e-03
   1.0528550000000005e-03
   4.9591999999999952e-04
   3.4026949999999999e-03
   1.5838649999999999e-02
   1.3618455000000000e-02
   1.0566694999999999e-02
  -4.4174300000000000e-03
  -6.3018699999999993e-03
   2.0599350000000002e-03
   1.0154730000000001e-02
   7.6904150000000008e-03
   5.3329485000000003e-03
   3.5247700000000004e-03
   2.3879999999999999e-03
   2.2811849999999998e-03
   4.0512050000000004e-03
   4.7302499999999975e-04
  -4.6005224999999999e-03
  -1.4343250000000002e-03
  -9.3078500000000016e-04
   1.7852749999999998e-03
  -5.7296999999999999e-03
  -2.9067999999999997e-03
   2.4871800000000003e-03
   3.8757320000000002e-03
   4.4784350000000002e-03
   4.1656250000000001e-03
   3.8146959999999998e-03
  -1.9226050000000000e-03
   1.5487700000000001e-03
  -7.4615400000000000e-03
  -4.8599354999999999e-03
   1.6479500000000002e-03
   3.6239620000000001e-03
   8.2550150000000010e-03
   1.2725820000000001e-02
   5.4779024999999995e-03
   6.4849844999999998e-03
   1.0620120000000000e-02
   1.3580325000000001e-02
   8.0261350000000002e-03
   8.6212000000000007e-04
  -3.3645799999999998e-03
  -1.2817400000000000e-03
   8.3008000000000005e-03
   9.1323849999999998e-03
   2.5482150000000004e-03
  -6.9427499999999984e-04
  -4.5776500000000017e-04
   2.7771005000000000e-03
   7.1411399999999998e-03
   6.1340500000000003e-03
  -7.4768000000000013e-04
  -6.0424793999999992e-03
   5.2642610000000001e-03
   9.5825299999999988e-03
   9.9792749999999993e-03
   5.9509400000000000e-03
   9.4223050000000006e-03
   1.3153069999999999e-02
   1.6365049999999999e-02
   1.5220620000000001e-02
   7.4844320000000001e-03
   1.0261549999999999e-02
   1.2176530000000000e-02
   1.3214095000000000e-02
   1.0032670000000000e-02
   9.9181999999999959e-04
   1.9531349999999999e-03
  -2.8076200000000003e-03
   1.3885500000000001e-03
  -5.0277899999999999e-03
  -8.6212019999999997e-03
  -7.5607185000000007e-03
  -3.5553099999999999e-03
   3.3950800000000000e-03
   9.3078500000000038e-04
  -6.3552899999999996e-03
  -3.0288700000000003e-03
   1.8920899999999999e-03
   7.0190450000000007e-03
   9.1171150000000003e-03
   6.8816950000000002e-03
   9.9716000000000006e-03
   1.3603194999999998e-02
   2.0706150000000000e-02
   1.4686589999999999e-02
   5.9967125000000001e-03
  -1.3733000000000018e-04
  -1.4419550000000000e-03
   4.6767950000000001e-03
   4.2495749999999994e-03
   4.6920800000000004e-03
   8.1634499999999957e-04
   1.7089900000000001e-03
   8.7051300000000002e-03
   1.1169425000000000e-02
   3.6163200000000001e-03
  -1.8615650000000004e-03
  -6.7138724999999998e-03
  -6.3781745000000001e-03
  -6.7748855000000002e-03
  -3.1356800000000005e-03
  -4.8217800000000003e-03
  -5.5618049999999995e-03
   2.7313250000000002e-03
   1.5548699999999999e-02
   1.5495325000000001e-02
   6.7901649999999999e-03
   3.8452199999999999e-03
   1.0604849999999999e-03
   1.3809199999999999e-03
  -3.2730099999999998e-03
  -6.5231149999999995e-03
  -1.0986300000000002e-03
  -1.7471300000000000e-03
   1.3122550000000000e-03
  -2.1362499999999984e-04
  -9.8724412000000001e-03
  -1.3900775000000001e-02
  -1.3313300000000000e-02
  -1.1497480000000001e-02
  -1.9287100000000001e-02
  -2.3582449999999998e-02
  -1.5716555000000000e-02
  -7.0266500000000006e-03
   7.2021399999999992e-03
   1.1756910000000001e-02
   1.7082219999999999e-02
   1.6548145000000000e-02
   1.0810835000000000e-02
   1.2901305000000000e-02
   9.3994349999999994e-03
   3.7536699999999997e-03
   2.0828000000000001e-03
   1.9912749999999998e-03
   6.3476550000000007e-03
   7.7438259999999997e-03
   5.4321149999999995e-03
  -3.8147000000000007e-04
  -1.5640249999999997e-03
   2.8915399999999997e-03
   6.3552699999999997e-03
   7.1639865000000004e-03
   1.9836499999999983e-04
  -3.5705500000000005e-03
  -2.3040800000000000e-03
   1.0162359999999999e-02
   1.7105150000000000e-02
   1.6845699999999998e-02
   1.9165050000000003e-02
   2.2209149999999997e-02
   2.1118150000000002e-02
   1.8013000000000001e-02
   1.3275134999999999e-02
   1.0238664999999999e-02
   9.6893150000000004e-03
   1.5296899999999999e-02
   1.5251150000000000e-02
   9.7198700000000002e-03
   6.7748849999999996e-03
   3.6926099999999998e-03
   5.4168699999999998e-03
   5.8670119999999996e-03
   6.1035000000000082e-05
  -3.7536500000000003e-03
  -2.5634650000000004e-03
   5.3482034999999999e-03
   6.0424550000000004e-03
   5.2642499999999964e-04
   1.1520350000000000e-03
   5.8441200000000004e-03
   1.7654400000000001e-02
   1.7257700000000001e-02
   1.7059350000000001e-02
   1.2680050000000002e-02
   9.4680899999999985e-03
   1.4007579999999999e-02
   9.9792300000000004e-03
   7.0266949999999995e-03
  -7.0190499999999963e-04
  -6.5841911999999997e-03
  -2.7999875000000000e-03
  -6.0882600000000007e-03
  -7.5149490000000008e-03
  -1.4099100000000000e-02
  -1.1451740000000000e-02
  -7.1106049999999999e-03
  -4.3182395000000004e-03
  -7.2478999999999990e-04
   1.0147099999999998e-03
  -5.0659160000000002e-03
  -1.1901830000000000e-02
  -4.1046149999999998e-03
   6.5918059999999995e-03
   5.1574499999999992e-03
   7.4234230000000002e-03
   6.1416600000000002e-03
   9.5214849999999997e-03
   1.2466425000000000e-02
   5.1422064999999996e-03
   2.1514899999999998e-03
  -4.1732949999999996e-03
  -3.7231400000000002e-03
  -2.8305050000000001e-03
  -7.4157799999999994e-03
  -5.7449549999999995e-03
  -5.7983499999999990e-04
   1.6937250000000001e-03
   2.2659300000000002e-03
   3.7231445000000000e-03
   4.6005400000000002e-03
   3.0212399999999997e-03
   5.4855300000000006e-03
   3.3569500000000000e-04
  -6.4926150000000002e-03
  -1.5945419999999998e-02
  -8.2702794000000003e-03
   1.9455000000000002e-03
   5.1498445000000004e-03
   7.5607499999999998e-03
   1.2741100000000002e-03
  -4.2724500000000014e-04
  -3.5095000000000005e-04
  -1.6708349999999999e-03
  -9.3078399999999995e-03
  -1.8302900000000000e-02
  -1.4739985000000001e-02
  -1.0040270000000000e-02
  -1.7776500000000000e-03
  -9.1552499999999993e-04
  -6.5536700000000002e-03
  -6.1798299999999999e-03
  -8.1481950000000004e-03
  -1.0162359999999999e-02
  -1.0635380000000000e-02
  -6.4468525000000000e-03
  -7.4539400000000000e-03
  -1.2077335000000000e-02
  -9.7579749999999986e-03
  -2.6779184999999998e-03
  -2.5711050000000002e-03
   3.6087050000000002e-03
   1.0528549999999999e-03
   4.6615600000000004e-03
   4.0359495000000002e-03
   2.0141600000000001e-03
  -2.1057099999999998e-03
  -9.9792450000000012e-03
  -7.4157749999999995e-03
  -5.9051500000000005e-03
  -6.9122199999999993e-03
  -5.5618315000000003e-03
  -5.6076049999999999e-03
  -3.2043499999999999e-04
   2.2659320000000000e-03
   2.9830949999999998e-03
  -2.1591199999999996e-03
  -3.4332500000000001e-04
   8.7738249999999990e-03
   8.6440950000000009e-03
   5.0659199999999998e-03
  -3.6087050000000002e-03
  -6.9427499999999984e-04
   9.1018850000000005e-03
   1.8707300000000003e-02
   2.0881650000000002e-02
   1.2191785000000000e-02
   8.2245000000000009e-03
   7.8353799999999994e-03
   1.1871335000000000e-02
   1.1840800000000000e-02
   2.2125249999999999e-03
  -8.3920000000000132e-05
  -2.5939950000000000e-03
   3.2501205999999998e-03
   6.0195900000000000e-03
   3.7231450000000002e-03
   2.3879999999999999e-03
  -9.0026999999999989e-04
   2.8839099999999999e-03
   2.6855485000000000e-03
  -8.3923000000000027e-04
  -5.6381150000000000e-03
  -9.9944850000000009e-03
  -1.2481690000000000e-02
  -9.7885149999999994e-03
  -5.6304730000000004e-03
  -1.6479450000000003e-03
  -8.3160500000000002e-04
   9.1171250000000002e-03
   1.1085515000000001e-02
   8.9568949999999994e-03
   4.7683695000000003e-03
   1.0070800000000000e-03
   2.3574815000000000e-03
   1.3885500000000001e-03
  -2.8839099999999999e-03
  -7.6751900000000001e-03
  -9.1781850000000002e-03
   7.0190499999999985e-04
   4.4250499999999972e-04
  -1.9454949999999998e-03
  -4.6386650000000001e-03
  -4.7912570000000002e-03
  -2.5634749999999995e-03
  -3.6010755999999998e-03
  -3.5247849999999999e-03
  -1.5106200000000000e-02
  -1.2687680000000000e-02
  -6.7901499999999983e-04
   6.6299250000000001e-03
   1.4488235000000000e-02
   1.0101300000000001e-02
   8.1939449999999994e-03
   1.7128000000000001e-02
   2.1614099999999997e-02
   2.5726300000000001e-02
   2.3582449999999998e-02
   1.9622799999999999e-02
   1.6899150000000002e-02
   1.9371050000000001e-02
   1.5136750000000001e-02
   8.0642800000000001e-03
   6.9579899999999998e-03
   3.9825399999999997e-03
   6.5002400000000000e-03
   4.4021600000000004e-03
  -1.4114400000000001e-03
  -5.9967079999999999e-03
  -6.4697250000000000e-03
  -6.1569250000000006e-03
  -7.2937000000000002e-03
  -3.5247815000000000e-03
  -1.9073500000000004e-04
   2.1438579999999998e-03
   1.2489320000000000e-02
   1.2573249999999999e-02
   9.7350900000000001e-03
  -6.8664999999999872e-05
  -1.6555800000000000e-03
   3.9749149999999999e-03
   7.3013100000000001e-03
   1.1093140000000001e-02
   4.9056799999999999e-03
  -5.6457499999999989e-04
   4.3792731999999996e-03
   6.2408400000000001e-03
   2.6474000000000003e-03
  -6.3476699999999997e-03
  -1.1016829999999998e-02
  -1.4022799999999998e-02
  -1.3000500000000000e-02
  -9.3460000000000001e-03
  -1.4877300000000000e-02
  -2.0057699999999998e-02
  -1.7593400000000002e-02
  -1.8310530000000000e-03
   4.0283200000000002e-03
   2.4871824999999998e-03
   5.1040649999999996e-03
   1.2268045000000000e-02
   1.2680100000000000e-02
   1.6357449999999999e-02
   9.5672600000000010e-03
   2.8076149999999999e-03
  -2.5787355000000001e-03
  -3.0975350000000002e-03
  -6.3171400000000006e-03
  -8.0261250000000003e-03
  -1.5182500000000002e-02
  -1.4282200000000000e-02
  -1.8051100000000000e-02
  -1.5930199999999999e-02
  -1.5625000000000000e-02
  -1.5419050000000000e-02
  -1.7303499999999999e-02
  -1.5502950000000001e-02
  -1.8356350000000000e-02
  -1.3641344999999999e-02
  -5.7983395000000002e-03
  -1.0757449999999999e-03
   5.0430299999999996e-03
   6.4925999999999994e-03
   5.9967049999999997e-03
   3.0670150000000002e-03
  -2.9907199999999997e-03
  -9.9182000000000003e-04
  -1.4495500000000000e-04
  -5.5770885000000006e-03
  -8.7127799999999998e-03
  -1.3191230000000000e-02
  -1.0955805000000001e-02
  -3.7460304999999998e-03
  -5.4550199999999997e-03
  -5.0811744999999997e-03
  -5.4321300000000003e-03
  -4.9133349999999996e-03
  -4.9591050000000001e-03
  -4.2419399999999996e-03
  -5.5084200000000000e-03
  -1.0314945000000001e-02
  -1.1421190000000001e-02
  -2.2430434999999999e-03
   1.3366700000000000e-02
   6.0958849999999997e-03
   5.2185050000000000e-03
   6.4392100000000008e-03
   1.4068600000000001e-02
   1.0543799999999999e-02
   3.9443975000000003e-03
  -2.6168800000000002e-03
  -8.3618049999999999e-03
  -2.2430435000000003e-03
  -4.7607450000000003e-03
  -7.2936950000000002e-03
  -8.2168399999999996e-03
   8.5449500000000004e-04
   3.9673000000000009e-04
  -1.4343240000000001e-03
  -4.2724604999999994e-03
  -5.9509239999999998e-03
  -5.6076049999999999e-03
   9.2773400000000002e-03
   3.3874499999999997e-03
  -1.8905600000000002e-02
  -1.7021149999999999e-02
  -6.4239314999999996e-03
  -2.0065299999999999e-03
   1.8920899999999999e-03
   3.0670150000000002e-03
  -6.0577449999999998e-03
  -6.0806475000000004e-03
  -4.1885389999999998e-03
  -9.0713650000000014e-03
  -9.8495600000000003e-03
  -1.6578700000000002e-02
  -2.3216250000000001e-02
  -1.8569950000000002e-02
  -1.1817939999999999e-02
  -9.4223149999999988e-03
  -1.3999955000000000e-02
  -1.0055560000000000e-02
  -8.7661500000000003e-03
  -3.3645649999999999e-03
  -1.0223409999999999e-02
  -1.6258220000000000e-02
  -9.6359250000000000e-03
  -5.7067899999999998e-03
   1.9683800000000000e-03
  -5.2490024999999997e-03
  -5.6304800000000002e-03
  -4.5166099999999999e-03
  -4.3563820000000007e-03
   1.2969950000000000e-03
   5.3252975000000003e-03
   6.0119835000000000e-03
   8.0642900000000000e-03
   9.1476549999999993e-03
   1.3305650000000000e-02
   1.5136750000000001e-02
   1.5083300000000001e-02
   1.1939994999999998e-02
   9.7809049999999995e-03
   1.6494749999999999e-02
   1.6777050000000002e-02
   1.7143249999999999e-02
   1.1238089999999999e-02
   8.0642800000000001e-03
   1.3015740000000000e-02
   1.1093135000000000e-02
   9.2849649999999992e-03
   8.2168550000000003e-03
   9.8419200000000005e-03
   1.1665335000000001e-02
   1.7097450000000000e-02
   1.6220050000000000e-02
   5.3939905000000002e-03
   2.1438600000000000e-03
   4.3106085000000002e-03
   4.5318600000000004e-03
   1.6098050000000000e-03
  -2.5558500000000001e-03
  -6.0501204999999997e-03
  -5.3406000000000026e-04
  -5.8746499999999991e-04
  -3.0517550000000006e-03
  -4.8904600000000001e-03
  -5.7144105000000002e-03
  -5.8822800000000001e-03
  -2.5863670000000000e-03
  -1.1520400000000000e-03
  -3.5553200000000003e-03
  -1.2512199999999999e-03
  -1.8386850000000003e-03
   5.9509000000000038e-04
   4.6615618000000001e-03
   1.4266999999999999e-03
  -5.9967240000000002e-03
  -5.7677995000000003e-03
  -1.9912749999999998e-03
   2.5787350000000000e-03
   4.3487570000000000e-03
   4.8294050000000002e-03
   7.5378449999999996e-03
   1.4114385000000000e-02
   1.8051150000000002e-02
   2.2544900000000000e-02
   1.7929085000000001e-02
   1.3740520000000001e-02
   1.2832619999999999e-02
   1.5281690000000001e-02
   1.3473514999999998e-02
   8.4838900000000009e-03
   9.5748949999999999e-03
   1.2763980000000001e-02
   1.7425549999999998e-02
   1.4648435000000000e-02
   2.9907249999999996e-03
   7.9345499999999977e-04
   2.9907250000000001e-03
   8.7203949999999988e-03
   1.1421199999999999e-02
   6.4391900000000000e-03
   7.0724600000000000e-03
   3.2501209999999999e-03
   4.9362199999999998e-03
   4.4326799999999996e-03
  -2.9754499999999975e-04
  -7.7819999999999973e-04
  -9.2315499999999994e-04
   2.9602055000000002e-03
   5.9662050000000005e-03
   4.8370499999999999e-03
   6.3781949999999997e-03
   4.9285750000000001e-03
   1.0269175000000000e-02
   8.6593850000000003e-03
   1.4877350000000000e-03
  -2.9068149999999997e-03
  -5.3406000000000026e-04
   5.6457625000000001e-03
   1.4686604999999998e-02
   7.2326500000000002e-03
   2.4261449999999998e-03
  -1.7547600000000002e-03
  -3.3569349999999993e-03
  -5.4855460000000000e-03
  -4.2572000000000000e-03
  -7.3776149999999997e-03
  -5.6838849999999996e-03
  -1.5487650000000001e-03
   4.0206900000000004e-03
   3.9672830000000003e-03
   9.9180000000000362e-05
   4.0435999999999988e-04
   5.5618259999999997e-03
   7.7362250000000002e-03
   5.3100819999999998e-03
  -1.4266950000000000e-03
  -2.5176999999999969e-04
   4.8980849999999999e-03
   6.5917900000000001e-03
   1.1131270000000000e-02
   5.7983430000000001e-03
   3.5095000000000005e-04
  -9.1550000000000138e-05
   7.5836100000000002e-03
   6.3858025000000001e-03
   3.3645650000000004e-03
   5.5236949999999995e-03
   4.0359300000000001e-03
   1.2748694999999999e-02
   1.2542734999999999e-02
   6.7977684999999998e-03
   2.0523049999999999e-03
  -1.1520400000000000e-03
   3.7536615000000003e-03
   3.1890850000000004e-03
  -2.4795549999999996e-03
  -4.6691700000000003e-03
  -3.0899050000000004e-03
   3.3187885000000002e-03
   5.1498180000000005e-03
   2.2125249999999999e-03
  -4.9285900000000001e-03
  -7.1182210000000001e-03
  -3.7689249999999994e-03
  -5.8364740000000003e-03
  -2.7923350000000000e-03
  -6.2255699999999997e-03
  -9.5596294000000002e-03
  -6.7901450000000000e-03
  -4.0130700000000005e-03
  -3.9978150000000000e-03
  -1.0314953500000000e-02
  -1.0368326000000001e-02
  -5.8059899999999996e-03
  -3.6621099999999997e-03
   1.8463149999999998e-03
   2.1667649999999998e-03
  -1.2504560000000000e-02
  -1.3519310000000000e-02
  -7.3471299999999995e-03
  -5.4168750000000007e-03
  -1.2382504999999999e-02
  -1.5632640000000000e-02
  -1.9950900000000001e-02
  -1.0948175000000001e-02
  -4.2419400000000005e-03
  -9.8647950000000009e-03
  -1.0459890499999999e-02
  -5.5313300000000001e-03
   2.3803700000000001e-03
   4.9133549999999995e-03
   1.4724700000000000e-03
  -3.8909850000000005e-03
  -5.6152293999999995e-03
   2.2354150000000001e-03
   1.1825550000000001e-03
  -3.1127749999999999e-03
  -3.6316050000000004e-03
  -3.7689049999999995e-03
   6.1111699999999991e-03
   9.4909609999999991e-03
   3.7078749999999998e-03
   9.8418500000000027e-04
   4.6158049999999997e-03
   9.2239135000000000e-03
   5.2413900000000003e-03
   4.0741099999999997e-03
  -3.9825499999999996e-03
  -2.2201500000000002e-03
   3.7536449999999999e-03
   7.9422049999999991e-03
   1.1169446500000001e-02
   9.6893120000000003e-03
   1.0787958000000000e-02
   1.1009230000000000e-02
   1.8638600000000002e-02
   1.6136180000000000e-02
   4.7759850000000000e-03
   2.0523049999999999e-03
   2.7389550000000004e-03
   8.0566300000000004e-03
   1.1482249999999999e-02
   4.2877349999999991e-03
   3.1738249999999999e-03
   1.8768299999999999e-03
   4.0664675000000004e-03
  -5.9509500000000035e-04
  -8.8730049999999998e-03
  -6.7596445000000002e-03
  -1.1474615000000001e-02
  -7.4767999999999992e-04
   2.4261350000000003e-03
  -5.0735300000000006e-03
  -1.0627745000000001e-02
  -9.1934149999999999e-03
  -6.2866400000000005e-03
  -4.9896000000000003e-03
  -7.8582640000000002e-03
  -1.0772694999999999e-02
  -1.0581975000000000e-02
  -4.6386709999999996e-03
   7.8582499999999998e-04
  -2.2583050000000004e-03
  -2.7465649999999999e-03
  -3.6697350000000004e-03
   3.5553000000000000e-03
   2.8610250000000001e-03
  -1.8310500000000025e-04
  -1.5029899999999996e-03
  -7.8582999999999995e-04
   3.3340449999999999e-03
   4.0283200000000002e-03
   3.6697399999999995e-03
   1.5716549999999999e-03
   6.8664500000000005e-04
   2.2506750000000002e-03
   3.0975350000000002e-03
   4.5623699999999996e-03
   1.1978150000000001e-03
   9.0026499999999992e-04
   5.5999535000000001e-03
   5.1803600000000002e-03
   4.3334975000000001e-03
  -4.1961499999999992e-04
  -1.1215250000000000e-03
  -5.3405500000000029e-04
   6.5307450000000001e-03
   4.8675519500000000e-03
   2.2277800000000004e-03
   5.1956210000000001e-03
   2.4642950000000000e-03
   8.5525599999999990e-03
   7.6827784999999992e-03
   2.1133400000000000e-03
   2.5177000000000012e-04
   3.9672849999999992e-03
   1.6494750000000002e-02
   1.7517049999999999e-02
   2.1499650000000002e-02
   1.8722534999999998e-02
   1.9943249999999999e-02
   2.3689300000000000e-02
   1.9737249999999998e-02
   1.0871880000000000e-02
   6.5231200000000003e-03
   4.2266831999999994e-03
   1.2626635000000001e-02
   8.6593599999999996e-03
   2.5939950000000000e-03
  -5.3558149999999999e-03
  -5.1345654999999995e-03
  -1.3504000000000001e-03
   3.6621099999999997e-03
  -6.4850000000000020e-04
  -7.1487255000000005e-03
  -1.1062605000000000e-02
  -1.4839149999999999e-02
  -8.6517350000000007e-03
  -7.0342800000000004e-03
  -9.4451800000000009e-03
  -7.4615500000000000e-03
  -9.5443849999999990e-03
  -6.5612799999999992e-03
  -6.6147100000000002e-03
  -1.1215225000000001e-02
  -8.4686299999999996e-03
  -3.1280500000000003e-03
   1.7776500000000002e-03
   3.7689350000000002e-03
   2.6702999999999970e-04
   1.7166099999999999e-03
   1.7623900000000000e-03
   7.5454699999999994e-03
   2.7465839999999998e-03
  -1.5716600000000003e-03
   2.2888149999999996e-03
   3.5934449999999998e-03
   1.2321459999999999e-02
   8.2015899999999999e-03
   7.1792399999999999e-03
   9.1324000000000006e-03
   8.8500899999999997e-03
   1.5968299999999998e-02
   1.5235900000000000e-02
   6.3781850000000006e-03
   4.7226200000000003e-03
   1.1062650000000004e-03
   5.5542200000000003e-03
   3.3874400000000002e-03
   7.5225835000000000e-03
  -2.3269799999999998e-03
  -5.6305150000000000e-03
  -6.6375844999999999e-03
  -2.3193350000000005e-03
  -9.1553500000000031e-04
  -7.1029600000000002e-03
  -5.9432949999999995e-03
  -8.2397500000000023e-04
   3.5095450000000002e-03
  -1.2512199999999995e-03
  -9.0026914999999999e-03
  -1.1154155000000001e-02
  -5.7449323999999996e-03
  -3.9444149999999997e-03
  -1.0833749999999997e-03
   1.1139050000000001e-03
   2.5711050000000002e-03
   4.1885389999999998e-03
   3.8604899999999994e-03
   3.3645500000000004e-03
  -2.2964400000000003e-03
  -1.6403199999999994e-03
  -1.5716549999999999e-03
  -1.4801050000000002e-03
   1.8844650000000001e-03
  -1.2130750000000001e-03
  -2.5329500000000000e-03
  -3.3645649999999999e-03
   2.4108899999999997e-03
   2.4261599999999997e-03
  -4.8218000000000002e-03
  -7.2021650000000000e-03
  -5.5542099999999995e-03
  -1.8386800000000001e-03
  -2.9907300000000000e-03
  -3.2043300000000005e-03
  -7.4462700000000005e-03
  -1.0284410000000001e-02
  -8.8959000000000000e-03
  -5.7144399999999995e-03
  -8.8806349999999996e-03
  -1.3099675000000000e-02
  -1.8081650000000001e-02
  -1.1734000000000000e-02
  -1.1962904999999999e-02
  -1.0848985000000000e-02
  -1.0337835000000000e-02
  -1.0276789999999999e-02
  -2.4185150000000000e-03
   2.0980849999999995e-03
  -1.6632050000000001e-03
  -1.0955820000000002e-02
  -7.7056700000000004e-03
  -8.9263750000000003e-03
  -4.9438570000000003e-03
  -8.3770844999999997e-03
  -1.3580345000000001e-02
  -7.4157800000000003e-03
  -8.4457400000000002e-03
  -6.3018850000000001e-03
  -7.7819849999999999e-03
  -1.4175415000000000e-02
  -1.1520390000000000e-02
  -1.1619555000000000e-02
  -4.7454849999999998e-03
  -1.0986330000000001e-03
  -8.0566400000000003e-03
  -3.3721899999999997e-03
  -6.1416439999999999e-03
  -4.1656499999999999e-03
  -4.8523150000000003e-03
  -5.9814600000000001e-03
  -7.2250535000000001e-03
  -9.1781550000000003e-03
   2.7618399999999998e-03
   5.9280399999999999e-03
   6.7138999999999957e-04
  -3.6926250000000002e-03
  -5.5084440000000004e-03
  -5.4397665000000001e-03
  -7.3547300000000003e-03
  -8.2473850000000012e-03
  -1.0795615000000000e-02
  -8.7051250000000011e-03
  -4.0664654999999997e-03
  -6.2942614999999995e-03
  -8.6593399999999997e-03
  -1.2039185000000001e-02
  -1.5464769999999999e-02
  -1.1939985000000000e-02
  -6.5918000000000001e-03
  -8.2244799999999993e-03
  -1.1787430000000000e-02
  -9.1934394999999992e-03
  -8.0108849999999988e-03
  -5.4015950000000004e-03
  -3.3492850000000000e-03
  -7.4310495000000001e-03
  -1.3458224999999999e-02
  -8.9263999999999993e-03
  -1.1520360000000000e-02
  -1.1833190000000000e-02
  -1.4198309999999999e-02
  -1.3961794999999999e-02
  -9.0102900000000007e-03
  -3.5705544999999998e-03
  -6.2866349999999996e-03
  -3.2119749999999997e-03
  -4.2953514999999999e-03
  -6.4697299999999999e-03
  -2.0828250000000000e-03
   9.8419000000000024e-04
  -2.5177149999999998e-03
  -3.0364999999999997e-03
   3.4332500000000001e-04
   5.7220500000000000e-04
  -3.7612900000000000e-03
  -6.8359550000000003e-03
  -1.1245720000000001e-02
  -8.8272149999999994e-03
  -4.8827999999999979e-04
   2.0752000000000001e-03
   3.4866324999999997e-03
   4.0435499999999991e-04
   1.2283350000000001e-03
   6.4086899999999999e-03
   2.5176999999999999e-03
  -3.3645649999999999e-03
  -6.5002469500000000e-03
  -5.1116949999999994e-03
   6.8664499999999994e-04
   5.1345799999999997e-03
   7.1945299999999993e-03
   2.5024399999999999e-03
   4.1809100000000004e-03
   1.7547499999999981e-04
  -1.5792849999999999e-03
   1.9531249999999998e-03
  -7.0190249999999999e-03
  -1.6632069999999999e-03
  -1.7700150000000000e-03
   1.0261530000000000e-02
   1.7074605000000000e-02
   1.1169455000000000e-02
   1.4099105000000001e-02
   1.3854979999999999e-02
   1.4511110000000001e-02
   9.3612499999999998e-03
   2.5634750000000000e-03
  -2.5940000000000034e-04
  -3.5095000000000005e-04
   4.0054349999999999e-03
   3.8757349999999999e-03
  -2.6245150000000000e-03
   1.4114349999999999e-03
   4.3106050000000003e-03
   5.0048849999999997e-03
  -2.8152450000000001e-03
  -5.1422050000000004e-03
  -2.4871799999999999e-03
  -1.8310500000000003e-04
   5.2413950000000003e-03
   1.2817400000000000e-03
  -1.9989050000000005e-03
  -4.1122455000000002e-03
  -5.6457499999999997e-03
  -1.9226099999999999e-03
   2.6779149999999999e-03
   6.9961700000000003e-03
   3.2424949999999998e-03
   2.0141600000000001e-03
   2.1820049999999999e-03
   6.8054100000000005e-03
   5.0201509999999996e-03
   3.3569500000000000e-04
  -1.5255000000000043e-05
   8.2397499999999979e-04
   5.5847174999999992e-03
   1.1627190000000001e-02
   1.0818465000000001e-02
   8.6059700000000010e-03
   8.1557999999999995e-03
   1.7784149999999999e-02
   1.4678930000000000e-02
   1.1993385000000001e-02
   1.6830450000000000e-02
   1.7173750000000002e-02
   2.0011899999999999e-02
   1.4549240000000000e-02
   9.3155149999999999e-03
   1.1322024999999999e-02
   1.3931249999999999e-02
   1.6777050000000002e-02
   1.4900220000000000e-02
   6.5841800000000002e-03
   4.3716199999999997e-03
   9.7503599999999996e-03
   7.6675349999999996e-03
   8.6898649999999997e-03
   8.7432750000000000e-03
   7.4997199999999997e-03
   8.3923550000000006e-03
   1.3732899999999999e-02
   1.2741074999999999e-02
   8.4838799999999992e-03
   1.3885500000000001e-03
   3.2272350000000002e-03
   7.9727150000000000e-03
   7.7133400000000000e-03
   4.3182200000000002e-03
   9.6892999999999979e-04
  -2.8991499999999996e-04
   2.1362299999999998e-03
   6.3552999999999995e-03
   6.6452025000000000e-03
  -1.0528600000000001e-03
  -2.1820049999999999e-03
   4.4250500000000016e-04
   9.5138350000000000e-03
   4.3334970000000004e-03
  -1.7547600000000002e-03
  -6.1416650000000001e-03
  -4.6234099999999997e-03
  -5.9356700000000005e-03
  -2.6702904999999998e-03
  -7.3852400000000004e-03
  -4.4174200000000000e-03
  -1.1825549999999998e-03
   3.9978035000000000e-03
   1.1535650000000000e-02
   1.3809199999999999e-03
  -6.6757150000000005e-03
  -4.9209550000000003e-03
  -1.4495999999999997e-04
  -1.4419550000000002e-03
  -3.2043449999999999e-03
  -3.0670175000000002e-03
  -1.3885482000000002e-03
   1.6403212000000000e-03
   9.9945000000000003e-04
  -2.4566649999999998e-03
  -5.3329709999999997e-03
  -1.0261550000000001e-02
  -3.6544805000000001e-03
  -2.4414000000000033e-04
   1.0299650000000003e-03
   7.7056499999999997e-04
   2.8076150000000003e-03
   5.7525850000000002e-03
   4.1961685000000007e-03
   6.0043349999999995e-03
   4.6997045000000005e-03
   5.9051499999999996e-03
   8.8500999999999996e-03
   1.1337260000000000e-02
   1.5350355000000000e-02
   8.8195649999999997e-03
   7.9803449999999998e-03
   1.2062075000000000e-02
   1.1787414999999999e-02
   9.1323749999999999e-03
   6.2484845000000001e-03
   6.8664609999999999e-03
   7.2707950000000000e-03
   1.0307315000000001e-02
   8.4304845000000000e-03
   5.0506749999999993e-03
   6.1874149999999999e-03
   8.5296800000000013e-03
   4.2037960000000001e-03
   6.4849664999999997e-03
  -2.2887999999999988e-04
  -3.9672999999999965e-04
  -1.7318700000000002e-03
   2.2735575000000000e-03
   1.5487650000000001e-03
  -2.5100699999999997e-03
  -8.2016199999999997e-03
  -1.1314395000000000e-02
  -5.9967050000000006e-03
  -6.9274730000000000e-03
  -1.0711650000000000e-02
  -8.3770600000000004e-03
  -5.0659199999999998e-03
   2.3651000000000011e-04
   1.0833750000000001e-03
  -5.1040700000000005e-03
  -1.1352540000000000e-02
  -1.4289855000000001e-02
  -8.4304899999999988e-03
  -1.2954735000000000e-02
  -1.0292039999999999e-02
  -1.3626099999999999e-02
  -1.6738850000000000e-02
  -1.2557975000000001e-02
  -1.1116015000000000e-02
  -8.7204115000000006e-03
  -1.6738900000000001e-02
  -1.4785750000000000e-02
  -1.4465300000000000e-02
  -1.1749265000000000e-02
  -1.1299125000000000e-02
  -1.5373214999999999e-02
  -1.0261549999999999e-02
  -8.7814449999999988e-03
  -3.5018899999999997e-03
   5.0353999999999980e-04
  -7.2784199999999999e-03
  -8.0718949999999991e-03
  -7.7590949999999997e-03
  -2.9678344000000001e-03
  -5.8517619999999999e-03
  -8.2245080000000002e-03
  -8.2550150000000010e-03
  -2.2201550000000001e-03
  -4.4631969999999995e-03
  -2.0675649999999999e-03
  -1.0528559999999999e-02
  -8.1176990000000008e-03
  -9.9945050000000007e-03
  -2.7160649999999997e-03
  -2.9754649999999996e-03
  -1.0604849999999999e-03
  -3.0593899999999999e-03
  -2.9296899999999996e-03
  -6.5689300000000006e-03
  -4.3334960000000000e-03
  -4.3487549999999993e-03
  -9.0637400000000007e-03
  -7.4691950000000005e-03
  -1.5259000000000019e-04
   1.2512250000000003e-03
  -3.2730150000000002e-03
  -3.8223249999999997e-03
  -5.6533920000000001e-03
  -2.3803750000000005e-03
  -6.3552950000000004e-03
  -5.7983415000000000e-03
  -6.7444050000000002e-03
  -2.0904549999999997e-03
  -2.2889999999999803e-05
  -3.6239609999999998e-03
  -4.8751949999999997e-03
  -6.9122400000000001e-03
  -4.9133314999999997e-03
  -3.8986230500000002e-03
  -3.6926280500000001e-03
  -5.4550000000000006e-03
  -5.8898735000000001e-03
  -4.8980690000000006e-03
  -5.6304950000000001e-03
  -2.3117064999999999e-03
  -5.6457499999999989e-04
  -9.1552999999999990e-04
   4.2266850000000000e-03
   6.0882599999999999e-03
   1.0581970000000000e-02
   7.5607299999999999e-03
   4.1275249999999999e-03
   4.2343149999999998e-03
   5.4855349999999997e-03
   1.3557449999999999e-02
   8.5144150000000009e-03
   5.6991625000000004e-03
   5.0430319999999994e-03
   1.8768299999999999e-03
   6.8664550000000005e-03
   7.3089599999999998e-03
   6.2103149999999992e-03
   3.6010750000000005e-03
   1.1032105000000000e-02
   1.7219550000000000e-02
   1.7425549999999998e-02
   1.1795065000000000e-02
   4.8217775000000008e-03
   2.1591150000000001e-03
   2.7465845000000000e-03
   3.2958950000000001e-03
   1.8081650000000000e-03
  -6.3400349999999999e-03
  -2.6550300000000001e-03
   1.6479500000000000e-03
   7.9574850000000003e-03
   3.6697600000000002e-03
  -2.0217900000000003e-03
  -4.2266800000000000e-03
   2.1362499999999984e-04
   3.8375839999999998e-03
  -1.6784500000000023e-04
  -7.8582949999999995e-03
  -6.3476549999999998e-03
  -5.6304950000000001e-03
  -9.0789500000000014e-04
   1.2435900000000001e-03
  -4.0817099999999997e-03
  -5.9128000000000002e-03
  -4.9362149999999999e-03
  -5.1116949999999994e-03
  -6.2103100000000001e-03
  -1.1581430000000000e-02
