  -2.7084349999999999e-03
  -3.8070750000000000e-03
  -1.2870780000000000e-02
  -1.5945419999999998e-02
  -5.0354010000000001e-03
   2.4642950000000000e-03
   3.5476699999999997e-03
  -6.7977799999999998e-03
  -6.9046000000000003e-03
  -6.2866299999999996e-03
  -1.2969499999999998e-04
  -1.0604900000000003e-03
  -9.8648149999999990e-03
  -1.7059299999999999e-02
  -1.5731800000000001e-02
  -6.6452149999999995e-03
   9.9182000000000003e-04
   8.5449499999999982e-04
  -8.8653664999999993e-03
  -1.3107280000000001e-02
  -7.6370299999999995e-03
  -6.1569450000000005e-03
  -7.2707900000000001e-03
  -1.2855525000000000e-02
  -9.2620700000000007e-03
  -3.4103380000000002e-03
  -1.1291500000000000e-03
  -7.2937004999999999e-03
  -5.3253099999999998e-03
  -4.3945549999999996e-03
   8.0032300000000001e-03
   1.2939445000000001e-02
   9.3459849999999994e-03
   4.9438449999999997e-03
   4.2037949999999998e-03
   5.1727299999999995e-03
  -3.6163350000000000e-03
  -5.8822800000000001e-03
  -1.3252265000000001e-02
  -1.8112200000000002e-02
  -1.2359630000000000e-02
  -1.8463139999999999e-03
  -4.4326790000000001e-03
  -1.2748724999999999e-02
  -1.7524700000000001e-02
  -1.0566725000000001e-02
  -5.5313100000000002e-03
  -4.1503914999999995e-03
  -1.4160144999999999e-02
  -1.7105099999999998e-02
  -8.5830650000000008e-03
   4.0588356000000004e-03
   2.4643000000000004e-03
   9.3079499999999989e-04
   1.7013649999999998e-03
   4.9361950000000000e-03
   3.7078950000000001e-03
   3.8070649999999997e-03
  -9.9716050000000014e-03
  -1.4076254999999999e-02
  -8.8424500000000000e-03
  -3.3721899999999997e-03
   1.5487700000000001e-03
   3.6621000000000006e-04
  -3.6621000000000006e-03
  -5.9738149999999995e-03
   5.9051499999999996e-03
   6.4926250000000001e-03
  -2.7694699999999996e-03
  -2.4032599999999999e-03
  -9.8648149999999990e-03
  -1.0826110000000000e-02
  -5.0735500000000005e-03
   2.4108849999999998e-03
   1.0772720599999999e-02
   2.0393399999999999e-02
   3.0441299999999998e-02
   2.6161150000000001e-02
   2.7969399999999998e-02
   1.6029370000000001e-02
   1.3641344999999999e-02
   2.1553050000000001e-02
   2.1682699999999999e-02
   1.1016840000000000e-02
  -1.4800849999999999e-03
  -6.8359375000000000e-03
   3.4790045000000001e-03
   1.1962884999999999e-02
   1.2008650000000001e-02
   7.7591040000000002e-03
   3.2577500000000002e-03
   4.1122455000000002e-03
   9.1171300000000011e-03
   8.6898900000000005e-03
   5.9509499999999948e-04
  -4.4937000000000006e-03
  -4.8675649999999999e-03
   1.5029900000000001e-03
   1.6540550000000001e-02
   7.0877049999999997e-03
   4.6844699999999996e-03
   9.8419499999999977e-04
   6.7291450000000006e-03
   8.9950599999999992e-03
   5.1955999999999999e-03
   1.7318749999999995e-03
  -2.2277850000000004e-03
   4.2953514999999999e-03
   1.0177590000000000e-02
   7.0571669999999996e-03
   6.2103200000000001e-03
   3.7002549999999995e-03
   4.4250700000000006e-03
   7.2631850000000001e-03
   8.5448999999999942e-04
  -9.4833450000000007e-03
  -3.0975149999999999e-03
   1.5716549999999995e-03
  -2.5177000000000012e-04
  -4.5165900000000000e-03
  -3.1662000000000005e-03
   3.6392199999999999e-03
   8.8729610000000004e-03
   1.0704015000000001e-02
   9.1171149999999986e-03
  -1.4800849999999999e-03
  -3.3569500000000000e-04
  -1.7547999999999999e-04
   2.7618399999999998e-03
   8.9035199999999998e-03
   2.8915300000000002e-03
  -2.7236749999999996e-03
  -3.5781799999999998e-03
   5.4168649999999999e-03
   8.1558265000000012e-03
  -4.9133250000000005e-03
  -7.1563850000000012e-03
  -4.1961499999999992e-04
   5.9737960000000000e-03
   1.0475139999999999e-02
   4.5623999999999994e-03
   2.7084550000000002e-03
   3.2806500000000021e-04
   1.1093150000000000e-02
   1.6891450000000002e-02
   1.0337809999999999e-02
   7.4234214999999992e-03
   7.2631706000000004e-03
   1.6128550000000002e-02
   1.0574344999999999e-02
   1.7013750000000002e-03
  -5.8822449999999995e-03
  -6.9580049999999997e-03
  -7.7438449999999992e-03
  -2.1209699999999998e-03
  -7.0037599999999995e-03
  -1.6410830000000001e-02
  -1.1459340000000000e-02
  -5.5999793999999999e-03
  -2.8533949999999999e-03
  -2.5939950000000000e-03
  -8.5144100000000000e-03
  -1.1009230000000000e-02
  -4.0206900000000004e-03
  -5.3863549999999998e-03
  -8.9798150000000004e-03
  -1.0787975000000000e-02
  -7.0343087999999998e-03
   9.7656499999999999e-04
   6.1798050000000000e-03
   8.7432800000000008e-03
   2.5329599999999999e-03
   1.8920899999999999e-03
   7.8735550000000008e-03
   1.2664800000000000e-02
   8.0566400000000003e-03
  -2.3422249999999999e-03
  -7.9879700000000005e-03
  -3.5858149999999996e-03
   8.4914949999999999e-03
   9.1552700000000001e-03
   2.7542150000000000e-03
  -3.9901749999999995e-03
  -5.9127850000000003e-03
   3.3264150000000001e-03
   1.9836450000000000e-03
   1.3809199999999995e-03
  -2.1591200000000000e-03
  -1.4816295000000000e-02
  -1.0047904999999999e-02
  -2.1438600000000000e-03
   1.0070799999999996e-03
  -8.4838965000000009e-03
  -1.2229915000000001e-02
  -7.0571750000000006e-03
  -3.3035050000000000e-03
  -3.4255750000000001e-03
  -9.2010549999999997e-03
  -1.4045735000000000e-02
  -1.2008680000000001e-02
  -1.1642450000000000e-02
  -1.1741635000000000e-02
  -1.6639730000000002e-02
  -1.2947085000000001e-02
  -4.1122399999999996e-03
   2.8228749999999999e-03
   4.9743749999999996e-03
   5.3405650000000002e-03
   7.6289999999999691e-05
  -4.1503749999999996e-03
  -2.6779149999999995e-03
  -9.6892999999999979e-04
  -1.2741049999999998e-03
  -8.6212000000000007e-04
   5.3405999999999983e-04
   6.9045900000000004e-03
   1.2519825000000000e-02
   5.5084395000000001e-03
   9.4604499999999996e-04
   4.0664650000000000e-03
   1.0269169999999999e-02
   4.7912606000000005e-03
  -3.3187850000000003e-03
  -1.5510570000000001e-02
  -1.3565080000000000e-02
  -2.0980799999999996e-03
   4.4860600000000000e-03
   1.8386849999999998e-03
  -7.3471035000000004e-03
  -1.2405399999999999e-02
  -1.1917125000000001e-02
  -1.0627734999999999e-02
  -7.9345949999999991e-03
  -1.1764535000000000e-02
  -1.4205924999999999e-02
  -2.6855450000000001e-03
   8.7737999999999965e-04
   2.8915400000000002e-03
  -1.6479350000000005e-03
  -3.5248049999999998e-03
   5.8822625000000007e-03
   1.3305670000000000e-02
   5.9356949999999995e-03
   1.5563949999999999e-03
   1.9912699999999998e-03
   8.0184850000000005e-03
   8.0566300000000004e-03
   6.5536450000000003e-03
   2.0294400000000000e-03
   5.3939800000000005e-03
   8.6288249999999997e-03
   1.5991200000000001e-02
   1.1741645000000000e-02
   3.0517500000000002e-03
  -1.4648449999999998e-03
   8.2702499999999998e-03
   1.3450620000000000e-02
   1.0406470000000001e-02
  -4.4021399999999997e-03
   5.3405000000000293e-05
   6.3705239999999998e-03
   1.8814100000000000e-02
   2.5505050000000001e-02
   1.7356850000000000e-02
   1.2702939999999999e-02
   9.6817250000000004e-03
   2.2041300000000000e-02
   2.2315999999999999e-02
   6.2561019999999995e-03
  -3.1967199999999992e-03
  -5.8975049999999999e-03
   3.5934425000000002e-03
   5.1193100000000002e-03
   9.2163200000000001e-03
   9.9182150000000011e-03
   8.5067614999999996e-03
   1.4587414999999999e-02
   1.7356850000000000e-02
   1.3069145000000001e-02
   4.4784700000000000e-03
   6.3171499999999997e-03
   1.4663700000000000e-02
   1.3885499999999999e-02
   1.2649560000000001e-02
   1.0528585000000000e-02
   1.3168325000000000e-02
   1.9790650000000000e-02
   2.0286550000000000e-02
   2.3071300000000003e-02
   1.4503475000000000e-02
   1.0337820000000001e-02
   1.3496400000000000e-02
   1.4068600000000001e-02
   8.9493049999999994e-03
   1.2893700000000002e-03
  -3.6010999999999999e-03
  -2.7007950000000002e-03
   4.5013300000000004e-03
   9.4986100000000011e-03
   4.7073250000000001e-03
  -1.0452249999999999e-03
  -1.0604849999999999e-03
  -4.6615700000000003e-03
  -2.1591149999999996e-03
  -7.1258469499999996e-03
  -1.2466419999999999e-02
  -1.2336730000000001e-02
  -1.6632050000000001e-03
   2.2888199999999996e-03
  -2.0065299999999999e-03
   5.6457499999999989e-04
  -9.6893499999999998e-04
   4.9819949999999995e-03
   3.8299550000000003e-03
  -4.4860600000000000e-03
  -1.5914939999999999e-02
  -1.9416849999999999e-02
  -6.8512150000000008e-03
  -1.5259000000000019e-04
  -7.6289999999999691e-05
  -4.6081650000000000e-03
  -4.9590899999999993e-03
  -3.2119749999999997e-03
  -3.0441249999999995e-03
  -6.1569299999999997e-03
  -9.0942400000000000e-03
  -6.5078699999999998e-03
  -1.2596130000000001e-02
  -1.6670214999999999e-02
  -6.2484700000000008e-03
  -4.1961849999999998e-03
   9.3841500000000017e-04
   9.4146550000000009e-03
   1.4709480000000000e-02
   1.4968880000000000e-02
   4.8751899999999997e-03
  -4.2800749999999995e-03
  -3.6468350000000002e-03
   1.1192310000000000e-02
   1.1444115000000001e-02
   2.9220399999999999e-03
  -3.8070850000000004e-03
   3.8375864999999998e-03
   6.0882549999999999e-03
   3.4790250000000002e-03
  -1.5182299999999998e-03
  -2.9983349999999995e-03
  -3.1890999999999998e-03
   8.2092399999999996e-03
   1.5136699999999999e-02
   5.9204000000000001e-03
  -4.3868800000000001e-03
   1.4419550000000000e-03
   2.1110499999999997e-02
   1.8348700000000003e-02
   1.8188450000000002e-02
   1.8424965000000001e-02
   8.7661949999999992e-03
   1.4068600000000001e-02
   1.6914400000000000e-02
   1.4488225000000000e-02
   8.8500999999999988e-04
  -7.9040350000000002e-03
  -2.1820050000000003e-03
   1.5411350000000003e-03
   5.5847024999999993e-03
   1.3733000000000018e-04
  -4.0511850000000005e-03
  -5.1879999999999982e-04
   1.7776495000000000e-03
  -1.2664799999999997e-03
  -7.5836250000000001e-03
  -1.1375435000000000e-02
  -4.3869024999999996e-03
  -1.6326900000000000e-03
   3.7460345000000003e-03
   7.4005000000000034e-04
   3.5095500000000002e-04
   1.2359599999999999e-03
   6.0271999999999995e-04
   3.5018934999999996e-03
  -4.7454814999999999e-03
  -1.1238095000000000e-02
  -1.2214650000000001e-02
  -4.5928949999999996e-03
  -4.8523099999999994e-03
  -9.8190450000000002e-03
  -1.1062635000000001e-02
  -7.2174049999999997e-03
   7.9574599999999995e-03
   9.2925899999999999e-03
  -2.2125399999999998e-03
  -7.8430399999999990e-03
  -4.5623800000000004e-03
   3.9901720000000002e-03
   1.0414105000000000e-02
   4.3029800000000005e-03
  -5.7525500000000004e-03
  -1.0498040000000000e-02
  -1.1291500000000000e-03
   1.0444625000000001e-02
   1.2924214999999999e-02
   6.7901495000000003e-03
   2.1743750000000001e-03
   9.0026749999999999e-03
   1.2954705000000000e-02
   1.4587405000000001e-02
   5.1116700000000004e-03
  -1.5487649999999997e-03
   2.0904549999999997e-03
   2.4032599999999999e-03
   4.5928969999999994e-03
  -6.4849764999999997e-03
  -4.1885150000000003e-03
  -3.1585715000000004e-03
   6.0653649999999996e-03
   8.8806400000000004e-03
   1.7318749999999999e-03
  -7.6294999999999662e-05
  -1.7318750000000001e-03
  -9.2315850000000005e-04
   2.2201525000000001e-03
   2.7694700000000000e-03
   2.3117050000000003e-03
   9.9563650000000000e-03
   1.8005350000000000e-02
   1.9989000000000000e-02
   1.1810289999999999e-02
   9.2391749999999988e-03
   6.7291429999999999e-03
   1.4343270000000000e-02
   1.5838649999999999e-02
  -2.7542100000000000e-03
  -8.0718965000000000e-03
  -4.6234110000000000e-03
   7.3547200000000004e-03
   6.9427704999999998e-03
   1.8692000000000001e-03
   2.4185200000000004e-03
   1.2130699999999997e-03
   1.7608650000000000e-02
   2.0454399999999998e-02
   3.0517499999999998e-04
  -1.1680625000000000e-02
  -1.4396650000000000e-02
   3.4637460000000002e-03
   8.6669799999999995e-03
   1.0513304999999999e-02
   3.9825450000000005e-03
   1.6403149999999998e-03
   2.5711049999999997e-03
   5.8898929999999993e-03
   6.4849819999999994e-03
  -5.7067949999999997e-03
  -1.4350874999999999e-02
  -9.8495500000000003e-03
  -1.5869149999999999e-03
   2.7771000000000002e-03
   2.5939999999999991e-04
  -3.4408600000000004e-03
  -6.7901499999999983e-04
   8.7814150000000007e-03
   6.7138750000000002e-03
  -8.5983199999999996e-03
  -7.7285900000000005e-03
  -8.2168799999999993e-03
   2.7313249999999997e-03
  -5.9814500000000001e-03
  -1.2001015000000000e-02
  -9.0331875000000013e-03
  -4.4784600000000001e-03
   5.2871524999999996e-03
   7.4386649999999997e-03
  -3.6621200000000000e-03
  -7.5683349999999998e-03
  -1.0711680000000001e-02
  -2.2354100000000002e-03
   5.0353999999999980e-04
  -5.2490200000000001e-03
  -8.7814095000000002e-03
  -1.4694205000000000e-02
  -4.5776369999999999e-03
  -5.0659199999999998e-03
  -1.3763415000000001e-02
  -2.0042450000000000e-02
  -2.3902900000000001e-02
  -1.3824450000000000e-02
  -5.7907100000000001e-03
  -5.4321350000000003e-03
  -1.1222830000000000e-02
  -1.7395000000000001e-02
  -1.0833720000000000e-02
   4.1961699999999999e-03
   1.0375990000000000e-02
   4.3640149999999997e-03
   3.9138749999999998e-03
   1.8539450000000001e-03
   6.1798100000000000e-03
   6.2942500000000004e-03
  -3.0822749999999998e-03
  -8.0337450000000001e-03
  -1.7547500000000002e-04
   6.9503800000000008e-03
   1.3053900000000000e-02
   5.5389429999999993e-03
   2.6245149999999996e-03
   6.4086734999999999e-03
   1.5502950000000001e-02
   1.7333999999999999e-02
   7.0495724999999993e-03
   7.4767999999999970e-04
   2.0828250000000000e-03
   1.1199964999999999e-02
   1.0284420000000001e-02
   2.4871850000000003e-03
  -1.4114349999999999e-03
   2.4871849999999998e-03
   1.7143249999999999e-02
   2.5360100000000000e-02
   2.1690399999999999e-02
   1.6288749999999998e-02
   7.7514799999999998e-03
   1.4816250000000000e-02
   1.2832600000000000e-02
   7.3318299999999993e-03
  -1.0604850000000003e-03
   1.2207049999999999e-03
   3.4179674999999998e-03
   4.0283185000000001e-03
   3.6468500000000005e-03
  -3.9596549999999994e-03
  -7.3089381999999993e-03
  -6.7520099999999993e-03
  -3.0975345000000000e-03
  -5.5999850000000000e-03
  -1.3130185000000001e-02
  -1.4678935000000001e-02
  -1.1184710000000000e-02
  -7.6904249999999999e-03
   2.5482199999999999e-03
  -6.4086999999999998e-04
  -3.5781999999999997e-03
   3.3569500000000000e-04
   4.7683750000000000e-03
   4.8599399999999992e-03
  -5.3100399999999994e-03
  -1.3099659999999999e-02
  -1.0772730000000001e-02
  -3.6163329999999998e-03
  -4.3869034999999999e-03
  -1.1291490000000001e-02
  -1.3374334999999999e-02
  -1.3252275000000001e-02
  -2.7313210000000001e-03
  -4.6920800000000004e-03
  -1.2855530000000000e-02
  -1.4205930000000000e-02
  -1.5876780000000000e-02
  -3.7994389999999999e-03
  -6.9503990000000003e-03
  -1.9477849999999998e-02
  -2.8625450000000000e-02
  -1.9447350000000002e-02
  -4.3182400000000001e-03
   4.0817244999999999e-03
   8.9950399999999993e-03
   3.2272400000000001e-03
   1.9149749999999998e-03
   1.2992834999999999e-02
   1.0818475000000001e-02
   5.0506574999999998e-03
  -3.9520250000000005e-03
  -8.3770750000000012e-03
  -1.3114950000000000e-02
  -4.9743649999999997e-03
  -5.2185065000000001e-03
  -9.9563599999999992e-03
  -1.6754149999999999e-02
  -1.0482805000000001e-02
  -1.0177635000000001e-02
  -7.1029700000000001e-03
  -1.2779239999999999e-02
  -1.5907299999999999e-02
  -1.5510550000000001e-02
  -3.5858150000000000e-03
   3.1967145000000004e-03
  -4.7454855000000004e-03
  -1.0391210000000000e-02
  -4.2877200000000001e-03
   1.6937250000000001e-03
   5.8975199999999998e-03
   7.4004999999999991e-04
  -4.3716420000000002e-03
  -6.8130350000000003e-03
  -5.7983249999999991e-04
   3.1356800000000001e-03
  -3.9443949999999998e-03
  -1.3809199999999999e-03
  -5.2566499999999999e-03
  -4.6997270000000008e-03
   2.2659299999999998e-03
  -1.9149649999999998e-03
  -9.1781850000000002e-03
  -8.4991300000000006e-03
   3.1967164999999998e-03
   5.3329479999999997e-03
  -1.8386849999999996e-03
  -5.2413800000000003e-03
  -4.2495699999999994e-03
   7.8887850000000006e-03
   1.6860950000000000e-02
   1.3069135000000001e-02
   2.5787249999999996e-03
  -3.8147000000000007e-04
   3.5324114999999998e-03
   6.3629150000000002e-03
  -6.0271999999999973e-04
  -1.1733985000000001e-02
  -1.1352530000000000e-02
  -3.9520249999999996e-03
   3.9367684999999999e-03
   5.4168700000000007e-03
  -8.8043449999999999e-03
  -1.0299700000000000e-02
  -4.8217859999999998e-03
   7.4005000000000013e-04
  -2.3574799999999995e-03
   9.1552999999999990e-04
  -4.8065000000000000e-03
  -8.0490100000000005e-03
  -6.8664999999999872e-05
   6.2637200000000004e-03
   5.5389400000000000e-03
   1.6098000000000002e-03
   7.6250000000000363e-06
   4.4326795000000007e-03
   1.4457700000000000e-02
   1.2001049999999999e-02
   9.5367499999999975e-04
   1.6555800000000000e-03
   1.3343849999999999e-02
   1.7097450000000000e-02
   9.4299150000000005e-03
  -1.9302350000000002e-03
  -7.8582730000000007e-03
   7.6290000000000125e-05
  -4.2343120000000005e-03
  -1.5533459999999999e-02
  -2.2766100000000001e-02
  -2.3155200000000001e-02
  -1.3305650000000000e-02
  -1.3603199999999999e-02
  -1.7730750000000000e-02
  -2.3269649999999999e-02
  -2.3628200000000002e-02
  -1.4305104999999999e-02
  -2.8457619999999999e-03
  -3.8604750000000004e-03
  -9.1476500000000002e-03
  -1.1116035000000000e-02
  -4.3334960000000000e-03
   3.1356804999999998e-03
   3.9901750000000003e-03
  -8.5525250000000001e-03
  -1.3977065000000000e-02
  -1.1428819999999999e-02
  -4.6920799999999995e-03
   7.1715999999999989e-04
  -8.4075950000000003e-03
  -1.2992870000000000e-02
  -8.5525600000000007e-03
  -4.8370349999999999e-03
   3.6315899999999996e-03
   2.5482400000000002e-03
   2.8000000000000000e-03
   8.4228580000000001e-03
   1.3008100000000000e-02
   1.1550894999999999e-02
   4.9743750000000005e-03
   3.6392299999999998e-03
   9.0179449999999994e-03
   1.6174299999999999e-02
   1.4968850000000001e-02
   7.9116599999999992e-03
   5.1803579999999995e-03
  -2.5939950000000000e-03
   1.8081665000000001e-03
   1.7089825000000001e-03
  -3.3950810000000003e-03
  -1.3450625000000001e-02
  -1.8867450000000001e-02
  -6.9808950000000000e-03
  -5.4016100000000003e-03
  -8.7737800000000001e-03
  -2.1492000000000001e-02
  -1.9928000000000001e-02
  -1.2657155000000000e-02
  -4.0664700000000000e-03
  -6.0272199999999998e-03
  -1.8386850000000000e-02
  -1.9813549999999999e-02
  -1.6273500000000000e-02
  -8.3923150000000009e-03
   1.4419600000000002e-03
  -6.0501004999999998e-03
  -9.0027049999999997e-03
  -8.2550300000000000e-03
  -1.1062650000000002e-03
   2.8915300000000002e-03
  -6.9046249999999993e-03
  -1.5274055000000000e-02
  -1.4755229999999999e-02
  -6.4010399999999993e-03
  -6.6375999999999978e-04
  -5.6686150000000001e-03
  -8.5448994999999996e-03
  -9.0179500000000003e-03
  -2.6931799999999999e-03
   2.2354150000000001e-03
  -4.2495750000000002e-03
  -7.5988849999999997e-03
  -1.4961225000000002e-02
  -3.4179650000000002e-03
  -2.2884999999999833e-05
  -7.4462755000000002e-03
  -9.5443600000000000e-03
  -8.8653399999999993e-03
   3.3416749999999997e-03
   7.7972499999999995e-03
   9.5519750000000007e-03
   4.5776499999999999e-03
  -9.7656000000000001e-04
   6.9961349999999997e-03
   8.1786899999999989e-03
   4.5852850000000006e-03
  -7.0343030500000002e-03
  -9.7656105000000007e-03
  -4.3945349999999998e-03
   1.3961799999999999e-03
   2.3651100000000001e-03
  -1.0681150000000001e-03
  -5.5770874999999994e-03
   1.7700199999999998e-03
   5.4397550000000001e-03
   5.2184935000000000e-03
  -7.6980480000000007e-03
  -1.7211900000000002e-02
  -6.3629350000000001e-03
   8.1786899999999989e-03
   1.6578700000000002e-02
   1.0917649999999999e-02
   6.3095180000000001e-03
   6.2637200000000004e-03
   1.4808650000000000e-02
   1.8432600000000000e-02
   6.9122214999999994e-03
  -2.4490350000000000e-03
  -8.0872000000000019e-04
   9.9182000000000003e-04
   3.8986200000000002e-03
   8.1634500000000000e-04
   5.2643000000000047e-04
  -4.3945549999999996e-03
   1.1978149999999999e-03
  -3.3264149999999997e-03
  -1.0978700000000001e-02
  -1.2985240000000000e-02
  -1.5686055000000001e-02
  -6.2332150000000003e-03
  -7.7590950000000006e-03
  -7.3241999999999995e-03
  -6.4773495000000000e-03
  -1.6098049999999997e-03
   5.5084200000000000e-03
   9.9944949999999991e-03
   4.2114240000000001e-03
  -4.0283209999999996e-03
  -2.4032599999999999e-03
   6.5231149999999995e-03
   8.3160600000000001e-03
   1.9073500000000004e-04
  -1.3999919999999999e-02
  -1.0330195000000000e-02
  -4.0435804999999995e-03
   1.5563999999999999e-03
  -1.6174300000000002e-03
  -1.0513284999999999e-02
  -1.4801024999999999e-02
  -8.0566200000000004e-03
  -9.6893000000000001e-04
   2.1591200000000000e-03
  -8.8195600000000006e-03
  -2.0645150000000001e-02
  -1.9317600000000001e-02
  -1.0452300000000001e-03
   8.3312850000000008e-03
   6.4620850000000002e-03
   3.3569350000000001e-03
   5.3406000000000026e-04
   8.3160600000000001e-03
   3.1356790000000002e-03
  -3.0517549999999997e-03
  -7.1716440000000005e-03
  -1.4457690000000000e-02
  -4.7912800000000002e-03
  -1.6632100000000000e-03
  -2.8457550000000002e-03
  -4.5776400000000000e-03
  -4.4098100000000001e-03
   2.2659299999999998e-03
   9.1094950000000004e-03
   4.2724399999999997e-03
   1.6174250000000000e-03
  -9.9944999999999982e-04
   5.8059770000000004e-03
   6.4468550000000005e-03
   1.7929100000000000e-03
  -5.0506600000000002e-03
   1.7318699999999999e-03
   1.8043549999999998e-02
   2.3704500000000000e-02
   2.5634749999999998e-02
   1.5762345000000001e-02
   7.2326464999999994e-03
   1.4045710000000001e-02
   1.1741659999999999e-02
   1.4366130000000001e-02
  -1.1672950000000001e-03
  -6.1035399999999993e-03
  -2.4871800000000003e-03
   5.5770674999999995e-03
   3.2882699999999994e-03
  -4.2953350000000008e-03
  -1.0559070000000000e-02
  -8.0871499999999995e-03
  -6.1798100000000000e-03
  -7.0190499999999985e-04
  -3.6468650000000000e-03
  -1.3725299999999999e-02
  -1.9729600000000000e-02
  -1.8539423999999998e-03
   6.7901649999999990e-03
   6.8969749999999996e-03
  -7.1487610000000000e-03
  -1.3847350000000000e-02
  -1.7929075000000000e-03
   4.3334979999999999e-03
  -8.5449500000000025e-04
  -3.0899050000000000e-03
  -6.8435850000000001e-03
  -1.4724750000000000e-03
   2.2201550000000001e-03
  -3.6849999999999999e-03
  -6.6604549999999992e-03
  -8.3541650000000002e-03
  -3.2119750000000002e-03
   6.7672649999999997e-03
  -9.1555000000000109e-05
  -1.5403750000000001e-02
  -1.8310550000000002e-02
  -1.3648990000000000e-02
  -1.2207050000000001e-02
  -9.8495450000000012e-03
  -8.7127899999999998e-03
  -5.2795200000000002e-03
   6.7901645000000002e-03
   1.2763979999999999e-02
   1.4884960000000001e-02
   8.4915180000000000e-03
   9.9029549999999997e-03
   6.8588199999999998e-03
   1.7822299999999999e-02
   2.2331250000000000e-02
   9.9258599999999999e-03
   5.4016200000000002e-03
   1.1558555000000000e-02
   1.7501800000000001e-02
   1.5151965000000000e-02
   9.1247480000000002e-03
   2.8839149999999999e-03
  -1.2054449999999999e-03
   5.6915300000000002e-03
   7.1029900000000000e-03
   7.2631900000000001e-03
  -1.0833750000000001e-03
  -7.9040320000000001e-03
   2.6702849999999997e-03
   1.1962875000000001e-02
   1.1833190000000000e-02
   1.1306750000000001e-02
   5.2871804999999996e-03
   6.4468349999999997e-03
   8.6364549999999995e-03
   3.1967199999999992e-03
  -4.6081600000000000e-03
  -9.1095170000000010e-03
  -1.7623899999999997e-03
   1.7471300000000002e-03
   4.7912800000000002e-03
  -9.6130499999999997e-04
  -8.2397500000000023e-04
   9.4070500000000001e-03
   1.5380850000000001e-02
   1.6487149999999999e-02
   9.0942499999999999e-03
   1.0917670000000001e-02
   1.7265300000000001e-02
   1.7807000000000000e-02
   2.4497999999999999e-02
   1.1764505000000000e-02
   1.0269180000000001e-02
   1.5205349999999999e-02
   2.0118700000000000e-02
   2.6580800000000002e-02
   1.3404855000000000e-02
   9.4833499999999998e-03
   1.4266970000000000e-02
   1.6311650000000000e-02
   1.8707250000000002e-02
   8.8730000000000007e-03
   1.8920900000000004e-03
  -1.2512199999999999e-03
   3.9138784999999997e-03
   2.8457629999999999e-03
  -6.5383676000000000e-03
  -1.0719285000000000e-02
  -1.3175950000000001e-02
  -4.7302499999999996e-04
   6.0272450000000005e-03
   1.6937250000000001e-03
  -7.1869124999999999e-03
  -1.5831000000000001e-02
  -7.9498250000000006e-03
  -5.1117000000000003e-04
  -4.2266850000000000e-03
  -5.2642899999999996e-03
  -8.2702459999999985e-03
   2.2125249999999999e-03
   1.0871894999999999e-02
   1.4785755000000001e-02
   5.3100500000000002e-03
   5.7449549999999995e-03
   1.1070235000000001e-02
   1.1466984999999999e-02
   9.1476300000000003e-03
  -1.2206999999999999e-03
  -3.5857950000000001e-03
   5.0964265000000000e-03
   9.5672400000000012e-03
   1.9203200000000000e-02
   1.3160690000000001e-02
   4.4479500000000009e-03
   8.2855099999999994e-03
   1.6334550000000000e-02
   1.8341049999999998e-02
  -2.2583000000000000e-03
  -6.9580099999999997e-03
  -5.4931850000000003e-03
   8.1176599999999988e-03
   1.9027700000000002e-02
   1.7677300000000000e-02
   1.9073500000000000e-02
   1.5457149999999999e-02
   2.0011899999999999e-02
   2.0202649999999999e-02
   5.9127800000000003e-03
  -5.4473855000000005e-03
  -1.0780319999999999e-02
  -4.5776350000000000e-03
  -2.8228499999999996e-04
  -8.7737999999999987e-04
  -1.2680060000000000e-02
  -1.5083300000000001e-02
  -5.1803600000000002e-03
  -3.6239619999999997e-03
  -4.3487524999999997e-03
  -1.2306220000000000e-02
  -1.8600449999999998e-02
  -1.4930699999999998e-02
  -1.1405934999999999e-02
  -5.4473949999999998e-03
   3.1356649999999997e-03
   4.4937145000000000e-03
   1.2954700000000000e-02
   1.6700750000000000e-02
   1.3893130000000000e-02
   5.8746449999999995e-03
  -1.6784500000000023e-04
  -3.6239639999999999e-03
   2.0599399999999997e-03
   1.1443999999999994e-04
  -9.7808599999999989e-03
  -1.4640825000000000e-02
  -9.8953250000000000e-03
  -5.6457499999999997e-03
  -3.3569000000000003e-04
  -1.0192850000000000e-02
  -1.2390129999999999e-02
  -8.6822700000000006e-03
  -3.5476670000000000e-03
   3.2043499999999999e-04
  -1.3015764999999999e-02
  -1.1856055000000001e-02
  -1.5335100000000001e-03
   1.5258750000000000e-02
   2.4734500000000000e-02
   2.0675650000000000e-02
   1.1810299999999999e-02
   1.0246270000000000e-02
   1.7501849999999999e-02
   1.5777600000000003e-02
   1.2146000000000001e-02
   8.0032449999999991e-03
   6.3934380000000004e-03
   1.3275149999999999e-02
   1.6014100000000000e-02
   1.4328025000000001e-02
   3.0669949999999999e-03
  -6.8054085000000004e-03
   3.2806499999999978e-04
  -4.4403055000000000e-03
  -2.7618450000000002e-03
  -5.9585649999999999e-03
  -9.2315800000000014e-03
  -1.1825549999999998e-03
   5.7144149999999996e-03
   1.2527455000000000e-02
   1.2802129999999998e-02
   1.6258250000000002e-02
   2.2003149999999999e-02
   2.3613000000000002e-02
   2.1240200000000001e-02
   1.1169435000000000e-02
   4.7530920000000004e-03
   8.9950550000000001e-03
   1.1543270000000001e-02
   9.0102949999999998e-03
  -1.3732900000000001e-03
  -5.0506399999999995e-03
  -5.1345912000000000e-03
   4.8828500000000019e-04
   2.0141650000000001e-03
  -2.9678149999999999e-03
  -9.6435649999999998e-03
  -4.8904550000000001e-03
   2.5253314999999998e-03
   8.8500749999999989e-03
   4.0130749999999996e-03
  -3.3035500000000001e-03
   1.0833750000000001e-03
   1.1703504999999999e-02
   1.9546500000000001e-02
   1.5876794999999999e-02
   1.1322040000000000e-02
   8.2168550000000003e-03
   1.6456600000000002e-02
   2.2613550000000000e-02
   1.9653299999999999e-02
   7.5378449999999996e-03
  -2.2506699999999998e-03
   1.2741100000000002e-03
   2.6626580000000000e-03
   5.7449110000000001e-03
  -5.5389350000000000e-03
  -6.8054389999999999e-03
   5.0735709999999998e-03
   1.6372649999999999e-02
   1.6166659999999999e-02
   6.2560799999999998e-03
  -1.9302350000000002e-03
   7.0190000000000009e-04
  -8.3923500000000002e-04
  -4.4250499999999972e-04
  -2.1209650000000003e-03
   2.3193350000000001e-03
   1.5983589999999999e-02
   2.2438050000000001e-02
   2.4169900000000001e-02
   1.3343825000000000e-02
   8.2168750000000002e-03
   7.2021400000000001e-03
   9.0484650000000003e-03
   1.0444620000000000e-02
  -2.7465800000000002e-03
  -6.5841435000000004e-03
  -8.3465450000000004e-03
   2.0141615000000002e-03
   3.6163350000000000e-03
   1.1291500000000002e-03
  -4.9438505000000002e-03
  -7.8582900000000004e-03
  -4.1961500000000003e-04
   2.0751950000000002e-03
  -9.4146950000000007e-03
  -2.0622250000000002e-02
  -1.8890400000000002e-02
  -1.5716550000000001e-03
   6.4391950000000000e-03
   6.7978105000000002e-03
  -3.9901550000000004e-03
  -1.1283860000000000e-02
  -6.7367549999999997e-03
   2.9754999999999972e-04
  -5.8975175999999999e-03
  -1.5777605000000000e-02
  -1.9561800000000001e-02
  -1.0986309999999999e-02
  -6.3247600000000005e-03
   9.2315499999999972e-04
   8.8500999999999944e-04
  -4.4860949999999998e-03
   1.8005399999999998e-03
   6.3400250000000000e-03
   3.4942645000000001e-03
  -3.6468499999999997e-03
  -1.0437015000000001e-02
  -3.8070650000000001e-03
   1.4648450000000002e-03
   1.6708350000000003e-03
  -6.1034999999999649e-05
   2.2811899999999998e-03
   1.0330205000000000e-02
   1.4968849999999999e-02
   1.0726945000000000e-02
   9.9185000000000332e-05
  -3.3111599999999996e-03
  -2.8991719999999998e-03
   8.2931699999999990e-03
   9.4299150000000005e-03
   9.9182000000000003e-04
  -3.7231470000000000e-03
  -2.9144300000000000e-03
  -9.0790000000000011e-04
   1.8463099999999999e-03
  -3.8299569999999997e-03
  -1.1344925000000000e-02
  -1.3748165000000000e-02
  -3.9825455000000003e-03
   1.0986349999999999e-03
   1.0452299999999999e-03
  -6.0424600000000004e-03
  -1.6723635000000001e-02
  -5.0811530500000004e-03
   1.3122600000000000e-03
  -9.9945499999999979e-04
  -1.4724750000000000e-02
  -1.8753050000000000e-02
  -1.2695295000000001e-02
  -8.6898849999999996e-03
  -5.2108700000000003e-03
  -5.7678390000000003e-03
  -1.2580880000000001e-02
  -9.9639849999999999e-03
  -4.8828099999999996e-03
  -9.6664200000000002e-03
  -2.0645150000000001e-02
  -2.5100749999999998e-02
  -1.9798250000000000e-02
  -9.7274850000000010e-03
  -6.2713600000000001e-03
  -1.3320905000000001e-02
  -1.5304584999999999e-02
  -1.4114379999999999e-02
  -7.1944999999999995e-03
  -9.8724399999999997e-03
  -1.5266425000000000e-02
  -1.1955255000000000e-02
  -6.5384149999999997e-03
   6.5383699999999999e-03
   1.5052800000000000e-02
   5.9814399999999993e-03
   1.1283860000000000e-02
   1.6181950000000001e-02
   2.3857099999999999e-02
   2.4330100000000000e-02
   1.0986315000000000e-02
   3.3874700000000001e-03
   4.0893700000000002e-03
   1.1703470000000001e-02
   1.4595029999999998e-02
   7.6522650000000001e-03
  -9.9180000000000362e-05
  -4.8065299999999998e-03
  -1.5260000000000013e-05
   2.7160650000000001e-03
   2.9754499999999975e-04
  -6.7138900000000001e-03
  -1.5968320000000001e-02
  -1.5121440000000000e-02
  -4.2419199999999997e-03
   5.3024409999999998e-03
   3.4866350000000005e-03
   4.8980713500000007e-03
   1.0848980000000001e-02
   1.6510000000000000e-02
   2.2277850000000002e-02
   1.2466410000000001e-02
   7.3547449999999993e-03
   3.3416749999999997e-03
   7.5378199999999998e-03
   1.5480049999999999e-02
   5.4855099999999999e-03
   4.9133399999999995e-03
   7.3242020000000001e-03
   1.3732900000000001e-02
   1.1352544999999999e-02
   1.4801000000000003e-03
  -4.2724620000000003e-03
  -2.2964489999999999e-03
  -1.4495850000000000e-04
  -4.8980700000000000e-03
  -1.1833204999999999e-02
  -9.4909699999999996e-03
  -1.3351450000000003e-03
   1.0604880000000001e-02
   2.1148649999999998e-02
   1.5419020000000000e-02
   8.4838765000000010e-03
   7.3089449999999999e-03
   1.0925300000000001e-02
   1.4541630000000000e-02
   8.5144249999999991e-03
   2.3727249999999996e-03
  -4.8294150000000001e-03
  -9.3841500000000017e-04
   2.9373200000000002e-03
   9.1552500000000037e-04
  -7.2555500000000004e-03
  -1.1894199999999999e-02
  -2.4795549999999996e-03
   1.3809199999999999e-03
  -7.4462793999999994e-03
  -2.0729049999999999e-02
  -2.3757950000000000e-02
  -1.9058200000000001e-02
  -6.0501050000000001e-03
   2.5482200000000003e-03
   6.0272499999999927e-04
   5.4932000000000028e-04
   4.5700075000000007e-03
   8.5602049999999996e-03
   1.4244099999999999e-02
   6.8817099999999992e-03
   3.1585650000000003e-03
   3.3874500000000002e-03
   1.1810305000000000e-02
   1.3450600000000000e-02
   8.9264150000000000e-03
   3.0059950000000000e-03
   3.9062699999999999e-03
   8.0413700000000008e-03
   5.4016244999999996e-03
  -2.7770999999999998e-03
  -7.5530850000000010e-03
  -5.0506649999999993e-03
   3.1280499999999994e-03
   6.0272180000000000e-03
   1.2130750000000005e-03
  -3.9675000000000040e-04
   9.3841499999999974e-04
   1.2718179999999999e-02
   1.7997699999999998e-02
   1.5686050000000000e-02
   6.2408495000000003e-03
   1.7776499999999995e-03
   1.3488799999999999e-02
   1.8211399999999999e-02
   1.8524200000000001e-02
   2.5253200000000002e-03
  -4.1885400000000001e-03
   2.2048950000000001e-03
   1.1299145000000000e-02
   5.9356850000000004e-03
  -9.7427499999999997e-03
  -8.7890499999999996e-03
  -5.1345850000000005e-03
  -5.0659263500000004e-03
  -2.0828250000000000e-03
  -9.3459879999999995e-03
  -9.1934449999999997e-03
  -8.7203950000000006e-03
  -1.5335049999999999e-03
   7.4615500000000000e-03
   1.0681139999999999e-02
   4.6692000000000001e-03
   5.7372824999999995e-03
   1.4083870000000000e-02
   1.2527465000000000e-02
   6.3323920000000001e-03
   7.7896049999999998e-03
   4.7607429999999996e-03
   6.4315700000000002e-03
   5.6915059999999998e-03
  -6.9046049999999994e-03
  -1.4945964999999999e-02
  -1.1093140000000001e-02
  -7.8353736499999996e-03
  -6.5002350000000000e-03
  -8.6059399999999994e-03
  -1.9973750000000002e-02
  -1.7349230000000000e-02
  -1.5129099999999999e-02
  -1.5357950000000000e-02
  -1.5418995000000001e-02
  -1.6357400000000001e-02
  -1.0963445000000000e-02
   1.9683849999999996e-03
   3.0059835000000000e-03
  -2.1285999999999996e-03
  -5.3177050000000007e-03
  -6.7062375000000000e-03
   6.5231100000000004e-03
   7.0495599999999999e-03
   5.8136150000000003e-03
  -6.4315750000000001e-03
  -8.4838789999999997e-03
  -7.4081349999999997e-03
   1.1749249999999998e-03
   5.5771099999999997e-03
  -1.2168904999999999e-02
  -1.6365049999999999e-02
  -8.1024099999999991e-03
  -4.0054312000000003e-03
  -2.8762799999999997e-03
  -8.5906914999999990e-03
  -1.3488779999999999e-02
  -1.0917669999999999e-02
  -1.0200499999999999e-02
  -2.6550300000000001e-03
  -4.4784450000000002e-03
  -8.7814350000000006e-03
  -8.3847249999999991e-03
   1.0681000000000015e-04
   6.2408350000000001e-03
   3.6621150000000001e-03
   6.6451855000000002e-03
  -4.4479500000000000e-03
  -4.5012999999999997e-04
   7.0190000000000009e-04
  -5.9890619999999999e-03
  -8.9416500000000006e-03
  -1.1688230000000001e-02
  -4.2266849999999991e-03
   2.3193350000000001e-03
   1.0680999999999972e-04
  -6.6528304999999999e-03
  -1.0742169999999999e-02
  -4.3640124999999993e-03
   1.2969999999999995e-04
  -4.5242310000000001e-03
  -1.1993390000000000e-02
  -1.1459340000000000e-02
  -4.1732780000000008e-03
   5.9509300000000001e-03
   6.3247449999999997e-03
  -3.5324050000000002e-03
  -4.9362099999999999e-03
   2.6016250000000002e-03
   6.9656349999999995e-03
   6.1721900000000001e-03
  -4.5700085000000001e-03
  -1.2672400000000000e-02
  -1.2428265000000001e-02
  -5.0354000000000024e-04
  -6.1034999999999996e-04
  -6.2790049999999990e-03
  -1.0765085000000001e-02
  -7.6599175999999998e-03
  -4.2800900000000003e-03
  -1.6326899999999998e-03
  -4.4326699999999997e-03
  -8.5449050000000002e-03
  -9.9563849999999999e-03
  -5.4092385000000000e-03
   9.1552999999999990e-04
   1.2359649999999999e-03
   5.1651214999999997e-03
   1.8844600000000001e-03
   8.7814399999999997e-03
   1.0063155000000001e-02
   5.2032475000000000e-03
  -4.0969850000000009e-03
  -2.8229000000000004e-04
   2.1667480500000003e-03
  -2.5939999999999991e-04
   1.3122550000000002e-03
  -6.9656330000000006e-03
  -9.2086699999999987e-03
  -3.4256000000000000e-03
  -3.4866349999999996e-03
  -2.4948149999999996e-03
  -9.2773500000000002e-03
  -8.1558199999999994e-03
  -9.4604499999999974e-04
  -1.5260000000000013e-05
   5.4931499999999987e-04
  -7.6827850000000001e-03
  -5.5770899999999998e-03
   4.3334949999999997e-03
   1.6372700000000000e-02
   2.0660399999999999e-02
   1.2718220000000001e-02
   7.1563654999999993e-03
   5.4779049999999999e-03
   1.2542700000000000e-02
   1.0681164999999999e-02
   1.8310500000000025e-04
  -1.7395049999999999e-03
  -2.1286050000000004e-03
  -2.9220560000000001e-03
  -3.3111550000000001e-03
  -3.9825550000000005e-03
  -6.7977795000000001e-03
  -6.7901649999999999e-03
  -7.9345999999999996e-04
   2.4337800000000000e-03
  -5.2566679999999999e-03
  -1.0986315000000000e-02
  -1.2825015000000000e-02
  -1.0330180000000000e-02
  -1.2741100000000000e-02
  -1.3992330000000001e-02
  -7.5378300000000006e-03
  -9.1934099999999991e-03
  -2.3880000000000004e-03
   1.6479499999999998e-03
   2.6397694999999999e-03
  -2.2125000000000009e-04
  -3.6926250000000002e-03
   4.4479400000000001e-03
   3.1509400000000001e-03
   3.4332295000000001e-03
  -2.7313250000000002e-03
  -5.3787300000000000e-03
   5.4397549999999992e-03
   1.0215780000000001e-02
   4.5776356000000002e-03
  -7.3623899999999999e-03
  -1.3633720000000000e-02
  -1.1093165000000000e-02
  -3.3264174999999997e-03
  -2.0065300000000003e-03
  -6.9885414999999998e-03
  -8.4915319999999996e-03
   1.7776499999999995e-03
   1.1032125000000000e-02
   1.2374850000000000e-02
   9.3612399999999998e-03
   7.0724299999999993e-03
   8.1787149999999996e-03
   1.1283850000000002e-02
   1.3488799999999999e-02
   7.4691800000000006e-03
  -2.2964500000000002e-03
  -1.3809199999999999e-03
   5.6076049999999999e-03
   9.1018599999999998e-03
   6.5612609999999997e-03
   4.5089950000000000e-03
   1.7166149999999999e-03
   2.8686499999999999e-03
   2.1743800000000001e-03
  -4.3334975000000001e-03
  -9.4985900000000012e-03
  -1.4106740000000000e-02
  -9.8571649999999993e-03
  -9.0484699999999994e-03
  -1.0429370000000000e-02
  -7.6370440000000000e-03
   2.5939950000000000e-03
   1.6540550000000001e-02
   2.0492549999999998e-02
   1.3099665000000000e-02
   4.8828350000000003e-03
   4.3487500000000037e-04
   9.4299250000000005e-03
   1.0696420000000000e-02
   7.0495800000000006e-03
  -1.7776500000000004e-03
   3.3569500000000000e-04
   5.1727290000000000e-03
   6.1034999999999996e-03
  -1.5945400000000002e-03
  -1.1322034999999999e-02
  -1.4671350000000000e-02
  -1.2580859999999999e-02
  -9.9792299999999987e-03
  -6.1416854999999998e-03
  -1.4022830000000000e-02
  -1.4121989999999999e-02
  -5.3558199999999999e-03
   3.3187874999999999e-03
   8.1176849999999995e-03
   3.1509399999999996e-03
  -8.4228399999999991e-03
  -1.0345480000000001e-02
  -9.4451899999999991e-03
  -4.3640099999999998e-03
  -8.4381250000000012e-03
  -1.3664225000000000e-02
  -1.6754149999999999e-02
  -9.2849600000000001e-03
  -9.4604549999999996e-03
  -1.0253900000000000e-02
  -2.0538350000000000e-02
  -2.3155200000000001e-02
  -1.6395550000000002e-02
  -1.3343805000000000e-02
  -1.9668550000000000e-02
  -2.3796049999999999e-02
  -1.7913850000000002e-02
  -1.1703480000000000e-02
  -1.0490430000000000e-02
  -1.1085500000000000e-02
  -1.3504034999999999e-02
  -9.1705150000000006e-03
   4.0054345000000002e-03
   1.4724699999999998e-03
   8.6212500000000004e-04
  -9.0560850000000002e-03
  -1.5052820000000000e-02
  -1.1611915000000000e-02
  -7.6141550000000009e-03
  -5.8441164999999996e-03
  -1.0757420000000000e-02
  -1.8104550000000001e-02
  -1.3031010000000001e-02
  -4.9743894999999998e-03
  -7.8735549999999991e-03
  -1.7433150000000001e-02
  -1.9668550000000000e-02
  -1.3809200000000001e-02
  -6.0882549999999999e-03
  -4.7531144999999999e-03
  -1.1054995000000000e-02
  -1.9256599999999999e-02
  -1.9561800000000001e-02
  -3.5247790000000000e-03
   6.9122200000000002e-03
   2.3956300000000002e-03
   1.0375949999999997e-03
   3.6392220000000001e-03
   9.8419149999999997e-03
   1.4953649999999999e-02
   8.0108499999999999e-03
  -2.7008050000000001e-03
  -8.4228649999999999e-03
  -3.0670154999999999e-03
  -1.3046250000000000e-03
  -3.4637450000000007e-03
  -5.5847249999999996e-03
  -5.2261549999999997e-03
   6.2103300000000000e-03
   9.5214849999999997e-03
   4.8294099999999993e-03
   3.5095199999999995e-03
   1.4190650000000002e-03
   6.0348499999999996e-03
   8.2626399999999999e-03
   2.3422249999999999e-03
   2.9068000000000002e-03
   1.1329640000000000e-02
   2.4940499999999997e-02
   2.8289800000000000e-02
   2.1736150000000003e-02
   8.6974949999999995e-03
   4.0130649999999997e-03
   6.0500900000000002e-03
   1.2001025000000000e-02
   1.3267525000000000e-02
  -1.7623899999999995e-03
  -3.3569350000000001e-03
  -7.4310349999999999e-03
   2.2811899999999998e-03
   8.0795450000000005e-03
   3.4866300000000001e-03
  -2.2659299999999998e-03
  -1.3504050000000001e-03
   9.4451899999999991e-03
   1.7807049999999998e-02
   9.4451899999999991e-03
  -1.0070800000000000e-03
  -7.7209449999999999e-03
   3.9749134999999998e-03
   1.6441350000000000e-02
   1.8836950000000002e-02
   1.4518755000000001e-02
   1.3832105000000001e-02
   1.4968850000000001e-02
   1.9248950000000001e-02
   1.8646200000000002e-02
   7.8964099999999995e-03
   4.5394890000000007e-03
   1.2741100000000002e-03
   1.4495849999999998e-03
  -3.4332500000000023e-04
  -7.5607490000000003e-03
  -6.7367405000000003e-03
   1.4648449999999998e-03
   6.0729949999999994e-03
   8.4838750000000001e-03
   5.3405499999999986e-04
  -2.2735600000000000e-03
   5.3939800000000005e-03
   7.0953400000000003e-03
   5.7754499999999997e-03
   1.2206999999999995e-04
  -5.3405000000000293e-05
   8.5144200000000000e-03
   1.3046249999999999e-02
   1.6242949999999999e-02
  -2.1362500000000027e-04
  -3.4561149999999996e-03
  -2.8991499999999996e-04
   4.3029799999999997e-03
   5.4932000000000006e-04
  -1.0009785000000000e-02
  -1.3099649999999999e-02
  -1.6334499999999998e-02
  -2.3574829999999996e-03
   8.1024200000000008e-03
   1.0848999999999999e-02
   4.1885249999999994e-03
   1.7776500000000004e-03
   1.9981350000000002e-02
   2.3498550000000000e-02
   1.9271850000000000e-02
   1.7730694999999998e-02
   1.1032085000000001e-02
   1.1550885000000000e-02
   1.6975400000000002e-02
   1.7723050000000001e-02
   9.8037949999999988e-03
   1.7471350000000001e-03
   5.5236799999999996e-03
   9.2925999999999998e-03
   4.2266824999999996e-03
  -2.2277850000000004e-03
  -3.0975349999999998e-03
   6.2789950000000008e-03
   1.0482765000000000e-02
   8.2168350000000005e-03
   6.7901500000000026e-04
   3.9673000000000052e-04
   5.6228835000000001e-03
   6.0958785000000005e-03
   1.9836399999999996e-03
   7.6294000000000058e-04
  -9.0789900000000003e-03
  -2.7694694999999998e-03
  -6.8664500000000005e-04
  -5.9432950000000003e-03
  -1.5930190000000000e-02
  -1.6143805000000001e-02
  -7.8277549999999987e-03
  -1.7242449999999999e-03
  -1.0452300000000001e-03
  -4.7149649999999998e-03
  -6.3323749999999995e-03
  -9.1552649999999992e-03
  -2.7694675000000000e-03
  -4.8828000000000001e-04
  -1.3511680000000000e-02
  -1.9683849999999999e-02
  -1.8409700000000001e-02
  -8.0337550000000001e-03
   8.5449499999999982e-04
   4.7836300000000005e-03
   2.7923399999999999e-03
  -1.1367800000000000e-03
   6.2560994999999999e-03
   7.6599049999999998e-03
   2.6550099999999997e-03
  -4.6615750000000003e-03
  -1.0696414999999999e-02
  -5.5389559999999994e-03
   5.0201600000000001e-03
   1.1627175000000000e-02
   7.3623600000000001e-03
   5.4778850000000000e-03
   9.6054100000000000e-03
   1.2222304999999999e-02
   1.6288750000000001e-02
   7.8659000000000003e-03
   2.6626599999999999e-03
   1.6937300000000001e-03
   3.0212400000000006e-03
   5.2261324999999994e-03
  -3.6392000000000000e-03
  -6.1340149999999996e-03
   3.2806499999999978e-04
   5.1879869999999998e-03
   5.0735490000000001e-03
  -1.2817400000000000e-03
  -1.0223389999999999e-02
  -1.2817400000000000e-03
   5.5541949999999996e-03
   7.5072999999999997e-03
  -6.8206880000000001e-03
  -1.2367250000000000e-02
  -5.0048829999999999e-03
   4.8065199999999999e-03
   1.2802130000000002e-02
   7.7743499999999993e-03
  -8.0871500000000021e-04
  -2.3040800000000000e-03
   7.6980599999999996e-03
   9.5062150000000002e-03
   2.7542100000000000e-03
  -9.4222949999999989e-03
  -8.8501150000000004e-03
  -3.4484850000000003e-03
   3.3264170000000003e-03
   1.9454949999999998e-03
  -9.8190350000000003e-03
  -1.1726400000000000e-02
  -2.7313250000000002e-03
   3.1585700000000003e-03
  -1.8310500000000025e-04
  -6.9351400000000002e-03
  -1.2405385000000001e-02
  -1.1184670000000001e-02
  -8.4686500000000003e-04
   7.9498450000000005e-03
   1.7547600000000002e-03
   5.1269550000000007e-03
   1.3458230000000002e-02
   1.4328050000000000e-02
   1.3977050000000000e-02
   2.5787350000000004e-03
  -2.4185200000000000e-03
  -7.2479499999999997e-04
   1.6708349999999999e-03
   2.1667500000000003e-03
  -8.4686000000000006e-04
  -2.7236949999999995e-03
   3.8833649999999997e-03
   1.5152000000000001e-02
   1.8707249999999998e-02
   1.0803235000000000e-02
   6.4086999999999998e-03
   5.0964349999999999e-03
   8.4838799999999992e-03
   1.2123129999999999e-02
  -1.6326900000000000e-03
  -1.2687695000000001e-02
  -7.3623550000000001e-03
   7.9727399999999990e-03
   1.7013550000000002e-02
   1.0208129999999999e-02
   5.0354240000000001e-03
   1.7547600000000002e-03
   9.0026900000000007e-03
   1.3153049999999999e-02
   1.0475169999999999e-02
   1.6174299999999998e-03
  -1.4419549999999998e-03
   8.7966850000000003e-03
   1.2184159999999999e-02
   7.3470999999999996e-03
   1.8310550000000003e-03
  -1.1215200000000000e-03
   1.9531250000000000e-03
   1.4953599999999998e-03
  -3.7231462000000002e-03
  -8.0566600000000002e-03
  -9.9258200000000001e-03
  -6.5002200000000001e-03
  -7.9040600000000009e-03
  -5.9509499999999991e-04
  -5.0048740000000003e-03
  -5.7449118000000004e-03
  -3.1280549999999998e-03
   1.2283349999999999e-03
   1.4495850000000002e-03
  -9.7122400000000005e-03
  -1.7082250000000000e-02
  -1.3366685000000000e-02
  -7.1487399999999998e-03
  -3.7384050000000002e-03
  -1.3198835000000001e-02
  -1.3969400000000000e-02
  -9.6282850000000003e-03
  -4.1198755000000000e-03
   3.7078850000000002e-03
  -3.5476650000000002e-03
  -5.6838799999999997e-03
  -2.2888210000000003e-03
   5.4016099999999994e-03
   7.6522800000000000e-03
   2.3422249999999999e-03
  -1.2832650000000001e-02
  -8.3160400000000002e-03
   3.4561149999999996e-03
   9.3536399999999999e-03
   8.8577150000000004e-03
   3.0136150000000003e-03
  -3.2119749999999997e-03
   5.7525850000000002e-03
   8.8958649999999993e-03
   7.4081400000000006e-03
   1.3198849999999998e-03
  -9.2315749999999988e-03
  -3.4408576000000001e-03
  -1.4114400000000004e-03
  -8.8500999999999988e-04
  -8.5525499999999990e-03
  -1.1421185000000000e-02
  -1.2588500000000002e-03
   8.8958600000000002e-03
   1.3717640000000000e-02
   2.9296850000000004e-03
   5.9509499999999991e-04
   6.2713850000000000e-03
   1.6098049999999997e-03
   1.2359650000000001e-03
  -3.0593999999999999e-03
   2.4108850000000002e-03
   4.9209450000000004e-03
   9.4146850000000008e-03
   7.7819849999999999e-03
  -2.4261349999999994e-03
  -5.3482249999999999e-03
  -2.7008049999999997e-03
   3.0975339999999999e-03
  -4.7302499999999975e-04
  -6.0272019999999997e-03
  -6.6986260000000001e-03
  -5.6533649999999996e-03
   4.0969865000000001e-03
   6.7215050000000000e-03
   6.4086799999999999e-03
   1.4267000000000001e-03
  -1.7929050000000002e-03
   2.5100699999999997e-03
   3.0899050000000000e-03
  -2.7313250000000002e-03
  -1.3450634999999999e-02
  -1.6746535000000000e-02
  -1.7166150000000003e-03
   6.7825139999999999e-03
   9.5138599999999990e-03
   4.5929000000000005e-03
   4.2571800000000002e-03
   1.5129099999999999e-02
   2.5871300000000000e-02
   3.0731200000000000e-02
   1.0009770000000001e-02
  -8.3925000000000319e-05
   2.5177000000000003e-03
   5.2185229999999992e-03
   7.8125250000000007e-03
   1.5411400000000003e-03
   6.0882680000000000e-03
   6.9503700000000000e-03
   1.2222300000000000e-02
   9.4833450000000007e-03
   1.8844350000000003e-03
   3.5095500000000002e-04
  -3.3493049999999995e-03
  -4.4479359999999996e-03
  -1.7089850000000001e-03
   2.0675450000000001e-03
   1.6174500000000003e-03
   3.1890900000000003e-03
   1.4595050000000000e-02
   1.5808099999999999e-02
   8.8958735000000001e-03
   7.6522635000000000e-03
   1.0887134999999999e-02
   2.1286050000000001e-02
   2.0919800000000002e-02
   1.4022834999999999e-02
   1.2855544999999999e-02
   1.1138894999999999e-02
   1.2588505000000000e-02
   9.4146750000000008e-03
   3.2882900000000001e-03
  -7.4539300000000001e-03
  -1.1840810000000000e-02
  -4.6234099999999997e-03
   1.0986350000000001e-03
  -2.2811950000000002e-03
  -1.3290395000000000e-02
  -1.3000485000000001e-02
  -2.3117049999999998e-03
   2.6168850000000002e-03
  -6.3324000000000019e-04
  -6.4239300000000004e-03
  -4.1198800000000002e-03
   6.8206949999999999e-03
   9.5748800000000009e-03
   8.1024100000000009e-03
  -1.3656649999999994e-03
  -9.4222850000000007e-03
  -4.4479599999999999e-03
   2.4490369999999998e-03
   1.8081650000000000e-03
  -5.9509350000000001e-03
  -1.3320940000000000e-02
  -8.6975250000000011e-03
  -2.0370490000000000e-03
  -1.2893650000000000e-03
  -7.5683449999999998e-03
  -1.1955250000000001e-02
  -1.3214114999999999e-02
  -7.5607449999999998e-03
  -8.6288549999999995e-03
  -1.1093120000000001e-02
  -8.7890499999999996e-03
  -4.5775000000000069e-05
   8.0261200000000012e-03
   1.5670799999999999e-02
   8.1558200000000011e-03
   2.4337800000000000e-03
  -5.3863500000000007e-03
  -4.1962000000000000e-04
   2.0828250000000000e-03
  -5.2643000000000004e-04
  -1.4129635000000001e-02
  -1.7967199999999999e-02
  -8.2702650000000006e-03
  -6.3171399999999997e-03
  -7.3318450000000000e-03
  -1.2252795000000000e-02
  -1.3923640000000001e-02
  -6.5002200000000001e-03
  -7.0190499999999985e-04
   6.4850000000000020e-04
  -7.1258420000000003e-03
  -1.5457155000000000e-02
  -6.2408450000000001e-03
   4.8751849999999998e-03
   3.7307759999999999e-03
  -3.1967150000000001e-03
  -5.8822639999999999e-03
   1.5259999999999796e-05
   8.7356350000000003e-03
   1.0009769999999999e-02
   5.5389200000000001e-03
   1.6784650000000001e-03
   1.9836500000000026e-04
   2.0599350000000002e-03
   5.4702750000000001e-03
  -4.7683850000000000e-03
  -8.2092099999999998e-03
  -1.2283305000000000e-02
  -9.2315499999999994e-04
  -2.0294199999999997e-03
  -7.0419200000000001e-03
  -7.2402899999999999e-03
  -6.0348564999999996e-03
   3.8604749999999999e-03
  -1.1215200000000002e-03
  -1.1100779999999999e-02
  -7.2174090000000002e-03
  -1.9683850000000004e-03
   1.3496400000000000e-02
   1.4900250000000000e-02
   5.3787449999999999e-03
   7.1716500000000008e-04
  -3.6392200000000003e-03
   1.9454949999999998e-03
   1.2664800000000002e-03
  -2.5100700000000005e-03
  -1.3046284999999999e-02
  -1.6677870000000001e-02
  -5.4016064999999995e-03
   3.2348650000000000e-03
   1.3732900000000001e-03
  -1.0025005000000000e-02
  -1.0902385000000001e-02
  -7.0648149999999995e-03
   1.7013549999999999e-03
   1.0551430000000001e-02
   6.7672495000000001e-03
   8.3923500000000024e-04
  -1.7395000000000002e-03
   5.1879900000000000e-03
   1.0849019999999999e-02
   6.1645699999999994e-03
  -2.8762799999999993e-03
  -3.2501200000000000e-03
   5.0659199999999998e-03
   8.6669750000000004e-03
  -9.1552500000000037e-04
  -8.3312999999999998e-03
  -9.0331800000000000e-03
   2.4108850000000002e-03
   9.1550000000000138e-05
  -7.7743350000000003e-03
  -1.1749260000000001e-02
  -9.7732300000000008e-03
   3.6163300000000001e-03
   4.6310650000000002e-03
   1.4496000000000040e-04
  -4.4861049999999998e-03
   3.0520000000000026e-04
   9.7732399999999990e-03
   9.1933999999999991e-03
   2.1359999999999955e-04
  -1.5029700000000002e-03
  -1.5260000000000013e-04
   1.2733440000000000e-02
   2.0553550000000000e-02
   1.7257700000000001e-02
   6.1187600000000000e-03
   2.7771000000000002e-03
   3.9825449999999997e-03
   5.3329559999999998e-03
   1.3046249999999994e-03
  -3.6850099999999998e-03
  -4.7607600000000002e-03
  -3.8757349999999999e-03
   5.8593750000000000e-03
   7.8506419999999997e-03
  -1.8005249999999999e-03
  -5.8746550000000003e-03
   3.0517499999999998e-04
   1.0253910000000001e-02
   1.0978720000000001e-02
   1.3732499999999977e-04
  -8.9797815000000007e-03
  -1.1268620000000000e-02
  -2.7008050000000001e-03
   4.4403200000000002e-03
   4.3487650000000001e-03
   3.6468749999999999e-03
   1.3580349999999996e-03
   7.8277399999999997e-03
   8.0795399999999996e-03
  -2.5177000000000012e-04
  -6.9961509999999999e-03
  -1.2405380000000001e-02
  -4.1427618000000003e-03
   1.7547600000000000e-03
   1.7547599999999997e-03
   7.1716000000000011e-04
  -1.8234250000000003e-03
   6.5917949999999993e-03
   8.1710849999999998e-03
   4.3487499999999993e-04
  -4.3182350000000001e-03
  -4.9514650000000004e-03
   9.5825449999999996e-03
   1.1039729999999999e-02
   5.7220499999999989e-04
  -5.7754390000000003e-03
  -7.2479319999999995e-03
   6.4773450000000007e-03
   1.3984670000000001e-02
   1.1352520000000000e-02
   1.4038100000000001e-03
   6.1034999999999996e-04
   3.4027075000000002e-03
   8.1634499999999992e-03
   1.0360720000000000e-02
   1.2283300000000001e-03
  -5.3939599999999997e-03
   4.2877150000000001e-03
   9.9411199999999995e-03
   1.1779770000000000e-02
   3.7841849999999998e-03
   3.5705649999999999e-03
   6.9885269999999996e-03
   9.6282799999999995e-03
   1.0681140000000000e-02
  -3.5095400000000002e-03
  -7.6675450000000004e-03
  -8.1939849999999991e-03
  -3.2272349999999997e-03
   3.6010750000000005e-03
   4.2648349999999998e-03
   3.5553150000000003e-03
   7.7056650000000004e-03
   1.6159099999999999e-02
   1.4762849999999999e-02
   1.2611370000000000e-02
   7.2173999999999997e-03
   2.4032600000000004e-03
   9.4451750000000001e-03
   1.2069709999999999e-02
   5.0277949999999998e-03
  -4.9438550000000005e-03
  -6.5689080000000000e-03
   9.9184999999999898e-05
  -1.9912750000000002e-03
  -5.2642764999999998e-03
  -1.0940530000000000e-02
  -1.0169980000000000e-02
  -3.5781850000000002e-03
   1.7471300000000000e-03
   2.2506749999999997e-03
  -4.4250599999999998e-03
  -1.0688795000000001e-02
  -2.3879999999999999e-03
   4.8599180000000004e-03
   5.1574949999999998e-03
   1.7471250000000004e-03
   1.3809149999999999e-03
   1.4877300000000000e-03
   8.8500749999999989e-03
   4.5394909999999997e-03
  -7.5607199999999999e-03
  -1.6838100000000002e-02
  -2.0957949999999999e-02
  -1.4503500000000001e-02
  -1.3923625000000000e-02
  -1.5701280000000001e-02
  -9.6740750000000007e-03
  -8.2397649999999996e-03
  -5.5541975000000000e-03
  -2.1896399999999996e-03
  -7.1258789999999999e-03
  -1.0604858000000000e-02
  -1.4358514999999999e-02
  -1.1260994999999999e-02
  -1.8615700000000001e-03
  -1.0162335000000000e-02
  -7.8964439999999990e-03
   1.3656650000000003e-03
   1.1863705000000000e-02
   1.4434835000000000e-02
   1.0604835000000000e-02
   2.1438700000000000e-03
  -1.2969950000000004e-03
   7.0038035000000000e-03
   6.3094950000000000e-03
   7.9803579999999999e-03
   2.7008150000000001e-03
   2.7923599999999998e-03
   1.1688214999999998e-02
   1.7105099999999998e-02
   1.6014080000000000e-02
   6.2103349999999991e-03
   3.4790049999999994e-03
   1.1131284999999999e-02
   1.9073500000000000e-02
   1.8425000000000000e-02
   9.5138399999999991e-03
  -4.9743499999999998e-03
  -2.6550200000000001e-03
   5.7296724999999996e-03
   1.1100795000000000e-02
   8.5449344999999986e-03
   1.0116554999999999e-02
   1.2313835000000000e-02
   1.7417900000000000e-02
   2.3078950000000001e-02
   1.2252809999999999e-02
   2.3956300000000002e-03
  -2.9144300000000004e-03
   6.7977999999999997e-03
   8.3008000000000005e-03
  -9.0789499999999971e-04
  -3.9977850000000002e-03
  -7.6598995000000001e-03
  -1.2283300000000001e-03
   7.1334850000000002e-03
  -3.8528600000000005e-03
  -7.1029449999999994e-03
  -1.1138910000000000e-02
  -5.9356909999999999e-03
  -2.6397700000000001e-03
  -8.7051199999999985e-03
  -1.2893664999999999e-02
  -1.2893679999999999e-02
  -5.7144259999999999e-03
   4.0588375000000006e-03
   6.1340249999999995e-03
   6.9961350000000005e-03
   1.4114349999999999e-03
   6.1721800000000002e-03
   7.3089499999999998e-03
   1.2206999999999999e-03
  -2.7542300000000003e-03
  -1.0505680000000000e-02
  -6.5994250000000008e-03
  -9.9182000000000014e-05
  -2.4261494000000000e-03
  -1.1344910000000000e-02
  -1.5014665000000000e-02
  -1.0536185000000000e-02
  -7.0724600000000000e-03
  -3.7536599999999998e-03
  -1.2634285000000000e-02
  -1.7044049999999998e-02
  -7.4386800000000005e-03
   3.4790049999999999e-03
   1.2695335000000000e-02
   4.8294250000000000e-03
  -3.7231600000000001e-03
  -4.4479599999999999e-03
   4.8904500000000002e-03
   1.1383074999999999e-02
   8.6670000000000011e-03
   7.8735599999999999e-03
   7.8201400000000015e-03
   1.2374865000000001e-02
   1.5731800000000001e-02
   1.1726375000000001e-02
   1.5182500000000001e-03
  -8.4686500000000003e-04
   8.3770800000000003e-03
   8.4991449999999996e-03
   6.3934100000000004e-03
   1.8692000000000001e-03
   9.6893499999999976e-04
   2.4566650000000002e-03
  -1.1825599999999996e-03
  -3.3569000000000003e-04
  -2.7160700000000001e-03
  -6.3171599999999996e-03
  -8.3924999999999885e-05
   3.6392200000000003e-03
   4.6920859999999998e-03
  -1.3427750000000000e-03
  -1.1985785000000001e-02
  -7.1487549999999997e-03
  -1.3458249999999998e-02
  -1.2054459999999999e-02
  -1.7654400000000001e-02
  -2.0248400000000000e-02
  -1.2222310000000000e-02
  -4.2648299999999998e-03
  -6.8664499999999983e-04
  -1.2390149999999999e-02
  -2.1469100000000001e-02
  -1.3458265000000001e-02
  -8.3313199999999997e-03
  -9.0713600000000005e-03
  -1.8425000000000000e-02
  -2.3162849999999999e-02
  -1.9767750000000001e-02
  -7.7056750000000004e-03
   2.0370500000000003e-03
  -3.8909999999999986e-04
  -6.6299499999999999e-03
  -9.9029500000000006e-03
   1.2206999999999995e-04
   3.5858170000000003e-03
  -7.0266634999999996e-03
  -1.1222840000000000e-02
  -1.2069705000000000e-02
  -6.1569399999999996e-03
  -2.1743750000000001e-03
  -6.5994449999999998e-03
  -6.1721600000000003e-03
  -1.1810285000000000e-02
  -4.3335049999999996e-03
  -3.3264150000000001e-03
  -5.5923249999999996e-03
  -2.5558500000000001e-03
  -4.9438399999999997e-03
   1.6021500000000001e-04
  -7.7133350000000000e-03
  -1.2054450000000003e-03
  -9.3078499999999951e-04
  -5.1269449999999999e-03
   7.7209499999999999e-03
   1.3069175000000001e-02
   1.2817365000000001e-02
   1.0604885000000001e-02
   3.8757250000000000e-03
   3.9138775000000002e-03
   6.6375699999999998e-03
   4.2724630000000006e-03
  -9.6588254999999991e-03
  -1.2504570000000001e-02
  -5.7983549999999998e-03
   6.3400250000000000e-03
   9.1095100000000012e-03
  -4.8065000000000000e-03
  -1.1756885000000000e-02
  -1.0528545000000000e-02
  -2.3498549999999997e-03
  -5.3406000000000026e-04
  -8.4762450000000003e-03
  -1.5945435000000001e-02
  -1.2992835000000001e-02
   1.9836400000000001e-03
   1.0620100000000000e-02
   7.0877100000000005e-03
   1.1215200000000004e-03
   1.3046249999999998e-03
   8.8424899999999997e-03
   1.5159599999999999e-02
   1.5365605000000001e-02
   6.9427350000000002e-03
   1.6479500000000000e-03
   4.0359504999999997e-03
   2.3498544999999999e-03
  -7.0953500000000007e-04
  -7.9650750000000003e-03
  -7.3623635000000000e-03
  -3.0212400000000006e-03
  -9.4604499999999996e-04
   2.5253250000000001e-03
  -2.5482199999999999e-03
  -5.7220450000000003e-03
   5.9127705000000001e-03
   6.3629150000000002e-03
  -3.6392349999999998e-03
  -4.9285950000000000e-03
  -3.3340449999999999e-03
   5.5847199999999996e-03
   1.2527445000000000e-02
   1.6754150000000002e-02
   4.3106049999999995e-03
   6.4620800000000003e-03
   6.8741079999999994e-03
   1.0589605000000000e-02
   8.4075950000000003e-03
  -5.7373099999999998e-03
  -8.9340444999999984e-03
  -5.5007950000000002e-03
   7.0877300000000004e-03
   1.3168325000000000e-02
   8.6212145000000000e-03
   2.3727399999999995e-03
   4.4708049999999996e-03
   1.1314405000000000e-02
   1.2954694999999999e-02
   6.8282940000000004e-03
   3.0517650000000001e-03
  -5.9280599999999998e-03
  -5.6457499999999989e-04
   1.8035900000000001e-02
   1.6128515000000000e-02
   1.1169420000000001e-02
   1.0375960000000000e-02
   1.8814049999999999e-02
   2.1347049999999999e-02
   1.9432049999999999e-02
   1.5655499999999999e-02
   6.8054259999999998e-03
   1.0498030000000000e-02
   1.4312749999999999e-02
   1.0284405000000000e-02
   1.6403199999999998e-03
   3.8146999999999986e-04
   5.4931850000000003e-03
   3.7078950000000001e-03
   7.3165654999999994e-03
   1.5563850000000004e-03
   3.9672499999999968e-04
  -1.3504049999999998e-03
   3.2958967999999998e-03
   3.9443999999999998e-03
  -2.4719349999999998e-03
  -4.9972699999999998e-03
  -2.6702890000000002e-03
   7.2555700000000002e-03
   1.1558539999999999e-02
   7.7590749999999998e-03
   6.2560999999999997e-04
   1.9836450000000000e-03
   5.6152349999999997e-03
   4.5623785000000004e-03
  -8.5296850000000004e-03
  -9.5519850000000007e-03
  -7.9879500000000006e-03
   3.8145000000000279e-05
   2.6245100000000000e-03
  -2.5787350000000004e-03
  -8.7280500000000011e-03
  -1.6136150000000002e-02
  -9.5749100000000007e-03
  -5.9127800000000003e-03
  -8.8043299999999991e-03
  -1.6090399999999998e-02
  -1.9874549999999998e-02
  -1.2992855000000001e-02
  -5.7983399999999999e-03
  -3.6849949999999999e-03
  -3.7689189999999999e-03
  -6.9732500000000003e-03
  -3.1967154999999999e-03
   4.9514750000000003e-03
  -4.8828000000000001e-04
  -1.0322575000000001e-02
  -9.9182049999999994e-03
  -1.7547500000000002e-04
   2.6855465000000002e-03
  -1.1291499999999998e-03
  -8.7661735000000001e-03
  -5.3329399999999996e-03
   8.4915000000000008e-03
   1.8020600000000001e-02
   1.9470200000000000e-02
   7.0800550000000000e-03
  -3.9672500000000012e-04
   4.2190550000000002e-03
   1.0574315000000001e-02
   3.3340449999999999e-03
  -1.3763430000000000e-02
  -1.7395049999999999e-02
  -1.0803210000000001e-02
   2.3193379999999998e-03
   8.6364749999999994e-03
  -2.4948149999999996e-03
  -9.1171299999999993e-03
  -7.2021299999999993e-03
  -1.7242399999999997e-03
  -3.8528449999999997e-03
  -1.5724200000000001e-02
  -2.3086550000000001e-02
  -2.6527400000000000e-02
  -1.6990650000000000e-02
  -1.3404849999999999e-02
  -1.3168325000000000e-02
  -1.5182500000000002e-02
  -2.3605350000000001e-02
  -1.7967250000000001e-02
  -1.5899650000000001e-02
  -1.7173749999999998e-02
  -1.6769400000000000e-02
  -2.2247299999999998e-02
  -1.7967199999999999e-02
  -7.9955800000000004e-03
  -7.9650850000000002e-03
  -7.3394999999999997e-03
  -1.6288754999999999e-02
  -1.3984695000000002e-02
  -7.9345800000000001e-03
  -3.5934449999999998e-03
  -1.1360180000000001e-02
  -1.3938905000000001e-02
  -8.7814099999999999e-03
  -5.3405750000000002e-03
  -3.0365000000000001e-03
  -8.8729699999999991e-03
  -9.9334899999999997e-03
  -8.8271900000000004e-03
   1.5258999999999997e-04
   2.3651100000000006e-03
  -6.2637299999999995e-03
  -5.5847300000000004e-03
  -3.2272339999999998e-03
   6.8588350000000006e-03
   5.6305119999999998e-03
  -8.8272249999999993e-03
  -8.7737849999999992e-03
  -3.6697650000000002e-03
   8.4075750000000005e-03
   1.3908400000000001e-02
   6.0730140000000007e-03
  -1.4419550000000004e-03
  -5.2185249999999999e-03
   5.5160549999999997e-03
   3.4103409999999999e-03
  -6.2866049999999998e-03
  -8.2550000000000002e-03
  -1.1886580000000001e-02
  -7.4462850000000004e-03
  -3.2958974000000000e-03
  -8.5525549999999999e-03
  -1.4083880000000000e-02
  -1.2451165000000000e-02
  -3.6087034999999997e-03
   7.0190500000000006e-04
  -3.8985999999999999e-03
  -1.1573805000000000e-02
  -1.2573229999999999e-02
  -1.1161790000000000e-02
  -5.9585549999999999e-03
   2.6855500000000001e-03
   9.1549999999999705e-05
  -7.0190500000000006e-04
   3.1280499999999998e-03
   6.8588299999999998e-03
   1.3504050000000001e-03
  -2.6397700000000005e-03
  -5.4092270000000008e-03
  -8.0947850000000002e-03
  -4.2419429999999998e-03
   1.5258500000000022e-04
  -2.6168599999999999e-03
  -4.7073449999999999e-03
  -1.2283350000000001e-03
   5.0277700000000000e-03
   8.9340449999999998e-03
   1.2435899999999997e-03
  -3.8757399999999999e-03
   6.1035499999999971e-04
   6.9045999999999995e-03
   9.4909749999999987e-03
   5.1879500000000028e-04
  -4.7149399999999999e-03
  -2.6702900000000005e-03
   7.8430100000000010e-03
   1.6220100000000001e-02
   1.2901299999999999e-02
   1.1138900000000000e-02
   5.3253185000000005e-03
   1.2268069999999999e-02
   1.1367810000000001e-02
   7.2173849999999998e-03
   2.9220599999999998e-03
  -4.7378509999999995e-03
   2.9220599999999998e-03
   3.1127920000000001e-03
   5.3253149999999997e-03
  -4.5013500000000038e-04
  -7.1182319999999995e-03
   4.2877180500000001e-03
   7.7057050000000002e-03
   6.1798330000000000e-03
  -3.6010850000000000e-03
  -5.2414150000000001e-03
  -2.4871810000000002e-03
  -3.6087055000000000e-03
  -2.7999850000000005e-03
  -5.3329300000000005e-03
  -3.8986150000000002e-03
   4.5852649999999998e-03
   8.0489899999999989e-03
   1.4396670000000000e-02
   1.1268620000000000e-02
   7.1639999999999994e-03
   2.9907250000000001e-03
   9.7580100000000010e-03
   5.2337560000000000e-03
   1.7700200000000002e-03
  -6.1035000000000082e-05
  -5.4169000000000005e-04
   1.1077905000000001e-02
   1.0276780000000001e-02
   7.6828050000000000e-03
   8.3313050000000007e-03
   1.2176514999999999e-02
   1.9683800000000001e-02
   2.1041850000000001e-02
   1.1749285000000000e-02
   5.8212199999999993e-03
   3.8528500000000005e-03
   1.9310000000000001e-02
   2.6435849999999997e-02
   2.5657649999999997e-02
   1.8692050000000002e-02
   1.6494740000000001e-02
   2.0233149999999998e-02
   2.5161750000000000e-02
   2.1133400000000000e-02
   1.5502920000000000e-02
   1.1016854999999999e-02
   1.4869700000000000e-02
   1.7623900000000001e-02
   1.7204250000000001e-02
   6.8435800000000001e-03
   2.8686549999999995e-03
   5.3634825000000007e-03
   7.0190600000000006e-03
  -9.5367499999999975e-04
  -9.7351149999999990e-03
  -1.4121999999999999e-02
  -1.1535660000000000e-02
  -7.6751700000000003e-03
  -3.6544815000000004e-03
  -1.0757434999999999e-02
  -5.1117000000000003e-04
   6.8053999999999996e-03
   1.0711689999999999e-02
   9.5367500000000001e-03
   4.3029785000000004e-03
   2.5100750000000005e-03
   4.5089600000000002e-03
   5.9890554999999998e-03
  -3.5858000000000027e-04
  -8.1176965000000004e-03
  -4.2495600000000003e-03
  -5.2719185000000002e-03
   2.5787344999999998e-03
   2.2964450000000003e-03
  -2.5024400000000003e-03
  -4.1961669999999998e-03
  -1.0482780000000001e-02
  -3.1814594999999999e-03
   1.0376000000000001e-03
  -5.1803709999999996e-03
  -1.0856649999999999e-02
  -1.8943800000000000e-02
  -6.8130500000000002e-03
   3.4103409999999999e-03
   7.5301990000000004e-03
  -2.6092500000000005e-03
  -7.2097849999999998e-03
  -4.2419399999999996e-03
   2.1362499999999984e-04
   7.5607399999999998e-03
   2.7847200000000001e-03
  -4.6157899999999998e-03
   4.3792650000000002e-03
   1.1367800000000000e-03
  -1.8615750000000003e-03
  -8.0947959999999996e-03
  -7.8658849999999995e-03
  -8.3923500000000024e-04
   1.3427700000000001e-03
   1.3122550000000000e-03
  -5.5999699999999993e-03
   1.2207000000000016e-04
  -1.0910049999999999e-03
  -3.8070679999999998e-03
   9.9944999999999982e-04
  -7.5225750000000001e-03
  -5.0430200000000005e-03
  -6.1187745000000002e-03
  -4.3563859999999994e-03
  -4.0130499999999998e-03
  -1.0719320000000001e-02
  -2.2308350000000001e-02
  -2.9144299999999998e-02
  -3.3325199999999999e-02
  -4.5570349999999996e-02
  -5.6076050000000002e-02
  -6.6268950000000007e-02
  -7.2471599999999997e-02
  -6.9412200000000007e-02
  -7.0640549999999996e-02
  -7.5675999999999993e-02
  -8.6082450000000005e-02
  -8.8188199999999994e-02
  -7.9902649999999992e-02
  -7.0777900000000005e-02
  -6.8672200000000003e-02
  -8.0993650000000000e-02
  -7.8353900000000004e-02
  -6.7932099999999995e-02
  -6.0768150000000007e-02
  -5.4733249999999997e-02
  -5.0155649999999996e-02
  -5.2032449999999994e-02
  -3.6834699999999998e-02
  -3.0143700000000002e-02
  -2.3361199999999999e-02
  -2.5367750000000001e-02
  -2.3002599999999998e-02
  -1.1955239999999999e-02
  -4.0740980000000000e-03
  -7.5149349999999995e-03
  -1.7082205000000000e-02
  -7.2174199999999996e-03
   5.6457500000000010e-04
   1.1337300000000000e-02
   1.2374870000000000e-02
   1.1833185000000000e-02
   7.4463050000000003e-03
   1.0261530000000000e-02
   1.7044100000000000e-02
   2.0149250000000000e-02
   1.8028249999999999e-02
   2.1003700000000000e-02
   2.5184650000000003e-02
   2.7160650000000001e-02
   3.2791149999999998e-02
   3.3569349999999998e-02
   3.4591650000000002e-02
   3.4019500000000001e-02
   4.0550249999999996e-02
   4.2633049999999999e-02
   4.0405300000000005e-02
   3.9924599999999998e-02
   3.7544250000000001e-02
   4.8652649999999999e-02
   4.8797599999999997e-02
   4.6943650000000003e-02
   3.8200349999999994e-02
   3.5614000000000000e-02
   4.1732800000000000e-02
   4.1030900000000002e-02
   4.1946399999999995e-02
   3.4812900000000001e-02
   2.8144849999999999e-02
   3.3691400000000003e-02
   3.6308300000000002e-02
   3.6605850000000002e-02
   2.5131250000000001e-02
   2.0690899999999998e-02
   1.8859850000000001e-02
   2.6603700000000001e-02
   2.6451099999999998e-02
   1.8089250000000001e-02
   1.5861495000000000e-02
   1.6265849999999998e-02
   1.9012450000000000e-02
   2.2834750000000001e-02
   1.6868615000000000e-02
   1.4495849999999999e-02
   1.7288200000000000e-02
   2.6580800000000002e-02
   2.0683300000000002e-02
   7.9421790000000006e-03
   1.1039735000000000e-02
   1.6777050000000002e-02
   2.4467500000000000e-02
   3.0426050000000000e-02
   2.0065300000000001e-02
   1.6410814999999999e-02
   1.4884945000000000e-02
   2.6168799999999999e-02
   2.7946449999999998e-02
   2.3399349999999999e-02
   1.3221714999999998e-02
   1.1520364999999999e-02
   2.1835350000000000e-02
   2.2567750000000001e-02
   1.8005350000000000e-02
   1.0246274999999999e-02
   1.1573795000000001e-02
   1.8768300000000002e-02
   1.8737799999999999e-02
   2.0286550000000000e-02
   1.7524749999999999e-02
   1.9119299999999999e-02
   2.2048950000000001e-02
   2.1316499999999999e-02
   2.0271299999999999e-02
   1.1459370000000000e-02
   1.0536189999999999e-02
   1.3473525000000000e-02
   1.6235350000000003e-02
   1.4328009999999999e-02
   5.0049035000000004e-03
   7.9955950000000012e-03
   1.5060400000000002e-02
   1.6365049999999999e-02
   9.3536499999999998e-03
   3.7536850000000001e-03
   4.2114249999999995e-03
   7.4005499999999988e-04
   8.6670099999999993e-03
   1.3099665000000000e-02
   5.2871710000000002e-03
   4.8828100000000004e-03
   5.2871699999999999e-03
   1.4656050000000000e-02
   1.2931814999999999e-02
   3.2577299999999999e-03
  -6.0424909999999997e-03
  -1.7013550000000001e-03
   1.0597210000000001e-02
   7.2479399999999996e-03
   5.2947854999999995e-03
   9.5291249999999994e-03
   4.7836390000000001e-03
   9.4756849999999993e-03
   7.3623500000000001e-03
   3.6926300000000006e-03
  -3.6926250000000002e-03
  -6.8511950000000009e-03
  -4.0588395000000005e-03
   2.2125249999999999e-03
   3.4561150000000001e-03
  -1.2741049999999998e-03
  -1.4877299999999998e-03
   2.0904535000000001e-03
   6.7138750000000002e-04
   2.6168800000000002e-03
  -4.6081300000000002e-03
  -8.8501150000000004e-03
  -9.5672650000000001e-03
  -1.4801010000000002e-03
  -9.9945000000000025e-04
  -9.5062300000000009e-03
  -4.1351300000000007e-03
  -9.9258649999999990e-03
   9.6130499999999976e-04
   1.1596650000000000e-03
  -2.3193350000000001e-03
   3.6544899999999998e-03
   5.8136064999999995e-03
   1.3694780000000000e-02
   1.3717670000000000e-02
   2.3040750000000000e-03
  -6.3629165000000003e-03
  -1.0047904999999999e-02
  -7.2784400000000006e-03
  -3.7155150000000000e-03
  -7.9879749999999996e-03
  -9.7046100000000007e-03
  -2.8305040000000002e-03
   5.8746300000000005e-03
   3.6315910000000000e-03
  -2.3345950000000001e-03
  -1.1291525000000000e-02
  -9.1323649999999999e-03
  -6.6451849999999996e-03
  -1.5716550000000004e-03
   1.0223400000000001e-03
   1.8310499999999981e-04
   4.9590850000000002e-03
   1.1566150000000001e-02
  -6.1034999999999996e-04
  -6.3400200000000000e-03
  -1.3168335000000000e-02
  -1.3847365000000000e-02
  -1.0482789999999999e-02
  -1.0017380000000001e-02
  -2.5558499999999997e-03
  -7.1792844999999999e-03
  -2.0225550000000002e-02
  -1.8974299999999999e-02
  -1.2687674999999999e-02
  -8.8348149999999993e-03
  -1.6929640000000003e-02
  -1.4617895000000001e-02
  -1.1268600000000000e-02
  -2.9068000000000002e-03
   6.8893499999999998e-03
  -1.5182349999999997e-03
  -1.0711675000000000e-02
  -8.5983299999999995e-03
   8.3389150000000006e-03
   5.3329350000000005e-03
  -5.8899149999999999e-03
  -7.0037750000000003e-03
  -1.2809744999999999e-02
  -5.0811590000000000e-03
   4.8828500000000019e-04
  -5.6457499999999989e-04
  -5.9967300000000005e-03
  -3.2501400000000003e-03
   7.2631759999999997e-03
   8.4380900000000005e-03
   4.4250650000000006e-03
   2.1057150000000002e-03
   5.4168850000000006e-03
   1.4579775000000000e-02
   1.8074050000000001e-02
   6.6146785000000003e-03
  -2.2735599999999996e-03
  -4.6539300000000006e-03
   1.4495850000000002e-03
   3.0212500000000001e-03
   4.0054300000000008e-03
   8.0108500000000043e-04
  -5.7678150000000008e-03
   1.1444050000000002e-03
   1.5792850000000002e-03
  -2.6016149999999998e-03
  -9.4451819999999999e-03
  -8.6517300000000016e-03
   5.0354000000000024e-04
   6.2713654999999998e-03
   5.1345650000000007e-03
  -3.7155199999999999e-03
  -7.0953000000000075e-04
   4.6386850000000000e-03
   7.1945085000000002e-03
   6.4926000000000003e-03
   2.2888100000000001e-03
   2.4719100000000003e-03
   7.4996999999999998e-03
   1.3336175000000000e-02
   1.5716540000000001e-02
   9.1323749999999999e-03
   9.7885050000000012e-03
   7.8201414999999989e-03
   1.2771615000000000e-02
   1.4678965000000000e-02
   8.8043439999999987e-03
   8.8882560000000006e-03
   5.0201350000000002e-03
   1.7974850000000001e-02
   1.6220100000000001e-02
   9.2391750000000005e-03
   3.2196049999999995e-03
   8.0566400000000003e-03
   1.0658255000000000e-02
   1.0543815000000000e-02
   8.6822350000000000e-03
   7.0114087999999996e-03
   6.5994184999999999e-03
   6.3018570000000001e-03
   6.9732800000000001e-03
   6.9427500000000001e-03
   9.9182000000000003e-04
  -3.4332500000000023e-04
   4.1198739999999999e-03
   7.0037800000000002e-03
   3.6621000000000006e-04
  -8.1100695000000007e-03
  -3.5324000000000006e-03
   2.1362300000000002e-03
   1.2969959999999999e-02
   1.1077890000000000e-02
   2.5482049999999996e-03
   1.6250600000000000e-03
   4.7149645000000000e-03
   8.7051450000000009e-03
   4.2266850000000000e-03
  -2.7694699999999996e-03
  -5.9509500000000013e-04
  -1.6021999999999998e-04
   7.7667150000000004e-03
   6.1721750000000002e-03
   2.3345950000000001e-03
   2.7618399999999998e-03
   5.1117000000000003e-04
   5.3405800000000002e-03
   6.4620950000000002e-03
   3.1280549999999994e-03
  -9.9182000000000003e-04
   6.0043094999999999e-03
   1.9683849999999999e-02
   1.2031555000000001e-02
   8.1024229999999992e-03
   1.1535650000000000e-02
   1.0337809999999999e-02
   1.4610249999999998e-02
   2.6733400000000001e-02
   1.0551435000000000e-02
   7.6675319999999995e-03
   8.3923000000000005e-04
   1.7929100000000000e-03
   1.4953600000000003e-03
   6.7138700000000003e-03
  -3.4866449999999996e-03
  -2.5177000000000003e-03
   3.1127949999999998e-03
   1.5075675000000000e-02
   2.1285999999999999e-02
   3.4790050000000003e-03
  -6.4468449999999997e-03
   3.6621500000000003e-04
   4.1885354999999999e-03
  -6.6375849999999997e-03
  -1.7219550000000000e-02
  -1.9134499999999999e-02
  -1.9782999999999999e-02
  -1.3458299999999999e-02
  -1.5060450000000000e-02
  -1.4457725000000001e-02
  -1.1283895000000000e-02
  -6.4391900000000000e-03
   2.8152500000000000e-03
  -6.6452050000000004e-03
  -9.5138549999999999e-03
  -1.7478950000000000e-02
  -1.1779795000000001e-02
   9.6129999999999978e-04
   5.3329405000000002e-03
  -6.1034999999999996e-04
  -1.4266955000000000e-02
  -1.3015769999999999e-02
  -2.4032599999999999e-03
  -5.4702799999999992e-03
  -1.1428855000000000e-02
  -1.3473510000000001e-02
  -1.1077884999999999e-02
  -5.8288599999999999e-03
  -1.4495870000000000e-03
  -5.4931735000000002e-03
  -6.4163440000000000e-03
  -1.0025005000000000e-02
  -7.3166050000000003e-03
  -6.8054199999999995e-03
  -1.2069685000000000e-02
  -1.3198840000000000e-02
  -9.0789700000000004e-03
   1.1749255000000000e-03
   1.9607539999999999e-03
   1.0528599999999999e-03
  -6.5612799999999992e-03
  -1.3046250000000001e-02
  -4.6615600000000004e-03
  -1.0223410000000000e-03
  -1.2054449999999999e-03
  -1.0452295000000000e-02
  -1.5640250000000001e-02
  -1.1634809999999999e-02
  -6.5155049999999996e-03
  -4.2877200000000001e-03
  -1.3496415000000001e-02
  -1.7639149999999999e-02
  -2.1461500000000001e-02
  -1.1268605000000001e-02
  -7.7972450000000004e-03
  -1.2054450000000001e-02
  -9.6816850000000006e-03
  -8.8196049999999995e-03
  -2.5787359999999999e-03
   4.9591050000000001e-03
  -4.5318625000000000e-03
  -4.9362039999999996e-03
  -3.0212399999999997e-03
   2.3879999999999999e-03
   7.5149750000000001e-03
   7.7743560000000005e-03
   2.2430400000000000e-03
   3.2043499999999999e-04
   5.0964349999999999e-03
   3.6392200000000003e-03
  -6.4086899999999999e-03
  -1.1886590000000001e-02
  -1.8119799999999998e-02
  -7.1106049999999999e-03
   3.6621000000000006e-04
   3.2653850000000004e-03
   7.2479499999999987e-04
   2.2048950000000001e-03
   1.6174350000000002e-03
   3.6010749999999996e-03
   3.5400399999999999e-03
  -8.3618349999999998e-03
  -1.4526379999999998e-02
  -8.9416649999999997e-03
  -1.4572134999999999e-03
  -2.4566699999999998e-03
  -6.8054400000000003e-03
  -1.0391240000000001e-02
  -3.1204240000000001e-03
   7.4767999999999992e-04
  -5.3253381999999998e-03
  -1.1482230000000000e-02
  -6.9122250000000001e-03
   2.5177000000000012e-04
   1.0658255000000000e-02
   1.3496415000000001e-02
   3.3569150000000002e-03
   3.2043449999999999e-03
   3.2882699999999998e-03
   5.7754550000000005e-03
   6.6604650000000000e-03
   1.5487699999999997e-03
  -1.8157999999999998e-03
  -4.8522949999999995e-03
   1.8386850000000001e-03
  -6.3324000000000019e-04
  -1.7242450000000001e-03
  -6.8054090000000001e-03
  -1.1459370000000000e-02
  -7.1182299999999997e-03
   1.4648440000000001e-03
   2.2583000000000000e-03
   4.0512104999999993e-03
  -1.8310549999999998e-03
   3.6849949999999999e-03
   5.9127849999999994e-03
   5.8975199999999998e-03
   2.5939950000000004e-03
  -1.3961749999999999e-03
   1.0452300000000001e-03
  -5.6457500000000010e-04
  -2.8152500000000000e-03
  -6.0577180000000001e-03
  -4.9590850000000002e-03
   2.9525749999999998e-03
   1.2298574999999999e-02
   1.6677850000000001e-02
   7.6446350000000003e-03
  -4.2724499999999993e-04
  -2.6779149999999995e-03
   8.0795350000000005e-03
   1.4656050000000000e-02
   7.3394949999999997e-03
   5.1879759999999995e-03
   7.5607349999999999e-03
   1.1436479999999999e-02
   1.2550370000000002e-02
   5.4779049999999999e-03
  -7.6290000000000125e-05
  -7.0953350000000004e-03
  -4.3487450000000009e-04
   2.9373170000000001e-03
  -3.0059814999999998e-03
  -6.6986300000000006e-03
  -1.0536219999999999e-02
  -8.1634999999999997e-04
  -1.2283350000000001e-03
  -7.2555450000000004e-03
