   1.6448950000000000e-02
   1.7700199999999999e-02
   2.8533950000000003e-03
  -8.2092150000000006e-03
  -1.4648450000000002e-03
   1.4083864999999999e-02
   1.5800490000000000e-02
  -4.0969950000000000e-03
  -9.1934000000000009e-03
  -2.0141600000000001e-03
   6.6299206000000003e-03
   1.1314410000000000e-02
  -1.8692049999999997e-03
  -1.5884400000000000e-02
  -7.8353950000000002e-03
   3.0059800000000001e-03
   1.2947105000000000e-02
   2.8305100000000001e-03
  -1.0856625000000000e-02
  -8.9797749999999989e-03
   1.3740550000000001e-02
   1.6914369999999998e-02
   3.2958950000000001e-03
  -1.0154740000000001e-02
  -9.5672800000000009e-03
  -1.2969999999999995e-04
   1.7166149999999995e-03
  -5.1269350000000000e-03
  -2.1072399999999998e-02
  -2.7015700000000000e-02
  -1.1566179999999999e-02
  -2.4185150000000000e-03
  -4.1351150000000000e-03
  -1.8127400000000002e-02
  -1.9157399999999998e-02
  -2.4185200000000000e-03
   9.9563600000000009e-03
   1.2588480000000001e-02
  -1.5716549999999999e-03
  -7.8582900000000004e-03
   8.7433099999999989e-03
   1.7585749999999997e-02
   1.5945455000000001e-02
   3.4484855000000000e-03
  -3.8146989999999998e-04
   2.9678350000000003e-03
   1.2908949999999999e-02
   1.0665891000000000e-02
  -3.1814800000000000e-03
  -8.5601899999999988e-03
   2.2125265000000000e-03
   1.3092035000000000e-02
   1.8882750000000000e-02
   3.6010750000000000e-03
  -9.2544450000000000e-03
   9.1554999999999892e-05
   1.8646250000000000e-02
   2.5756850000000001e-02
   5.8059850000000005e-03
  -1.5029900000000001e-03
   6.3247649999999996e-03
   1.9371050000000001e-02
   2.6733399999999997e-02
   8.0642749999999992e-03
  -8.2931649999999999e-03
  -6.4544650000000004e-03
   5.2032449999999996e-03
   7.9498199999999998e-03
   3.2806500000000021e-04
  -1.2886050000000000e-02
  -1.3366699999999999e-02
   3.1814576000000002e-03
   1.3893144999999999e-02
   1.0345460000000001e-02
   2.2888190000000001e-03
  -2.5482165000000000e-03
   8.5678000000000004e-03
   1.4617910000000001e-02
   9.2010749999999995e-03
  -5.0354010000000001e-03
  -1.1421199999999999e-02
  -7.9345500000000009e-04
   7.2326499999999993e-03
   9.1018749999999989e-03
  -4.6005250000000003e-03
  -1.3336150000000000e-02
  -2.8152480000000002e-03
   5.2261354999999995e-03
   1.0025040000000001e-02
  -7.6293999999999993e-04
  -6.4392099999999999e-03
   3.5095250000000003e-03
   1.3473495000000000e-02
   1.8875150000000000e-02
   5.3710950000000002e-03
  -9.5366999999999978e-04
   6.0272499999999992e-04
   1.5083349999999999e-02
   2.3376450000000000e-02
   5.9280399999999999e-03
  -9.9487199999999994e-03
  -6.9503750000000000e-03
   6.7901500000000000e-03
   1.1909500000000000e-02
   6.5383899999999998e-03
  -5.9967050000000006e-03
  -1.3710005000000001e-02
   4.5013424999999999e-03
   1.1985775000000001e-02
   2.0217899999999999e-03
  -8.5830699999999999e-03
  -1.0025045000000000e-02
   8.6975050000000012e-03
   2.1850550000000000e-02
   1.1474590000000000e-02
  -1.7471349999999995e-03
  -3.4179680000000000e-03
   4.9819935000000003e-03
   1.1825579999999999e-02
   7.4386499999999998e-03
  -9.5367649999999993e-04
  -6.4468349999999997e-03
   5.1574724999999995e-03
   1.8150300000000001e-02
   1.7044070000000001e-02
   4.7836275000000001e-03
  -4.5623805000000002e-03
   9.1705499999999995e-03
   2.2636450000000002e-02
   2.1797199999999999e-02
   5.9051625000000000e-03
  -3.0517590000000002e-03
   6.5460199999999996e-03
   1.9317600000000001e-02
   2.2460899999999999e-02
   6.1721700000000003e-03
  -3.1738285000000002e-03
   2.2888000000000010e-04
   1.1062600000000001e-02
   1.3862625000000000e-02
  -2.1667450000000003e-03
  -7.0419350000000009e-03
  -2.8991499999999996e-04
   1.3259890000000000e-02
   1.9180300000000001e-02
   1.0803240000000000e-02
  -3.9901750000000003e-03
  -4.6081550000000001e-03
   8.7051549999999991e-03
   1.6639700000000000e-02
   8.8348350000000010e-03
   2.5176999999999990e-04
  -8.4152099999999994e-03
   1.3733000000000018e-04
   6.8435535000000002e-03
   1.2512200000000004e-03
  -8.0947950000000001e-03
  -1.0498065000000001e-02
   7.0495449999999999e-03
   1.8043500000000001e-02
   1.8798849999999999e-02
   9.1095199999999994e-03
   5.3634649999999996e-03
   1.8905650000000000e-02
   2.0790099999999999e-02
   1.0719300000000001e-02
  -4.4860840000000004e-03
  -1.4167799999999999e-02
  -1.5792850000000002e-03
   9.4985749999999987e-03
   1.0864240000000001e-02
   2.2888499999999985e-04
  -8.0108750000000006e-03
   1.2207049999999999e-03
   1.5815750000000000e-02
   1.3023370000000001e-02
  -2.8152450000000001e-03
  -1.4106749999999999e-02
  -6.7901599999999999e-03
   5.7754664999999997e-03
   1.3809205000000001e-02
   2.7771000000000002e-03
  -9.2925999999999998e-03
  -4.8980700000000000e-03
   9.2773500000000002e-03
   1.9927950000000000e-02
   4.8827949999999997e-03
  -2.9678368000000000e-03
   3.0519999999999918e-05
   5.6915149999999994e-03
   1.4343260000000000e-02
   2.0980800000000000e-03
  -9.1552800000000000e-03
  -7.3699950000000007e-03
   6.3552900000000004e-03
   1.7227150000000000e-02
   1.0589584999999999e-02
  -8.7738000000000009e-04
  -3.6849999999999999e-03
   6.1569199999999998e-03
   1.4678950000000000e-02
   2.7694900000000003e-03
  -5.8975049999999999e-03
  -1.2649549999999999e-02
   3.5095449999999995e-04
   6.6375500000000025e-04
  -2.0828050000000001e-03
  -1.2695314999999999e-02
  -1.7532350000000002e-02
  -3.1204200000000001e-03
   4.6386693999999999e-03
  -3.3798400000000003e-03
  -1.5357975000000001e-02
  -2.3857099999999999e-02
  -1.1604295000000001e-02
   4.9438249999999998e-03
  -1.7089849999999997e-03
  -1.4892555000000002e-02
  -2.1324150000000000e-02
  -1.2657150000000001e-02
  -3.0899049999999996e-03
  -1.8463249999999998e-03
  -1.0673535000000000e-02
  -2.2781349999999999e-02
  -1.8211350000000001e-02
  -5.3329564999999995e-03
   3.6468749999999999e-03
  -9.7046049999999998e-03
  -1.5258799999999999e-02
  -1.1466964999999999e-02
   9.9182000000000003e-04
   7.3241949999999995e-03
  -3.8833549999999998e-03
  -1.6571050000000000e-02
  -1.6990650000000000e-02
  -3.5629250000000002e-03
   2.6703000000000000e-03
  -6.0577475000000002e-03
  -1.4778150000000000e-02
  -1.2886050000000000e-02
  -3.9825449999999997e-03
  -5.0048850000000006e-03
  -1.2283305000000001e-02
  -2.3872400000000002e-02
  -3.0647299999999999e-02
  -1.6281100000000000e-02
  -6.2789854999999997e-03
  -1.3893120000000000e-02
  -2.6062000000000002e-02
  -3.2073950000000004e-02
  -1.6220100000000001e-02
  -3.4484850000000003e-03
  -1.5182500000000001e-03
  -1.0307315000000001e-02
  -1.8516550000000000e-02
  -6.2713449999999994e-03
   2.9831000000000002e-03
   8.3847144999999994e-03
  -3.9291400000000002e-03
  -1.3359075000000002e-02
  -1.0742175000000000e-02
   7.9345499999999998e-04
   3.9138549999999999e-03
  -8.7661750000000010e-03
  -1.3336199999999999e-02
  -2.5787350000000000e-03
   1.3938885000000000e-02
   1.9622805000000000e-02
  -7.1716500000000008e-04
  -1.0040300000000000e-02
  -8.4381100000000004e-03
   4.4326650000000006e-03
   1.2603775000000001e-02
  -6.7291199999999999e-03
  -1.9470200000000000e-02
  -1.8096899999999999e-02
  -3.2501250000000000e-03
   5.5313049999999994e-03
  -1.3961749999999999e-03
  -1.4053349999999999e-02
  -1.7272950000000002e-02
  -7.6522850000000000e-03
  -2.7008100000000005e-03
  -7.4310354999999996e-03
  -2.0996050000000002e-02
  -2.3193350000000001e-02
  -8.8348149999999993e-03
   5.9585350000000000e-03
   4.2495500000000004e-03
  -1.1924724999999999e-02
  -1.5892000000000000e-02
  -9.8190199999999995e-03
   3.1967150000000001e-03
   6.8511793999999999e-03
  -2.7313210000000001e-03
  -3.8299549999999999e-03
   1.5182510000000000e-03
   1.1322030000000000e-02
   1.3984689999999999e-02
  -1.6021999999999998e-04
  -1.1421185000000000e-02
  -8.0947999999999992e-03
   1.0940555000000001e-02
   1.4175425000000000e-02
  -1.3580299999999997e-03
  -7.9193099999999989e-03
  -2.7236940000000000e-03
   1.2374885000000000e-02
   1.5480050000000000e-02
   5.3405965000000001e-03
  -7.2326400000000002e-03
  -3.6087050000000002e-03
   7.8582700000000005e-03
   1.2580855000000000e-02
  -7.0190500000000006e-04
  -9.6740500000000000e-03
  -8.5754400000000001e-03
   5.1193250000000001e-03
   1.9981400000000000e-02
   9.1247400000000010e-03
  -5.5694600000000000e-03
  -1.2565600000000000e-02
   2.6168799999999998e-03
   1.1337260000000000e-02
   4.9438249999999998e-03
  -5.8898900000000001e-03
  -1.1512745000000000e-02
   3.8146999999999999e-03
   1.3824485000000001e-02
   1.3877845000000000e-02
   4.5242200000000007e-03
   1.6784999999999999e-04
   1.3618479999999999e-02
   2.3483299999999999e-02
   2.3979199999999999e-02
   1.5090949999999999e-02
   1.5869150000000002e-03
   8.7738000000000000e-03
   1.9729600000000000e-02
   2.5985700000000000e-02
   1.3671869999999999e-02
   3.8452100000000004e-03
   1.0871910000000000e-02
   2.3536649999999999e-02
   2.7900700000000001e-02
   1.1123660000000000e-02
   2.4948129999999998e-03
   5.1422100000000004e-03
   2.1018950000000002e-02
   2.4749800000000002e-02
   8.6593560000000000e-03
   1.8310550000000003e-03
   6.3858049999999996e-03
   2.1194499999999998e-02
   2.7221700000000001e-02
   7.2555670000000001e-03
  -3.7918079999999998e-03
  -2.5482165000000000e-03
   8.1558499999999992e-03
   1.3587945000000001e-02
   8.8806400000000004e-03
  -8.7737849999999990e-04
  -8.8043299999999991e-03
   4.3029750000000005e-03
   1.7440799999999999e-02
   1.1466975000000001e-02
   4.3106080000000005e-03
  -5.2413949999999994e-03
   1.3252275000000001e-02
   2.1896349999999998e-02
   1.5953075000000001e-02
   3.3264150000000001e-03
  -4.9133300000000005e-03
   6.3323959999999997e-03
   1.6860964999999999e-02
   1.6860960000000001e-02
   3.4256000000000000e-03
  -4.9819950000000003e-03
   5.6457499999999997e-03
   1.7280560000000000e-02
   2.0858750000000002e-02
   4.8904550000000001e-03
   9.2315499999999994e-04
   2.7465850000000002e-03
   1.1978150000000000e-02
   1.3832080000000000e-02
  -1.4572100000000004e-03
  -1.1154185000000000e-02
  -4.4708250000000003e-03
   2.3879999999999999e-03
   1.0093700000000001e-02
  -1.9073500000000004e-04
  -1.3290399999999999e-02
  -1.6494750000000002e-02
   1.0986349999999999e-03
   1.4518740000000000e-02
   3.0288649999999999e-03
  -5.1422100000000004e-03
  -7.7209549999999998e-03
   5.0353775000000003e-03
   1.6792294999999999e-02
   8.6822705999999999e-03
  -6.2332118000000001e-03
  -1.0147085000000000e-02
   7.9116849999999999e-03
   2.0370500000000000e-02
   8.1329179999999994e-03
  -7.8658949999999995e-03
  -9.0637449999999998e-03
   1.8920899999999999e-03
   6.6451949999999996e-03
   4.7607350000000003e-03
  -6.1187524999999996e-03
  -1.3313269999999999e-02
   1.5869149999999999e-03
   1.5396135000000000e-02
   1.2878420000000000e-02
  -1.1596649999999998e-03
  -1.0299674999999999e-02
   1.5258799999999999e-03
   1.0482785000000000e-02
   1.7540000000000000e-02
   7.7133200000000001e-03
  -1.7623900000000001e-02
  -6.1950649999999996e-03
   1.0498044999999999e-02
   1.7257664999999998e-02
   9.2239250000000009e-03
  -1.1276225000000001e-02
  -6.0348550000000004e-03
   4.7988770000000000e-03
   1.2207049999999999e-02
   2.6702850000000001e-03
  -5.8593750000000000e-03
  -6.2561049999999997e-03
   1.0818505000000001e-02
   2.5024399999999999e-02
   2.7160549999999998e-03
  -1.0749824999999999e-02
  -3.0212399999999997e-03
   1.8119850000000000e-02
   1.6754144999999998e-02
   5.8670200000000006e-03
   1.0070800000000000e-03
  -1.0337809999999999e-02
   2.7694699999999996e-03
   1.7227155000000001e-02
   9.0255800000000001e-03
  -9.0179500000000003e-03
  -1.6128500000000000e-02
   5.8136118000000001e-03
   1.6029379999999999e-02
   9.0103055000000012e-03
  -1.0841369999999999e-02
  -1.9439700000000001e-02
  -1.6479449999999996e-03
   1.4228800000000000e-02
   1.0749822500000001e-02
   1.4495499999999956e-04
  -1.1116020000000001e-02
  -1.2206999999999995e-04
   9.2773500000000002e-03
   1.1360175000000000e-02
  -1.3961599999999996e-03
  -1.1749260000000001e-02
  -2.3651099999999999e-04
   1.0284445000000000e-02
   1.0704055000000001e-02
   2.6931800000000003e-03
  -9.2010500000000005e-03
  -5.2566499999999999e-03
   4.2648300000000007e-03
   9.0561150000000000e-03
  -1.3733000000000018e-04
  -9.9639949999999998e-03
  -2.5939917999999998e-03
   9.1705399999999996e-03
  -6.9198599999999999e-03
  -1.3885494999999999e-02
  -1.8104550000000001e-02
  -1.3786349999999999e-02
   1.7852800000000002e-02
   2.6489249999999999e-02
  -3.0441399999999999e-03
  -5.2185100000000000e-03
  -1.2367224999999999e-02
  -5.8135800000000005e-03
  -1.4419500000000000e-03
  -5.6228550000000004e-03
  -2.2567750000000001e-02
  -2.2125249999999999e-02
  -6.1569349999999997e-03
   4.6463099999999998e-03
   1.0299700000000003e-03
  -1.1795050000000000e-02
  -1.4900200000000001e-02
  -7.9574450000000005e-03
   2.6473899999999995e-03
   3.3111399999999997e-03
  -9.5367399999999984e-03
  -1.6265900000000000e-02
  -5.3787200000000000e-03
   6.4163400000000004e-03
   9.5138449999999999e-03
  -5.8746490000000000e-03
  -1.4083849999999998e-02
  -5.9814450000000002e-03
   6.5689210000000001e-03
   1.3465905000000000e-02
   6.1263900000000007e-03
  -3.1356835000000004e-03
  -2.2735600000000000e-03
   1.3870255000000000e-02
   1.5571615000000000e-02
  -1.6861000000000003e-03
  -1.2695329999999999e-02
  -1.4122015000000000e-02
   2.4261450000000002e-03
   1.2817365000000001e-02
  -5.7067654999999997e-03
  -1.1108380000000001e-02
  -7.7285749999999997e-03
   4.9591045000000004e-03
   1.3648995000000001e-02
   3.4713749999999996e-03
  -4.5166000000000000e-03
  -7.4615499999999991e-03
  -2.3498550000000001e-03
   5.6762799999999997e-03
  -4.5012999999999997e-04
  -9.1781800000000011e-03
  -1.3221699999999999e-02
   9.3078500000000005e-04
   1.9149799999999997e-03
   3.3035250000000003e-03
   2.4032600000000004e-03
  -3.3874499999999997e-03
   2.9754999999999994e-04
   1.6632049999999996e-03
   2.3345950000000001e-03
  -1.1322040000000000e-02
  -1.7250049999999999e-02
  -5.6610000000000002e-03
  -2.0980800000000004e-03
  -3.9825429999999998e-03
  -1.7211899999999999e-02
  -2.0996100000000000e-02
  -1.1093150000000000e-02
   1.5106199999999998e-03
   6.1263799999999998e-03
  -4.4479386499999994e-03
  -1.2443549999999999e-02
  -4.3945349999999998e-03
   6.6375699999999998e-03
   1.0498034999999999e-02
  -2.1591150000000001e-03
  -1.0704055000000001e-02
  -6.9198699999999998e-03
   1.4419599999999999e-03
   8.6517144999999993e-03
   1.6403150000000003e-03
  -7.4920449999999993e-03
  -8.5373150000000002e-03
   2.3345949999999996e-03
   6.8511900000000001e-03
  -4.2190349999999995e-03
  -1.1665350000000001e-02
  -1.3313294999999999e-02
   1.4343250000000002e-03
   1.0131845000000000e-02
  -2.0217999999999998e-03
  -1.5792850000000001e-02
  -1.6723599999999998e-02
  -2.1285990000000001e-03
   8.2931375000000005e-03
   1.8615550000000000e-03
  -1.3732909999999999e-02
  -1.4396650000000000e-02
   2.7313199999999998e-03
   1.5686019999999998e-02
   1.5197769999999999e-02
  -2.7923599999999998e-03
  -9.5977700000000003e-03
   3.6697390000000000e-03
   1.8775950000000000e-02
   2.3261999999999998e-02
   1.1276235000000001e-02
  -3.7536649999999998e-03
   3.1585699999999999e-03
   1.5411385000000000e-02
   1.9004850000000000e-02
   4.4784554999999998e-03
  -8.7280450000000002e-03
  -4.7301999999999999e-04
   1.2336725000000000e-02
   1.5640279999999999e-02
  -2.1057150000000002e-03
  -1.7929100000000000e-02
  -1.0688804999999999e-02
   9.5901400000000005e-03
   2.1347049999999999e-02
   5.4321300000000003e-03
  -1.0620125000000001e-02
  -6.8130499999999993e-03
   1.4091500000000000e-02
   1.5655510000000001e-02
   1.9607550000000002e-03
  -7.8277399999999997e-03
  -5.0430300000000004e-03
   5.9128050000000001e-03
   1.1573769999999999e-02
   4.8141650000000005e-03
  -8.2092099999999998e-03
  -1.3824474999999999e-02
  -3.8147000000000007e-04
   1.8096939999999999e-02
   1.6677870000000001e-02
  -1.2359610000000000e-02
  -1.1199944999999999e-02
   5.9280649999999997e-03
   1.6799905000000000e-02
   1.6265874999999999e-02
   1.9378650000000000e-03
  -9.5367500000000018e-04
   4.7836420000000003e-03
   1.0299669999999999e-02
   9.8724450000000005e-03
  -4.6462850000000000e-03
  -7.6064900000000005e-03
   4.0283200000000002e-03
   1.6288750000000001e-02
   1.6937270000000001e-02
   5.4016000000000003e-03
  -8.0108500000000021e-04
   5.8975149999999999e-03
   1.2832619999999999e-02
   1.4625529999999999e-02
  -3.0593800000000004e-03
  -1.0566700000000000e-02
  -6.3705550000000000e-03
   6.1035094999999998e-03
   1.2260430000000001e-02
   9.0790000000000055e-04
  -2.8915389999999998e-03
  -3.1509399999999996e-03
   9.7961550000000008e-03
   1.5098585000000001e-02
   4.1961499999999992e-03
  -1.5335100000000001e-03
  -4.0588400000000002e-03
   1.1154174999999999e-02
   1.9195565000000001e-02
   6.2484749999999999e-03
  -5.3177119999999996e-03
  -4.3334949999999997e-03
   9.4986200000000010e-03
   1.1688255000000000e-02
   8.0642749999999992e-03
  -1.7013550000000003e-03
  -5.6076049999999999e-03
   1.1154165000000001e-02
   1.6670219999999999e-02
   1.1253380000000000e-02
  -6.9427499999999984e-04
  -5.6533800000000004e-03
   5.5541964999999997e-03
   1.3801555000000000e-02
   1.0780339999999999e-02
   2.4185150000000004e-03
  -2.3117100000000002e-03
   4.3029800000000005e-03
   1.4984124999999999e-02
   1.8569950000000002e-02
   6.0806380000000002e-03
  -2.4948139999999997e-03
   2.4948100000000001e-03
   1.1901849999999999e-02
   2.4757349999999997e-02
   1.1688219999999999e-02
   1.0986299999999997e-03
  -2.8839099999999999e-03
   8.9340400000000007e-03
   1.6906734999999999e-02
   4.8523049999999995e-03
  -5.4473899999999999e-03
  -1.7623900000000000e-03
   1.1390710000000000e-02
   1.8089299999999999e-02
   5.2643000000000004e-04
  -1.1566170000000001e-02
  -9.9334950000000005e-03
   9.7808700000000005e-03
   2.3513799999999998e-02
   1.5075695000000000e-02
   4.6081524999999996e-03
  -3.7612900000000000e-03
   7.2708000000000000e-03
   1.1947655000000000e-02
   8.8501000000000031e-04
  -8.3389300000000013e-03
  -1.5258799999999999e-02
   1.4495999999999997e-04
   1.1917104999999999e-02
   6.3705599999999999e-03
  -7.9955900000000003e-03
  -1.6807550000000001e-02
  -6.7596300000000008e-03
   2.5939950000000000e-03
   4.1961500000000001e-03
  -1.0520930000000001e-02
  -2.1377550000000002e-02
  -1.1444114999999999e-02
   2.8686499999999999e-03
   2.3269450000000000e-03
  -1.6593900000000002e-02
  -3.0937199999999998e-02
  -2.5268550000000001e-02
  -9.8495549999999994e-03
  -4.9819749999999996e-03
  -2.0973200000000001e-02
  -3.4660300000000005e-02
  -2.9693600000000001e-02
  -2.2209150000000000e-02
  -2.1308899999999999e-02
  -4.2282100000000003e-02
  -6.4659099999999997e-02
  -7.6316849999999992e-02
  -7.4394199999999994e-02
  -8.0749500000000002e-02
  -9.7366449999999993e-02
  -1.1427300000000000e-01
  -1.2638850000000001e-01
  -1.1430350000000000e-01
  -1.0889400000000000e-01
  -1.2101750000000000e-01
  -1.2744900000000001e-01
  -1.3201900000000000e-01
  -1.1244950000000001e-01
  -9.4001599999999991e-02
  -8.1863400000000003e-02
  -9.5764149999999992e-02
  -1.1638650000000000e-01
  -1.1631750000000000e-01
  -9.2933749999999996e-02
  -9.4566199999999989e-02
  -1.0664355000000000e-01
  -1.0408750000000000e-01
  -8.0276500000000001e-02
  -7.1060150000000002e-02
  -6.2667849999999997e-02
  -6.3659649999999998e-02
  -6.4071650000000008e-02
  -5.3390500000000000e-02
  -4.0115349999999994e-02
  -2.8976450000000001e-02
  -4.0863049999999998e-02
  -4.4158900000000001e-02
  -1.8897999999999998e-02
  -1.6479500000000000e-03
  -8.3465499999999995e-03
  -6.4621145000000003e-03
  -7.3394749999999998e-03
   4.2419440000000001e-03
   1.7349250000000000e-02
   2.3216250000000001e-02
   1.3656635000000000e-02
   9.2926050000000007e-03
   1.1672990000000001e-02
   2.8350800000000002e-02
   3.6300649999999997e-02
   2.2964499999999999e-02
   1.4167799999999999e-02
   2.8373699999999998e-02
   4.8385600000000001e-02
   5.7258599999999993e-02
   4.6302800000000005e-02
   3.2882649999999999e-02
   2.8724699999999999e-02
   4.2503349999999995e-02
   5.2940399999999999e-02
   5.1361049999999998e-02
   4.2968750000000000e-02
   3.7063600000000002e-02
   4.5898450000000000e-02
   5.8479299999999998e-02
   5.9379549999999996e-02
   5.1391599999999996e-02
   3.6102299999999997e-02
   4.4906649999999999e-02
   5.6716950000000002e-02
   5.4603600000000002e-02
   3.8894650000000003e-02
   2.6870699999999997e-02
   3.5263099999999999e-02
   3.9123550000000000e-02
   3.4782399999999998e-02
   1.1520395000000001e-02
   2.6931790000000000e-03
   1.0971075000000000e-02
   3.0769350000000001e-02
   2.7587899999999999e-02
   6.5536550000000002e-03
  -1.8722550000000001e-02
  -1.3565084999999999e-02
   3.0822950000000001e-03
   1.6540529999999998e-02
   9.0027019999999996e-03
   2.8076199999999998e-03
   9.3689100000000011e-03
   2.0179750000000003e-02
   2.9540999999999998e-02
   2.0950350000000000e-02
   1.1848450000000000e-02
   1.5365600000000000e-02
   2.0126350000000001e-02
   2.5680550000000000e-02
   2.0133999999999999e-02
   1.5968349999999999e-02
   2.3643450000000000e-02
   2.8808600000000004e-02
   3.2882700000000001e-02
   1.8890384999999999e-02
   7.6141579999999993e-03
   6.0424949999999993e-03
   2.0507800000000000e-02
   3.2859800000000002e-02
   1.9126899999999999e-02
   4.4097900000000002e-03
   2.0370469999999997e-03
   1.4099100000000000e-02
   2.1583550000000000e-02
   2.1369949999999999e-02
   1.0513305000000001e-02
   3.3416749999999997e-03
   1.4732350000000000e-02
   4.0389999999999995e-02
   2.9785149999999996e-02
  -8.7432804999999988e-03
  -1.0467520000000001e-02
   7.6446650000000001e-03
   1.6830430000000000e-02
   3.1875600000000004e-02
   2.7954099999999999e-02
   3.7689230000000004e-03
   6.0577323999999998e-03
   1.9226050000000001e-02
   4.0275550000000000e-02
   4.6730050000000002e-02
   1.1581430000000000e-02
   1.6632000000000001e-03
   2.3918149999999999e-02
   3.3058150000000001e-02
   2.6664700000000000e-02
   8.8806400000000004e-03
   3.8070650000000001e-03
   2.1827699999999998e-02
   3.3233649999999997e-02
   1.8455500000000000e-02
   5.7067849999999998e-03
   1.9302400000000000e-03
   2.6611349999999999e-02
   3.7345850000000000e-02
   2.6954650000000004e-02
   5.7907099999999993e-03
  -4.7912600000000003e-03
   2.6779150000000003e-03
   1.5426644999999999e-02
   1.4366139999999999e-02
  -2.5024450000000003e-03
  -6.1340449999999994e-03
   1.4968849999999999e-02
   3.4919699999999998e-02
   3.4629850000000004e-02
   2.5924699999999998e-02
   1.7799349999999999e-02
   2.2865300000000002e-02
   3.4812900000000001e-02
   3.9085399999999999e-02
   1.8631000000000002e-02
   1.2878450000000000e-02
   1.4968850000000001e-02
   2.7839650000000001e-02
   4.0115350000000001e-02
   2.5077799999999997e-02
   5.7449300000000005e-03
   1.0612509999999999e-02
   2.5085450000000002e-02
   3.0220049999999998e-02
   1.6723650000000000e-02
   6.1721799999999993e-03
   7.1334650000000003e-03
   1.4923090000000000e-02
   1.8157940000000001e-02
  -5.3253350000000005e-03
  -2.0851149999999999e-02
  -2.2018450000000002e-02
  -2.7008049999999997e-03
   9.8114049999999987e-03
   2.0598999999999965e-04
  -1.2062085000000000e-02
  -1.4556899999999999e-02
  -2.0828250000000000e-03
   9.3994205999999997e-03
   3.7612749999999997e-03
  -1.6555750000000003e-03
  -7.1868899999999996e-03
   2.9754650000000001e-03
   9.6283100000000010e-03
   6.3171180000000000e-03
  -9.9334799999999997e-03
  -1.2474050000000000e-02
  -3.8833649999999997e-03
  -4.2724999999999968e-04
   3.8144999999999932e-04
  -1.4038105000000000e-02
  -1.7562849999999998e-02
  -6.6757450000000003e-03
   9.0331850000000009e-03
   7.9345769999999999e-03
  -9.9945499999999979e-04
  -8.0490299999999987e-03
   2.9144279999999997e-03
   1.4495839999999999e-02
   1.0360708499999999e-02
  -2.5939850000000000e-03
  -1.0566695000000001e-02
  -2.4337750000000000e-03
   1.3420110000000001e-02
   2.7534500000000000e-02
   8.4686085000000005e-03
  -9.7274800000000002e-03
  -6.5460200000000005e-03
   1.9248950000000001e-02
   8.2092199999999997e-03
  -1.1177045000000000e-02
  -2.4192850000000002e-02
  -1.8157949999999999e-02
  -1.6784700000000000e-03
   1.1138915000000001e-02
   2.8686649999999998e-03
  -7.7133100000000001e-03
  -9.7198549999999995e-03
   4.7683690000000006e-03
   1.5335065000000000e-02
   7.6370206000000006e-03
  -7.4615599999999999e-03
  -1.6220100000000001e-02
  -1.5792850000000002e-03
   1.5426640000000000e-02
   1.3397210000000001e-02
  -7.2021250000000002e-03
  -1.4083850000000000e-02
   1.7089850000000001e-03
   1.6586315000000001e-02
   1.5029915000000000e-02
  -4.9133299999999996e-03
  -2.2193900000000003e-02
  -1.4030455000000001e-02
   3.6010549999999997e-03
   4.1351399999999998e-03
  -1.0139474999999998e-02
  -2.1644600000000000e-02
  -6.5078999999999996e-03
   1.1619560000000001e-02
   1.4709460000000001e-02
   7.3242500000000009e-04
  -1.2657169999999999e-02
  -6.2484600000000000e-03
   9.6130199999999999e-03
   1.8218999999999999e-02
   7.3928819999999999e-03
  -4.7225949999999996e-03
  -1.6708350000000003e-03
   1.8638600000000002e-02
   3.3966049999999998e-02
   1.5792845000000000e-02
  -5.1040649999999996e-03
  -3.0212419999999999e-03
   1.3473495000000000e-02
   2.0057700000000001e-02
   4.9972450000000000e-03
  -5.3863500000000007e-03
  -9.9563499999999992e-03
  -3.0517500000000041e-04
   1.7517095000000000e-02
   1.4556895000000000e-02
  -1.7776500000000000e-03
  -3.7307750000000004e-03
   9.2010449999999997e-03
   2.2506699999999998e-02
   1.7036460000000000e-02
  -9.6892999999999979e-04
  -1.1947635000000000e-02
  -1.9378699999999997e-03
   1.2268039999999999e-02
   1.3427755000000000e-02
   2.5176999999999969e-04
  -1.4953599999999998e-03
   8.4838700000000010e-03
   2.4925200000000002e-02
   2.7908350000000002e-02
   9.1552965000000000e-03
  -1.2969999999999995e-04
   1.0551430000000001e-02
   2.4345400000000003e-02
   2.7236900000000001e-02
   7.4768000000000013e-04
  -9.8876750000000003e-03
  -2.7771010000000001e-03
   1.3877860000000001e-02
   2.7679449999999998e-02
   1.0635360000000000e-02
  -4.6539499999999996e-04
   4.0283225000000006e-03
   2.1339399999999998e-02
   2.0988500000000000e-02
   1.0101320000000000e-02
  -6.0653649999999996e-03
  -8.0337350000000002e-03
   1.1131289999999999e-02
   2.4009700000000002e-02
   1.1260990000000000e-02
  -6.5002429999999993e-03
  -4.0817259999999999e-03
   4.0588450000000002e-03
   1.2008643999999999e-02
  -1.0223500000000000e-03
  -1.1939995000000000e-02
  -1.8417400000000000e-02
  -6.6985949999999999e-03
   8.6746399999999991e-03
   7.9650649999999986e-03
  -4.7226150000000003e-03
  -5.5313100000000002e-03
   6.2637439999999999e-03
   1.9271875000000001e-02
   1.6311630000000001e-02
   6.6146649999999996e-03
  -1.2557995000000001e-02
  -6.2942365000000005e-03
   7.3470999999999996e-03
   1.4259360000000000e-02
   3.4179550000000003e-03
  -2.8152450000000001e-03
   1.0253915000000001e-02
   2.6184050000000000e-02
   2.8274550000000002e-02
   6.5460050000000006e-03
  -1.0108945000000001e-02
  -4.7988680000000004e-03
   1.2939474999999999e-02
   1.0513291999999999e-02
  -4.2266949999999991e-03
  -1.6319300000000002e-02
  -9.8114050000000005e-03
   8.3236444999999996e-03
   2.2010789999999999e-02
   1.0795589499999999e-02
   9.5367500000000018e-04
  -9.1550000000000138e-05
   1.8493650000000000e-02
   2.4284350000000000e-02
   1.3656625000000000e-02
  -6.8817315000000000e-03
  -1.1344930000000000e-02
   1.2161254999999999e-02
   2.3574800000000000e-02
   1.3801555000000000e-02
  -3.6621500000000003e-04
  -8.7814299999999998e-03
   5.6991730000000001e-03
   1.3946544999999999e-02
   5.8593550000000001e-03
  -1.4747610000000001e-02
  -2.1202100000000002e-02
  -6.9885499999999996e-03
   1.2527485000000000e-02
   6.1187500000000001e-03
  -8.0718855000000006e-03
  -1.4595025000000001e-02
  -9.4604499999999996e-04
   1.9363385000000000e-02
   1.4488220000000000e-02
  -7.3089695000000000e-03
  -2.0835900000000001e-02
  -1.3542160000000001e-02
  -5.3406000000000000e-03
  -1.3045999999999995e-03
  -1.0223375500000000e-02
  -1.2489295000000001e-02
  -5.1498409999999996e-03
   4.9972300000000001e-03
   7.5454500000000004e-03
  -8.7738004999999997e-03
  -2.0721449999999999e-02
  -1.3549800000000001e-02
   2.2735600000000000e-03
   7.2936950000000002e-03
  -6.1187700000000008e-03
  -1.2832619999999999e-02
  -9.3383900000000002e-03
   8.4075699999999996e-03
   1.3771064999999999e-02
   4.0206899999999995e-03
  -1.1589050000000000e-02
  -1.6464200000000002e-02
   2.7999850000000001e-03
   7.8735360000000004e-03
  -6.3323999999999976e-04
  -2.0217900000000000e-02
  -2.0523050000000001e-02
  -1.1825600000000000e-03
   1.2893664999999999e-02
   3.5934300000000003e-03
  -3.4103399999999996e-03
  -1.6944850000000001e-02
   4.5242299999999997e-03
   5.1955949999999999e-03
   1.0528550000000001e-03
  -2.0668050000000000e-02
  -3.8055400000000003e-02
  -2.4681050000000000e-02
  -7.2021374999999997e-03
  -7.1258650000000003e-03
  -2.4307250000000002e-02
  -2.7954100000000003e-02
  -1.8249550000000000e-02
  -2.7236949999999999e-03
  -2.1133399999999996e-03
  -2.0278900000000002e-02
  -2.8694150000000002e-02
  -2.3330699999999999e-02
  -8.8271949999999995e-03
  -3.1128049999999997e-03
  -1.2298605000000001e-02
  -1.9599900000000000e-02
  -8.0718949999999991e-03
   8.8043250000000000e-03
   1.8989600000000002e-02
   6.6146759999999999e-03
  -7.2250400000000003e-03
  -7.5149350000000004e-03
   4.3869040000000005e-03
   1.3092030000000001e-02
   2.6550299999999996e-03
  -6.6680899999999998e-03
   3.0822760000000001e-03
   2.1492000000000001e-02
   3.0815149999999999e-02
   2.2201499999999999e-02
   3.7078850000000002e-03
  -4.1122435000000004e-03
   1.1039715000000000e-02
   1.9165000000000001e-02
   1.0452285000000000e-02
  -2.1591149999999996e-03
  -6.4163249999999996e-03
   6.5307736499999993e-03
   1.9729650000000001e-02
   1.5640234999999999e-02
   2.2125199999999999e-03
  -5.8212300000000002e-03
   3.4561160000000000e-03
   1.8310500000000000e-02
   1.8753050000000000e-02
   4.5700070000000001e-03
  -1.2016290000000001e-02
  -3.6163320000000003e-03
   1.0971080000000001e-02
  -7.9344499999999939e-04
  -1.6860950000000000e-02
  -2.3460349999999998e-02
  -8.7127650000000008e-03
   5.8822600000000003e-03
   3.5934500000000002e-03
  -8.4152429999999993e-03
  -2.0019550000000001e-02
  -1.3626099999999999e-02
  -2.0065299999999999e-03
   3.2500999999999997e-03
  -1.1260974999999999e-02
  -1.9927950000000000e-02
  -1.7692599999999999e-02
  -1.2741049999999998e-03
   1.0360715000000000e-02
  -5.8136125000000007e-03
  -1.5586850000000001e-02
  -1.8600450000000001e-02
  -6.4163200000000005e-03
  -2.8228500000000017e-04
  -1.3885490000000000e-02
  -2.8091449999999997e-02
  -2.6870699999999997e-02
  -1.0124205000000001e-02
  -1.2436100000000005e-03
  -4.5852849999999997e-03
  -2.5268550000000001e-02
  -2.6435850000000000e-02
  -7.4004950000000000e-03
   4.4403049999999994e-03
   6.3858155000000002e-03
  -8.9645200000000001e-03
  -2.5550850000000000e-02
  -8.4838750000000001e-03
   5.0735600000000004e-03
   1.0292058800000000e-02
   3.0746450000000000e-03
  -6.0958899999999996e-03
   4.9591000000000001e-04
   1.2306225000000000e-02
   1.8875099999999999e-02
  -5.9661699999999998e-03
  -2.9746999999999999e-02
  -2.7526849999999999e-02
  -1.0696395000000001e-02
  -2.1438500000000001e-03
  -1.8760650000000000e-02
  -2.6786799999999999e-02
  -1.7562850000000001e-02
  -1.3427750000000000e-03
   4.8523049999999995e-03
  -1.3259910000000000e-02
  -2.8633100000000002e-02
  -2.4368300000000002e-02
  -5.8593535000000000e-03
  -7.7819999999999973e-04
  -1.6433705000000000e-02
  -1.9607550000000001e-02
  -1.8516550000000000e-02
  -1.4801000000000000e-03
   5.2947949999999997e-03
  -4.4326599999999997e-03
  -1.1672960000000000e-02
  -1.3763450000000000e-02
  -3.7460250000000000e-03
   7.5533000000000024e-04
  -1.1024470000000001e-02
  -3.4378050000000000e-02
  -4.0252700000000002e-02
  -2.4208100000000000e-02
  -9.3078520000000001e-03
  -1.3244644999999999e-02
  -2.6489249999999999e-02
  -2.9830950000000002e-02
  -1.1955255000000000e-02
   6.5918100000000000e-03
   6.7672649999999997e-03
  -1.0681155000000001e-02
  -2.6123050000000002e-02
  -1.7021149999999999e-02
   8.9263500000000013e-04
   1.0017395000000000e-02
  -2.3651000000000011e-04
  -1.0208105000000000e-02
  -4.1961650000000000e-03
   2.6168849999999998e-03
   2.1286200000000003e-03
  -1.4175404999999999e-02
  -2.6947050000000000e-02
  -2.2590650000000000e-02
  -1.0330180000000001e-02
  -3.7307600000000001e-03
  -1.6105629999999999e-02
  -2.9151900000000001e-02
  -1.9416799999999998e-02
  -4.2190550000000002e-03
  -4.9286099999999999e-03
  -1.6204814999999997e-02
  -2.4826050000000002e-02
  -2.2430400000000000e-02
  -4.7454849999999998e-03
   9.7198689999999990e-03
  -2.0904349999999999e-03
  -1.5502944999999999e-02
  -1.5724200000000001e-02
   1.7166099999999999e-03
   1.6769414999999999e-02
   7.5988834999999996e-03
  -1.1932395000000000e-02
  -1.6906749999999998e-02
