  -1.1886585000000000e-02
   6.4239499999999995e-03
   2.4955749999999999e-02
   3.4553550000000002e-02
   2.4993899999999999e-02
  -1.9073500000000004e-04
   1.3084400000000000e-02
   3.8223250000000000e-02
   4.4151349999999999e-02
   1.8684349999999999e-02
  -9.1550000000000138e-05
   1.2702950000000001e-02
   4.7431950000000001e-02
   4.8973099999999999e-02
   2.5947550000000000e-02
  -8.1634399999999999e-04
  -9.1018699999999998e-03
   1.8554649999999999e-02
   3.9504999999999998e-02
   1.0436990000000000e-02
  -1.3336150000000000e-02
  -1.4724700000000000e-02
   5.9967019999999996e-03
   1.5625000000000000e-02
   6.7596345000000002e-03
  -1.2588499999999999e-02
  -1.9813499999999998e-02
   8.5449000000000007e-04
   2.0088200000000001e-02
   6.2255890000000001e-03
  -2.1492049999999999e-02
  -2.6412949999999998e-02
   4.5471150000000000e-03
   1.5014650000000001e-02
   4.0054345000000002e-03
  -1.1634815000000000e-02
  -9.2391999999999995e-03
   2.2506695000000000e-03
   1.4167790000000000e-02
   1.0818464999999999e-02
  -7.5531000000000001e-03
  -1.8135050000000000e-02
  -7.4691749999999998e-03
   5.1650945000000000e-03
  -2.8457850000000004e-03
  -2.2537250000000002e-02
  -3.1341549999999996e-02
  -1.3328550000000002e-02
   2.7618400000000002e-03
   7.2936855000000000e-03
  -1.1573799999999999e-02
  -2.5848400000000001e-02
  -1.4137250000000001e-02
   5.2337649999999996e-03
   6.2026749999999995e-03
  -1.6136200000000000e-02
  -2.6229849999999999e-02
  -1.3488750000000001e-02
   7.6370199999999996e-03
   2.6092549999999999e-02
   1.0971080000000001e-02
  -1.4541650000000000e-02
  -1.6555800000000002e-02
   3.9291400000000002e-03
   2.1987949999999999e-02
   7.7667450000000002e-03
  -1.9515999999999999e-02
  -2.3658749999999999e-02
   4.3258699999999999e-03
   1.2863140000000000e-02
  -7.7056499999999997e-04
  -2.3162849999999999e-02
  -2.3338299999999999e-02
   2.2201529999999999e-03
   1.2626650000000000e-02
  -7.1334749999999994e-03
  -2.3582449999999998e-02
  -2.7153000000000000e-02
  -1.2657200000000000e-02
  -2.4414500000000030e-04
  -1.2054449999999999e-03
  -1.5426650000000000e-02
  -2.2247299999999998e-02
   7.5530999999999992e-04
   1.3481150000000001e-02
   1.6128549999999998e-02
  -8.5373150000000002e-03
  -2.4208100000000000e-02
  -1.5617350000000000e-02
   1.1062600000000000e-03
   5.4245064999999997e-03
  -1.5342700000000001e-02
  -2.8556850000000002e-02
  -2.2903449999999999e-02
   3.7536614999999999e-03
   4.6920549999999997e-03
  -1.4602644999999999e-02
  -2.9022249999999999e-02
  -3.1028750000000001e-02
  -6.5078935000000004e-03
   1.5190140000000001e-02
  -1.2954709999999999e-02
  -2.5848400000000001e-02
  -9.2315799999999996e-03
   1.9950849999999999e-02
   3.1288150000000001e-02
   1.0704035500000000e-02
  -8.1558250000000002e-03
  -1.5449500000000000e-02
   1.6555800000000000e-03
   1.3832094999999999e-02
   2.9602050000000005e-03
  -2.5375399999999999e-02
  -3.0395499999999999e-02
  -9.9334499999999999e-03
   1.3351449999999994e-03
  -2.9830950000000003e-03
  -2.2537250000000002e-02
  -3.5797099999999998e-02
  -2.6496900000000000e-02
   1.2283305000000001e-02
   2.2125250000000003e-03
  -5.8364850000000006e-03
  -2.5718700000000001e-02
  -7.9116849999999999e-03
   5.4473949999999998e-03
   8.9035249999999989e-03
  -1.5235920000000000e-02
  -2.1453850000000000e-02
  -4.5776499999999995e-04
   2.2293100000000000e-02
   2.4688700000000001e-02
   2.6702850000000001e-03
  -1.2580850000000001e-02
  -8.2626300000000000e-03
   4.7836290000000002e-03
   6.7291349999999998e-03
  -1.7211900000000002e-02
  -3.9718650000000001e-02
  -3.5064700000000004e-02
  -1.3710005000000001e-02
   6.1721600000000003e-03
  -3.7307750000000000e-03
  -2.3849499999999999e-02
  -2.2949249999999997e-02
   1.5869100000000000e-03
   1.6204824999999999e-02
  -3.8145000000000279e-05
  -2.7893049999999999e-02
  -3.7490849999999999e-02
  -7.5531050000000001e-03
   1.9073500000000000e-02
   1.6387914999999999e-02
  -2.2354099999999997e-03
  -1.9859300000000000e-02
   4.8599254999999999e-03
   1.8775950000000000e-02
   6.3095050000000000e-03
  -2.4513250000000000e-02
  -3.2669049999999998e-02
   2.9907235000000000e-03
   7.4386850000000004e-03
   4.0511849999999997e-03
  -1.6914374999999999e-02
  -3.1608600000000001e-02
  -1.5151999999999999e-02
   6.0043180000000007e-03
   7.1792654999999995e-03
  -2.2865299999999998e-02
  -3.1753550000000005e-02
  -2.1675150000000001e-02
   1.2893650000000000e-03
   1.0139444999999999e-02
  -8.6670050000000002e-03
  -1.6487100000000001e-02
  -8.3389299999999996e-03
   1.1520390000000000e-02
   1.7898560000000001e-02
  -1.9455050000000002e-03
  -2.1240200000000001e-02
  -1.8806450000000002e-02
   4.6081350000000002e-03
   1.4038085000000000e-02
  -1.3885449999999997e-03
  -1.8203750000000001e-02
  -1.1314410000000000e-02
   1.3298019999999999e-02
   2.8434750000000002e-02
   9.0713699999999987e-03
  -1.6891480000000000e-02
  -1.9020100000000002e-02
   8.1329400000000000e-03
   2.0729049999999999e-02
   7.2402949999999999e-03
  -1.1734015000000000e-02
  -2.2415200000000000e-02
   3.5629300000000002e-03
   2.5009150000000001e-02
   2.0584100000000001e-02
   3.5781850000000002e-03
  -7.3089650000000006e-03
   7.7514450000000000e-03
   2.1591199999999998e-02
   2.6107800000000000e-02
   3.5247782000000002e-03
  -9.1552800000000000e-03
   5.6457499999999997e-03
   1.8615699999999999e-02
   2.2209199999999998e-02
   2.6702999999999970e-04
  -1.0833760000000000e-02
   5.1727300000000004e-03
   2.1438600000000002e-02
   2.0767200000000000e-02
  -1.9226099999999999e-03
  -1.1215224999999999e-02
   3.3721949999999997e-03
   2.8144849999999999e-02
   8.8501050000000005e-03
  -1.3404830000000000e-02
  -2.2102350000000000e-02
  -1.2046814999999999e-02
   2.1156299999999999e-02
   4.3594350000000004e-02
   1.6654950000000002e-02
  -7.0800550000000000e-03
  -1.2763995000000000e-02
   4.9819749999999996e-03
   1.3252280000000000e-02
  -4.7302499999999975e-04
  -1.6799950000000001e-02
  -1.7089850000000000e-02
   6.1035099999999995e-03
   2.6809699999999999e-02
   8.6440800000000002e-03
  -1.5678385000000000e-02
  -2.4070750000000002e-02
  -8.8958900000000000e-03
   8.7432650000000001e-03
   2.4185200000000004e-03
  -1.7684900000000000e-02
  -2.7229299999999998e-02
   5.9204300000000008e-03
   2.8320300000000000e-02
   3.4591650000000002e-02
   9.2849950000000007e-03
   7.5530900000000002e-04
   2.0523099999999999e-02
   2.5871250000000002e-02
   1.8150309999999999e-02
  -1.4030475000000001e-02
  -2.7381900000000001e-02
  -1.2336750000000000e-02
   1.2710560000000001e-02
   1.6387949999999998e-02
  -5.6686499999999999e-03
  -1.8020649999999999e-02
  -8.4457600000000001e-03
   1.0963434999999999e-02
   1.4602660000000000e-02
  -8.8806049999999997e-03
  -1.9493099999999999e-02
  -1.1802665000000000e-02
   1.2824985000000001e-02
   1.6540500000000000e-02
  -9.5443600000000000e-03
  -1.9935600000000001e-02
   7.6294999999999987e-05
   2.4040249999999999e-02
   2.0820600000000002e-02
   7.4691650000000007e-03
  -1.5884400000000000e-02
  -2.2590600000000002e-02
   4.1961499999999992e-04
   1.5853900000000001e-02
  -6.4849800000000004e-03
  -2.7290349999999998e-02
  -3.0281050000000000e-02
  -2.7923600000000002e-03
   1.2481680000000000e-02
   4.4784600000000001e-03
  -1.8890400000000002e-02
  -2.2888199999999997e-02
  -1.8005349999999998e-03
   1.8859899999999999e-02
   1.2695300000000000e-02
   5.5618059999999999e-03
  -3.8833615000000003e-03
   3.5171499999999997e-03
   1.7959620000000003e-02
   2.1934499999999999e-02
   4.6691874999999997e-03
  -1.4266960000000001e-03
   9.1628999999999999e-03
   2.3727400000000003e-02
   1.7349250000000000e-02
  -7.1029649999999993e-03
  -2.6908849999999998e-02
  -1.9180300000000001e-02
   7.8354099999999993e-03
   6.7825150000000002e-03
  -8.3999880000000006e-03
  -2.0698550000000000e-02
  -1.0818480000000000e-02
   1.4236449999999999e-02
   1.9996649999999998e-02
  -6.5002235000000000e-03
  -2.1995549999999999e-02
  -1.6708399999999998e-02
   1.3221750000000001e-02
   2.2026049999999998e-02
  -6.7901499999999983e-04
  -2.0698550000000003e-02
  -1.8295300000000000e-02
   9.9334699999999998e-03
   1.9546500000000001e-02
   1.6609200000000001e-02
  -1.0345465000000000e-02
  -1.6838100000000002e-02
   3.8833599999999998e-03
   7.8887999999999996e-03
  -4.9209775000000006e-03
  -2.2094700000000002e-02
  -2.8587300000000000e-02
  -1.1627185000000000e-02
   8.6059350000000003e-03
   9.1476400000000003e-03
  -1.9035349999999999e-02
  -2.9975900000000000e-02
  -1.1375429999999999e-02
   7.2937000000000002e-03
   8.3999820000000003e-03
  -8.8729800000000008e-03
  -1.5846249999999999e-02
  -6.2713600000000001e-03
   2.9144300000000004e-03
   1.4205920000000000e-02
  -4.2572199999999999e-03
  -9.9563600000000009e-03
   3.8528449999999997e-03
   1.8013000000000001e-02
   2.6412950000000001e-02
   7.6217750000000008e-03
  -7.5760050000000002e-03
   1.4572150000000000e-03
   1.9546500000000001e-02
   2.1316550000000000e-02
   7.4768000000000057e-04
  -1.1749250000000001e-02
  -2.6245117999999998e-03
   1.7387400000000001e-02
   2.1774300000000000e-02
   3.8147000000000007e-04
  -2.2361750000000000e-02
  -1.9851700000000000e-02
   1.2283300000000000e-02
   2.8533949999999999e-02
   7.4768049999999996e-03
  -1.8463150000000001e-02
  -2.1392849999999998e-02
   9.1857750000000002e-03
   3.1623800000000001e-02
   2.2926300000000000e-02
  -1.4190699999999997e-03
  -9.0026900000000007e-03
   8.6135850000000000e-03
   2.2010800000000001e-02
   1.9058249999999999e-02
  -8.1253050000000011e-03
  -1.5464800000000001e-02
  -3.9672854999999997e-04
   2.1499650000000002e-02
   2.0492600000000000e-02
  -1.1596670000000000e-02
  -2.8579750000000001e-02
  -1.6380300000000000e-02
   1.5563949999999999e-03
  -1.0833749999999993e-03
  -1.7875650000000000e-02
  -1.9248950000000001e-02
  -9.1018550000000007e-03
   7.3928965000000001e-03
   2.6946999999999999e-02
   1.0009785000000000e-02
  -7.2860900000000003e-03
   1.3656650000000001e-03
   1.8844649999999998e-02
   2.3735049999999997e-02
   6.1416600000000002e-03
  -1.2001044999999998e-02
  -1.3931290000000001e-02
   7.2250499999999994e-03
   1.8264760000000001e-02
  -7.7819999999999973e-04
  -1.8470750000000001e-02
  -2.1095249999999999e-02
   8.5830949999999989e-03
   2.0019499999999999e-02
   9.4146600000000000e-03
  -8.1863550000000011e-03
  -9.6588349999999993e-03
   1.4289850000000000e-02
   2.4658199999999998e-02
   1.8333400000000000e-02
  -1.1047345000000000e-02
  -2.6168799999999999e-02
   8.3922999999999984e-04
   2.1530149999999998e-02
   1.9134499999999999e-02
   5.6152349999999997e-03
  -7.2555550000000003e-03
   8.6135850000000000e-03
   2.9930100000000001e-02
   2.7252199999999997e-02
  -9.6893350000000003e-03
  -2.9876750000000001e-02
  -1.5197749999999999e-02
   7.4386599999999997e-03
   4.2724349999999998e-03
  -1.3130210000000000e-02
  -1.4213570000000002e-02
   3.3111600000000005e-03
   2.1606449999999999e-02
   1.7196659999999999e-02
  -1.0391255000000000e-02
  -2.9884349999999997e-02
  -2.2911100000000000e-02
  -5.3558510000000000e-03
   4.3487500000000037e-04
  -2.7389549999999995e-03
  -1.1299145000000000e-02
  -4.6157849999999999e-03
   1.6670200000000000e-02
   2.9197700000000000e-02
   5.7143999999999997e-03
  -1.2191799999999999e-02
  -1.7860450000000000e-02
   4.6386750000000001e-03
   1.2672444999999999e-02
  -2.7923550000000003e-03
  -1.7288200000000000e-02
  -1.7295850000000002e-02
   5.0201404999999999e-03
   2.1011350000000002e-02
   8.4533899999999999e-03
  -8.2397399999999989e-03
  -1.4236450000000001e-02
  -1.2214650000000001e-02
   8.9492800000000004e-03
   1.8157950000000003e-03
  -1.4106749999999999e-02
  -2.3986850000000001e-02
  -7.5073250000000005e-03
   1.5800470000000000e-02
   1.9676199999999998e-02
   2.6931745000000002e-03
  -1.5007050000000001e-02
  -2.8228499999999996e-04
   1.9752499999999999e-02
   1.9668550000000000e-02
  -4.6997085000000001e-03
  -1.4266950000000000e-02
   3.9672500000000012e-04
   1.5075700000000001e-02
   1.3359059999999999e-02
  -3.0822750000000002e-03
  -1.8310550000000002e-02
  -2.7374249999999999e-02
  -2.1286000000000000e-03
   1.0238640000000000e-02
  -7.8506500000000007e-03
  -1.3610845000000000e-02
  -4.7607429999999996e-03
   6.4392000000000000e-03
   1.3450620000000000e-02
   1.0299700000000003e-03
  -1.7074550000000001e-02
  -1.9203150000000002e-02
   1.0833750000000001e-03
   1.1352520000000000e-02
   1.6555799999999998e-03
  -1.6082750000000000e-02
  -2.4963350000000002e-02
  -7.9269500000000003e-03
   4.8217800000000003e-03
  -5.2184950000000001e-03
  -2.9945399999999997e-02
  -3.1372100000000000e-02
  -5.5542000000000005e-03
   7.5988899999999996e-03
   2.5100849999999996e-03
  -1.9958499999999997e-02
  -2.6710550000000000e-02
  -1.1604330000000000e-02
   8.5754550000000009e-03
   1.2153610000000000e-02
  -1.2428285000000001e-02
  -3.5987850000000002e-02
  -1.8501299999999998e-02
   8.9187399999999997e-03
   1.5518189999999999e-02
  -1.5640249999999997e-03
  -1.0192884999999999e-02
   3.5324100000000002e-03
   2.3910500000000001e-02
   2.8587300000000003e-02
   3.7612899999999996e-03
  -1.5686050000000000e-02
  -1.0292055000000000e-02
   5.7373049999999998e-03
   6.9122085000000002e-03
  -7.8277434999999996e-03
  -2.2460950000000000e-02
  -2.0233149999999998e-02
  -6.7901500000000004e-04
   7.2632059999999995e-03
  -1.2748700000000002e-02
  -3.1280550000000004e-02
  -2.9838600000000000e-02
  -7.2479499999999995e-03
   8.3007699999999990e-03
  -1.4350889999999998e-02
  -2.1240250000000002e-02
  -1.4305150000000001e-02
   1.3977050000000001e-02
   2.6634199999999997e-02
   1.9287100000000001e-02
  -8.4686250000000005e-04
  -1.4678950000000000e-02
   2.9296875000000000e-03
   1.7181390000000001e-02
   1.0375952499999999e-02
  -1.6937254999999998e-02
  -2.7709950000000001e-02
  -3.3798199999999995e-03
   1.1215225000000001e-02
   5.8975249999999998e-03
  -1.6922005000000000e-02
  -2.7557350000000001e-02
  -1.0536175000000000e-02
   3.7689200000000003e-03
   6.7901550000000008e-03
  -7.4844149999999995e-03
  -2.1965050000000000e-02
  -1.1734020000000001e-02
   9.4375499999999994e-03
   1.6998280000000001e-02
  -3.5553049999999999e-03
  -2.2010800000000001e-02
  -1.6716000000000002e-02
   1.3969450000000000e-02
   1.7448450000000001e-02
  -7.6523059999999993e-03
  -2.3765550000000000e-02
  -2.1812400000000003e-02
   1.6632100000000000e-03
   1.3290410000000001e-02
   1.1901850000000003e-03
  -1.7745950000000000e-02
  -1.7005900000000001e-02
   6.4392000000000000e-03
   1.8897999999999998e-02
  -1.9607550000000002e-03
  -1.9691449999999999e-02
  -1.7127949999999999e-02
   2.8839149999999999e-03
   1.4121990000000001e-02
  -4.2724500000000014e-04
  -1.7501800000000001e-02
  -1.3389600000000002e-02
   7.1716499999999986e-04
   1.1329660000000000e-02
   1.2313850000000001e-02
  -1.0025010000000001e-02
  -1.9432049999999999e-02
  -9.6130000000000000e-04
   1.4755250000000001e-02
   1.1894209999999999e-02
  -1.8424950000000002e-02
  -2.9998799999999999e-02
  -1.8371550000000000e-02
   1.4877350000000000e-03
   3.4714000000000004e-03
  -1.8768350000000000e-02
  -3.1509400000000000e-02
  -1.8226650000000000e-02
  -4.0588395000000005e-03
   1.9073499999999999e-03
  -2.5238050000000001e-02
  -3.6491400000000000e-02
  -2.2422800000000000e-02
   3.0670175000000002e-03
   1.7456050000000001e-02
   4.9591000000000001e-04
  -1.2527449999999999e-02
  -6.2713600000000001e-03
   1.0147115000000000e-02
   1.6906760000000000e-02
  -1.8920899999999999e-03
  -2.8541549999999999e-02
  -3.1585700000000001e-02
  -1.1718730000000000e-02
   1.5869149999999997e-03
  -1.0360715000000000e-02
  -3.0876149999999998e-02
  -3.3225999999999999e-02
  -7.7972500000000004e-03
   1.1711135000000001e-02
   1.2741099999999997e-03
  -1.7440799999999999e-02
  -1.8997199999999999e-02
   3.6239644999999997e-03
   1.4610310000000000e-02
   1.0177624999999999e-02
  -1.2176500000000000e-02
  -1.6189559999999999e-02
   1.5235900000000000e-02
   3.0654899999999999e-02
   3.1982450000000003e-02
   7.8659049999999994e-03
  -2.3880024999999999e-03
   1.9310000000000001e-02
   3.3409149999999999e-02
   2.7847299999999998e-02
   5.3253199999999997e-03
  -5.3863549999999998e-03
   1.1367800000000001e-02
   3.2836949999999997e-02
   3.6415099999999999e-02
   1.7250050000000003e-02
   1.0070825000000000e-03
   3.7155150000000000e-03
   2.4406450000000000e-02
   3.5026550000000004e-02
   1.3725285000000000e-02
  -2.8839099999999999e-03
  -8.3160400000000002e-03
   7.3928799999999992e-03
   1.8615699999999999e-02
   5.6304950000000001e-03
  -1.2329099999999999e-02
  -6.2484749999999999e-03
   2.3437500000000000e-02
   2.6489249999999999e-02
   1.4595040000000000e-02
  -5.9890750000000000e-03
  -1.2977599999999999e-02
   3.1204250000000000e-03
   1.5533449999999999e-02
   7.4310499999999998e-03
  -1.8112199999999998e-02
  -2.3239150000000000e-02
  -6.7138699999999996e-04
   1.9714349999999999e-02
   1.6494749999999999e-02
  -6.3400200000000000e-03
  -6.7977899999999997e-03
   1.0597209999999999e-02
   2.0889249999999998e-02
   1.6586299999999998e-02
  -1.2329099999999999e-02
  -1.9706700000000001e-02
   1.4266955000000001e-03
   2.1133449999999998e-02
   2.1026599999999999e-02
  -1.8005349999999998e-03
  -1.4785750000000000e-02
  -8.7890649999999987e-03
   5.1422100000000004e-03
   1.0627765000000001e-02
  -1.6944850000000001e-02
  -2.8564449999999998e-02
  -2.0027150000000001e-02
   4.8599250000000002e-03
   1.5625000000000000e-02
  -9.8419499999999999e-04
  -1.6448950000000000e-02
  -1.0292075000000001e-02
   5.1422099999999995e-03
   1.2687680000000000e-02
   5.8746500000000012e-04
  -2.0568850000000000e-02
  -2.3612950000000001e-02
  -2.0217874999999999e-03
   1.5541100000000000e-02
   1.2107870000000000e-02
  -2.5405895000000000e-03
  -2.5100700000000001e-03
   1.8928550000000002e-02
   3.0090300000000000e-02
   1.6601550000000000e-02
  -9.9182000000000003e-04
  -9.1018699999999998e-03
   1.2008649999999999e-02
   2.0713800000000001e-02
   1.4617900000000000e-02
  -8.3541799999999992e-03
  -1.5426650000000000e-02
   7.7820059999999993e-04
   1.7257700000000001e-02
   1.6922000000000000e-02
  -1.1390680000000000e-02
  -1.8905650000000000e-02
  -2.0446750000000001e-03
   1.7829899999999999e-02
   2.6565550000000000e-02
   7.1716499999999986e-04
  -1.5846249999999999e-02
   2.0141624999999996e-03
   2.4116550000000000e-02
   2.8656000000000001e-02
   2.8686499999999999e-03
  -1.6273500000000000e-02
  -3.0670150000000002e-03
   1.1161790000000001e-02
   1.6860950000000000e-02
  -1.9836499999999983e-04
  -2.5100700000000000e-02
  -1.8615699999999999e-02
   3.9215049999999996e-03
   2.1270749999999998e-02
   6.0043100000000005e-03
  -1.5747049999999999e-02
  -1.5716549999999999e-02
   6.4239499999999995e-03
   1.5159599999999999e-02
  -2.8839104999999997e-03
  -1.8302900000000000e-02
  -2.1606449999999999e-02
   6.2408450000000001e-03
   1.5975949999999999e-02
   4.0740949999999998e-03
  -1.7127949999999999e-02
  -1.5205400000000001e-02
   5.4244999999999996e-03
   2.3017900000000001e-02
   1.3153090000000001e-02
  -1.2680034999999999e-02
  -2.6565550000000000e-02
  -2.0027150000000001e-02
  -7.4767849999999997e-03
  -1.4366135000000000e-02
  -3.4927399999999997e-02
  -4.3182350000000001e-02
  -3.0227650000000002e-02
  -9.0637200000000008e-03
  -1.7623899999999997e-03
  -2.7709999999999999e-02
  -3.1379699999999996e-02
  -2.1598800000000001e-02
  -5.8136149999999994e-03
  -6.3400449999999999e-03
  -3.1814549999999997e-02
  -4.7546400000000003e-02
  -3.1974799999999998e-02
  -1.6021750000000002e-03
   1.6265849999999998e-02
  -1.1444100000000002e-03
  -2.1041850000000001e-02
  -2.5230400000000000e-02
  -4.6844499999999997e-03
   7.6294000000000015e-04
  -1.3595590000000001e-02
  -3.1433099999999999e-02
  -2.3994450000000001e-02
  -3.2577499999999998e-03
   7.5836000000000002e-03
  -4.6997150000000001e-03
  -2.3284900000000001e-02
  -2.4749750000000001e-02
  -3.6926300000000001e-03
   7.7514500000000000e-03
  -1.1443999999999994e-04
  -1.6929600000000000e-02
  -1.8173200000000000e-02
   4.1580200000000001e-03
   1.1459350000000000e-02
   6.0196149999999999e-03
  -5.3024279999999997e-03
  -1.1703499999999999e-02
   1.2336750000000000e-02
   2.5100700000000000e-02
   2.4055500000000000e-02
  -2.5939999999999991e-04
  -1.0765085000000001e-02
   6.0806300000000001e-03
   1.3038635000000000e-02
   8.7661600000000003e-03
  -8.7432995000000010e-03
  -1.6174300000000003e-02
  -2.0980850000000000e-03
   1.6448970000000000e-02
   1.5495290000000000e-02
   8.2397499999999979e-04
  -1.6670200000000000e-02
  -1.3092030000000001e-02
   1.3885475000000001e-02
   1.9332900000000000e-02
   9.0789500000000014e-04
  -1.8142700000000001e-02
  -7.2174100000000005e-03
   2.0050050000000000e-02
   3.3348050000000004e-02
   2.1415699999999999e-02
   3.5781850000000002e-03
   4.9819950000000003e-03
   2.0919799999999999e-02
   2.9266350000000003e-02
   1.3671865000000000e-02
  -1.7013550000000001e-03
  -1.0971055000000000e-02
   1.3259904999999999e-02
   2.1491999999999997e-02
   1.8432595000000000e-02
   1.1978149999999996e-03
  -7.4615450000000000e-03
   7.3394549999999999e-03
   2.4612450000000001e-02
   2.0645150000000001e-02
   4.2800899999999994e-03
  -4.2343124999999994e-03
   1.4526400000000000e-02
   2.5527950000000001e-02
   2.4238599999999999e-02
   9.7198249999999996e-03
   1.3435385000000001e-02
   3.1646750000000001e-02
   4.6958899999999998e-02
   4.4860850000000001e-02
   1.9638050000000001e-02
   9.7427450000000006e-03
   1.7990100000000002e-02
   3.3073450000000004e-02
   3.2577549999999997e-02
   1.4167775000000001e-02
  -3.2806499999999978e-04
   6.5688999999999999e-03
   2.4543750000000000e-02
   2.8289800000000000e-02
   1.1123664500000000e-02
  -5.0048599999999999e-03
  -7.6217799999999999e-03
   1.1116035000000000e-02
   2.4780299999999998e-02
   1.2351979999999999e-02
  -6.2713400000000002e-03
  -1.9203149999999999e-02
   6.8435579999999996e-03
   2.7481100000000001e-02
   1.7547605000000001e-02
  -1.6174350000000000e-03
  -1.0482805000000001e-02
   1.2512200000000002e-03
   1.5922499999999999e-02
   3.2043449999999995e-03
  -1.8066400000000000e-02
  -2.7160650000000001e-02
  -9.6893550000000002e-03
   7.1258550000000004e-03
   4.4861099999999998e-03
  -1.7951950000000001e-02
  -1.5472400000000001e-02
   1.6784500000000023e-04
   1.4251685000000000e-02
   1.1749245000000000e-02
  -1.2954719999999999e-02
  -1.9302349999999999e-02
  -8.5449500000000004e-04
   1.0604880000000001e-02
   8.6898610000000001e-03
  -6.5918064999999993e-03
  -1.0589615000000000e-02
   6.9885249999999998e-03
   3.0929550000000000e-02
   3.3187849999999998e-02
   1.2916560000000001e-02
  -3.0746450000000000e-03
  -2.7465500000000006e-04
   1.6349800000000001e-02
   2.5665300000000002e-02
   1.0665900000000001e-02
  -1.4785775000000001e-02
  -9.4833299999999999e-03
   1.4015200000000000e-02
   1.2657155000000000e-02
  -1.2390135000000000e-02
  -2.8579700000000000e-02
  -2.8335599999999999e-02
  -4.2724700000000004e-03
   1.1390685000000001e-02
   1.4648399999999994e-03
  -1.9851649999999998e-02
  -3.1112700000000000e-02
  -3.9672865000000002e-03
   2.0500200000000000e-02
   1.0246264999999999e-02
  -6.1340199999999996e-03
  -1.2405400000000000e-02
   6.0119649999999993e-03
   1.6242949999999999e-02
   8.7661600000000003e-03
  -9.3002199999999997e-03
  -2.5001550000000001e-02
  -1.5785225000000000e-02
   5.7983449999999999e-03
   1.3274949999999997e-03
  -1.8638599999999998e-02
  -2.8526300000000001e-02
  -1.0559105000000001e-02
   1.0658265000000000e-02
   1.5838640000000001e-02
  -7.6904264999999999e-03
  -1.8127450000000000e-02
  -3.2043434999999999e-03
   1.1535665000000001e-02
   1.1032090000000000e-02
  -1.4297505000000000e-02
  -2.1476750000000003e-02
  -5.3253199999999997e-03
   1.9935599999999998e-02
   2.9502849999999997e-02
   1.4823915000000000e-02
  -1.9378649999999998e-03
  -7.0953499999999985e-04
   1.7898549999999999e-02
   2.3689250000000002e-02
  -2.2506700000000002e-03
  -1.9607550000000001e-02
  -2.2254950000000003e-02
   5.7831024999999998e-03
   1.5632625000000001e-02
   4.5318599999999995e-03
  -2.0599400000000000e-02
  -2.9403700000000001e-02
  -7.1792599999999998e-03
   9.8571549999999994e-03
   4.8599150000000002e-03
  -1.8020649999999999e-02
  -2.9083250000000001e-02
  -1.0040279999999999e-02
   1.4717120000000000e-02
   9.4299085000000005e-03
   4.2724500000000014e-04
  -1.0490414999999999e-02
  -3.2959200000000004e-03
   9.2849624999999988e-03
   1.2634265000000000e-02
  -1.0055565000000001e-02
  -2.1057150000000000e-02
  -8.6822700000000006e-03
   1.0505700000000000e-02
   7.2250449999999994e-03
  -1.0704025000000001e-02
  -2.0759550000000002e-02
  -8.4915149999999998e-03
   8.8272005000000001e-03
   1.9134535000000001e-02
  -7.3699700000000000e-03
  -2.3902899999999998e-02
  -1.0719309999999999e-02
   1.3847369999999999e-02
   1.8188454999999999e-02
  -7.3013200000000000e-03
  -1.6410814999999999e-02
  -2.0751950000000002e-03
   2.0065300000000001e-02
   2.7885449999999999e-02
   7.9269400000000004e-03
  -1.1856065000000001e-02
  -1.0902395000000000e-02
   1.5487684999999999e-02
   2.6489249999999999e-02
   7.1563500000000006e-03
  -1.0551435000000000e-02
  -1.6670250000000001e-02
   9.3231000000000008e-03
   3.0059799999999998e-02
   1.8218979999999999e-02
  -4.6157999999999998e-03
  -1.4205920000000000e-02
   1.4114349999999999e-03
   1.6990660000000001e-02
   1.2451169999999999e-02
  -6.8740849999999994e-03
  -1.4183049999999999e-02
  -9.8419000000000024e-04
   1.6952530000000000e-02
   1.5869160000000000e-02
   6.5612500000000002e-04
  -1.5335049999999999e-02
   3.5247805000000001e-03
   1.7837499999999999e-02
   2.1316500000000002e-02
   1.7700200000000002e-03
  -1.1596664999999999e-02
  -6.5460199999999996e-03
   9.5062450000000000e-03
   1.1795052000000000e-02
  -1.6830444999999999e-02
  -2.3849499999999999e-02
  -9.8495650000000011e-03
   1.0581980000000000e-02
   1.5693680000000002e-02
  -8.2549939999999999e-03
  -2.7191199999999999e-02
  -2.3910550000000003e-02
  -6.6299610000000002e-03
   2.7160700000000001e-03
  -1.9760150000000001e-02
  -3.6239649999999998e-02
  -2.8358450000000000e-02
  -7.6828150000000000e-03
   8.0032350000000009e-03
   6.1795000000000079e-04
  -1.4465330000000000e-02
  -9.6435749999999997e-03
   1.6311659999999999e-02
   2.5733950000000002e-02
   1.2840295000000000e-02
  -1.2336750000000000e-02
  -2.5077799999999997e-02
  -8.7661550000000012e-03
   6.7978099999999996e-03
   2.7694900000000003e-03
  -2.1148649999999998e-02
  -3.0983000000000000e-02
  -9.3307299999999989e-03
   4.0969830000000002e-03
  -7.1716000000000011e-04
  -1.8379250000000000e-02
  -3.1791699999999999e-02
  -1.5518150000000001e-02
   6.7901499999999983e-04
   1.3702375000000001e-02
  -4.0435999999999988e-04
  -1.9218449999999998e-02
  -3.8909905000000002e-03
   1.2664785000000001e-02
   1.8714900000000000e-02
   4.8828000000000022e-04
  -2.1347049999999999e-02
  -1.4358500000000000e-02
   5.3787465000000000e-03
   1.1352565000000000e-02
  -1.2153620000000000e-02
  -2.4429349999999999e-02
  -1.5625000000000000e-02
   8.7509000000000007e-03
   2.3437500000000000e-02
   3.5095100000000004e-03
  -1.5830995000000000e-02
  -1.3984679999999999e-02
   9.4756899999999984e-03
   1.9378650000000001e-02
  -1.7547499999999959e-04
  -2.6260400000000003e-02
  -1.8005350000000000e-02
   9.6359199999999992e-03
   2.3841899999999999e-02
   9.1858099999999991e-03
  -1.5052815000000001e-02
  -1.7395050000000002e-02
   6.2942618000000001e-03
   1.8478410000000001e-02
   7.6599099999999998e-03
  -1.6586299999999998e-02
  -2.4948100000000001e-02
  -6.7367345000000000e-03
   1.0063164999999999e-02
   5.0201350000000002e-03
  -2.0248400000000000e-02
  -2.6512149999999998e-02
  -8.3160200000000004e-03
   1.2870765000000001e-02
   1.5274065000000000e-02
  -1.0322590000000000e-02
  -2.2949250000000001e-02
  -1.6426050000000001e-02
  -2.8381349999999999e-03
   6.7596399999999991e-03
  -3.0746400000000000e-03
  -1.1436485000000000e-02
  -2.5863654999999999e-03
   1.3595560000000000e-02
   1.8104570000000000e-02
  -4.6615549999999995e-03
  -2.0446750000000000e-02
  -1.4503500000000001e-02
   5.1193293999999999e-03
   9.0179624999999989e-03
  -2.9296849999999996e-03
  -1.7562899999999999e-02
  -1.3587965000000000e-02
   1.0368329999999999e-02
   1.7669685000000001e-02
   5.4932999999999978e-04
  -1.8142699999999998e-02
  -1.9248950000000001e-02
   1.6174300000000002e-03
   1.5487660000000000e-02
   4.0359699999999998e-03
  -1.9271850000000000e-02
  -2.6756299999999997e-02
  -1.5716550000000004e-03
   2.0637500000000000e-02
   2.0545950000000000e-02
  -3.6544799999999999e-03
  -1.6609200000000001e-02
  -5.0354000000000002e-04
   1.3183600000000000e-02
   9.8266650000000001e-03
  -1.5251180000000000e-02
  -2.4848950000000002e-02
  -1.1672965000000000e-02
  -4.7607550000000002e-03
  -7.6141399999999993e-03
  -2.4574300000000000e-02
  -3.2997149999999996e-02
  -1.3313294999999999e-02
   3.0288699999999999e-03
   5.0658949999999999e-03
  -1.6586295000000001e-02
  -2.9769899999999998e-02
  -2.2666949999999998e-02
  -1.2207030000000001e-02
   6.4849499999999980e-04
  -6.7749099999999994e-03
  -1.6975400000000002e-02
  -1.0566730000000000e-02
   6.3629324000000001e-03
   1.9271860000000002e-02
   3.2577649999999997e-03
  -1.4198305000000000e-02
  -1.3381935000000001e-02
   6.9198849999999998e-03
   1.8333450000000001e-02
  -3.9978100000000001e-03
  -2.3185749999999998e-02
  -2.2117649999999999e-02
   1.8692000000000001e-03
   1.6082780000000001e-02
   3.8223499999999995e-03
  -1.4320369999999999e-02
  -1.5876800000000000e-02
   4.4250499999999972e-04
   9.9868769999999999e-03
   8.1634650000000000e-03
  -2.5085449999999999e-02
  -3.4835850000000002e-02
  -5.6991775000000003e-03
   1.6235375000000000e-02
   1.1428810000000001e-02
  -5.8593749999999991e-03
  -1.9996649999999998e-02
   1.1367800000000000e-03
   1.7677320000000000e-02
   1.3000505000000001e-02
  -8.9645550000000008e-03
  -2.3391750000000003e-02
  -1.0665875000000002e-02
   8.9264118000000007e-03
   1.0398872999999999e-02
  -1.4884935000000000e-02
  -2.2789000000000000e-02
  -1.1123665000000000e-02
   1.3977050000000000e-02
   1.1619590500000001e-02
  -3.8375949999999996e-03
  -1.1161785000000000e-02
  -6.4849900000000004e-03
   3.2808500000000053e-04
   1.8310500000000007e-03
  -2.9144500000000007e-03
  -7.9574349999999988e-03
  -8.8500820000000004e-03
   1.2084975000000000e-02
   2.9533399999999998e-02
   1.3610815000000000e-02
  -1.4572125000000000e-02
  -1.4457690000000000e-02
   9.1857905000000007e-03
   1.8157940000000001e-02
   2.8915599999999996e-03
  -1.6273494999999999e-02
  -1.9531250000000000e-02
   5.9967299999999996e-03
   2.2178650000000001e-02
   1.3854985000000000e-02
  -1.1467005000000001e-02
  -1.5304584999999999e-02
  -2.5939999999999991e-04
   1.6036985000000000e-02
   1.6525285000000001e-02
  -5.8593699999999992e-03
  -1.6754165000000001e-02
   1.0192859500000000e-02
   4.4784549999999999e-02
   4.2640650000000002e-02
   1.8409744999999998e-02
   3.9901850000000003e-03
   1.4915464999999999e-02
   2.9960649999999998e-02
   2.8655999999999997e-02
   8.9339965000000011e-03
   9.9182000000000003e-04
   5.7907050000000002e-03
   2.2857700000000002e-02
   2.9128999999999999e-02
   4.2419499999999995e-03
  -9.7656400000000008e-03
   4.2038099999999997e-03
   2.6710500000000002e-02
   3.3515950000000003e-02
   9.3383549999999996e-03
  -9.2620999999999988e-03
  -6.8283110000000001e-03
   6.6528495000000003e-03
   7.4844300000000002e-03
  -1.1833175000000000e-02
  -1.8623334999999998e-02
  -1.3015750000000000e-02
   1.4411935000000001e-02
   3.3592200000000003e-02
   1.5716569999999999e-02
  -6.7901564999999992e-03
  -9.0026849999999999e-03
   7.6599199999999997e-03
   2.1614049999999999e-02
   6.8206750000000009e-03
  -1.4678955000000000e-02
  -2.6008600000000000e-02
  -5.0964299999999999e-03
   1.1764515000000000e-02
   7.6980649999999996e-03
  -1.3809220000000001e-02
  -2.3605350000000001e-02
  -5.9432920000000002e-03
   9.9487199999999994e-03
   1.0330215000000000e-02
  -1.4770520000000001e-02
  -2.8640750000000000e-02
  -1.7700199999999999e-02
   1.2359700000000003e-03
   1.0986345000000000e-02
  -6.4620950000000002e-03
  -1.4801010000000000e-02
  -2.3269550000000003e-03
   1.7433150000000001e-02
   1.1474615000000001e-02
  -6.9961749999999994e-03
  -2.6794450000000001e-02
  -2.1194450000000000e-02
  -8.8503500000000016e-04
   6.5689249999999998e-03
  -8.6288200000000006e-03
  -2.2430449999999998e-02
  -2.1789549999999998e-02
  -8.2398000000000020e-04
   4.9285949999999992e-03
  -1.6174299999999999e-02
  -3.1829799999999998e-02
  -2.9235850000000001e-02
  -6.0806440000000005e-03
   6.9732654999999999e-03
  -1.0665885000000000e-02
  -2.2537250000000002e-02
  -1.9050600000000001e-02
   2.5482149999999995e-03
   1.6181945000000000e-02
   9.4222899999999998e-03
  -1.8631000000000002e-02
  -1.6586299999999998e-02
   6.5612999999999999e-04
   5.3710800000000003e-03
   2.8989999999999919e-04
  -1.8157960000000001e-02
  -2.6191699999999998e-02
  -5.3481830000000003e-03
   1.4602680000000000e-02
   9.7351274999999994e-03
  -8.4991200000000006e-03
  -1.8196100000000000e-02
  -1.1291500000000002e-03
   2.1675099999999999e-02
   2.1354650000000003e-02
   5.7449210000000001e-03
  -1.0116580000000000e-02
  -9.2086949999999994e-03
   8.6135650000000001e-03
   2.9060349999999999e-02
   1.9203200000000000e-02
   5.6991435000000000e-03
   1.2916560000000001e-02
   2.8816200000000000e-02
   3.5621649999999998e-02
   1.4678970000000000e-02
  -8.6059550000000002e-03
  -1.0581970000000000e-02
   1.1535620000000000e-02
   2.0889300000000000e-02
   6.1950650000000005e-03
  -1.4121994999999998e-02
  -1.5129099999999999e-02
   6.0424935000000001e-03
   1.2298560000000000e-02
  -4.9438399999999997e-03
  -2.1644600000000000e-02
  -2.1675100000000003e-02
   7.2479499999999987e-04
   7.6446685000000000e-03
  -9.3612739999999993e-03
  -3.0853300000000000e-02
  -2.6382449999999998e-02
  -4.4784300000000003e-03
   1.6532910000000001e-02
   1.4289880000000000e-02
  -6.3400099999999992e-03
  -1.7562889999999998e-02
  -4.1656499999999999e-03
   9.0484699999999994e-03
   6.2865999999999998e-03
  -1.5380865000000001e-02
  -3.1005850000000001e-02
  -2.0820599999999998e-02
  -3.8147000000000007e-04
   4.4403350000000001e-03
  -7.2021699999999999e-03
  -2.1644549999999999e-02
  -1.4816275000000000e-02
   7.6751850000000002e-03
   1.2443520000000000e-02
  -1.0162334500000000e-02
  -2.8945949999999998e-02
  -3.0662550000000000e-02
  -8.6517344999999992e-03
   7.5759699999999996e-03
   3.2500999999999997e-03
  -1.1962910000000000e-02
   6.4086999999999998e-04
   1.9531250000000000e-02
   1.7158525000000001e-02
   1.9226249999999999e-03
  -2.3857150000000001e-02
  -3.7109400000000001e-02
  -3.0235300000000000e-02
  -2.8640750000000000e-02
  -5.6297299999999995e-02
  -8.1459050000000005e-02
  -9.2803949999999996e-02
  -7.4760450000000006e-02
  -6.8748450000000003e-02
  -8.7524400000000002e-02
  -1.1071800000000000e-01
  -1.1652400000000000e-01
  -9.3635549999999998e-02
  -8.4419250000000001e-02
  -8.7173450000000000e-02
  -1.0861999999999999e-01
  -1.1536399999999999e-01
  -1.0680400000000001e-01
  -8.4297199999999989e-02
  -8.5029600000000011e-02
  -1.0225660000000000e-01
  -1.0395850000000001e-01
  -8.6792000000000008e-02
  -6.2843350000000006e-02
  -6.3209500000000002e-02
  -8.3305350000000000e-02
  -9.9471900000000002e-02
  -8.5289000000000004e-02
  -6.1470000000000004e-02
  -6.5666200000000008e-02
  -7.5576749999999998e-02
  -8.1954949999999999e-02
  -6.0981750000000001e-02
  -2.8892549999999996e-02
  -2.3895300000000001e-02
  -3.9459250000000001e-02
  -5.3161600000000003e-02
  -5.3977949999999997e-02
  -2.8816250000000002e-02
  -1.7593365000000000e-02
  -2.1408099999999999e-02
  -3.8040199999999996e-02
  -3.1967150000000000e-02
  -4.8751999999999997e-03
   1.8081650000000000e-03
   1.7776549999999999e-03
  -9.1094750000000006e-03
  -1.4335644999999999e-02
   8.0795399999999996e-03
   2.3994450000000001e-02
   2.2232050000000000e-02
   9.1476260000000007e-03
   1.4472950000000002e-02
   2.7183550000000001e-02
   4.2968750000000000e-02
   3.5766599999999996e-02
   3.0135899999999996e-03
  -4.3258550000000000e-03
   2.2109999999999998e-02
   4.7332800000000001e-02
   4.4380199999999995e-02
   1.2893673499999999e-02
   3.5324200000000001e-03
   2.0553600000000002e-02
   3.7223800000000001e-02
   4.4197050000000002e-02
   2.0355240000000000e-02
   1.3481160000000001e-02
   3.1333949999999999e-02
   4.7882050000000002e-02
   5.9524499999999994e-02
   4.1305550000000003e-02
   3.4851050000000001e-02
   3.3988950000000004e-02
   5.5938750000000002e-02
   6.6688549999999999e-02
   4.0481549999999998e-02
   2.7252199999999997e-02
   3.0006449999999997e-02
   5.4939250000000002e-02
   6.0043350000000002e-02
   4.5539850000000000e-02
   2.7824399999999999e-02
   2.3986850000000001e-02
   4.3792749999999998e-02
   4.8904450000000002e-02
   3.9581300000000000e-02
   2.6863100000000001e-02
   1.9042949999999999e-02
   3.3782949999999999e-02
   5.9440649999999998e-02
   5.4405200000000001e-02
   3.1723050000000003e-02
   2.9968249999999998e-02
   3.8650500000000004e-02
   4.7233549999999999e-02
   4.3083200000000002e-02
   3.6369349999999995e-02
   2.5054949999999999e-02
   4.6287500000000002e-02
   5.8242799999999997e-02
   6.1202999999999994e-02
   3.7689199999999999e-02
   2.3773200000000001e-02
   3.5964950000000002e-02
   6.7749000000000004e-02
   6.8458549999999993e-02
   3.6819450000000004e-02
   2.5527950000000001e-02
   4.6340950000000006e-02
   6.3835150000000007e-02
   7.4752800000000008e-02
   5.3733799999999998e-02
   2.9731749999999998e-02
   3.4912100000000001e-02
   5.2749649999999995e-02
   6.6955550000000003e-02
   6.5536499999999998e-02
   2.4703949999999999e-02
   3.4561149999999999e-02
   6.4445500000000003e-02
   6.4178449999999998e-02
   4.7515849999999998e-02
   3.8352949999999997e-02
   3.0281050000000000e-02
   4.2655899999999997e-02
   5.2764850000000002e-02
   3.5652150000000001e-02
   9.2315800000000014e-03
  -6.3324000000000019e-04
   1.8463150000000001e-02
   2.9861450000000001e-02
   1.6380334999999999e-02
  -1.8310499999999981e-04
  -1.2962325000000000e-02
   6.2484550000000000e-03
   2.3086550000000001e-02
   2.0530699999999999e-02
   4.6997099999999993e-03
  -5.2032450000000004e-03
   3.1738260000000003e-03
   1.8493650000000000e-02
   1.7135640000000001e-02
  -1.1444100000000000e-02
  -2.4391200000000002e-02
  -9.6969399999999994e-03
   8.3846800000000003e-03
   1.2855520000000000e-02
   3.6849850000000004e-03
  -9.9944999999999999e-03
   6.4392059999999994e-03
   2.4848950000000002e-02
   3.1730649999999999e-02
   7.7896150000000006e-03
  -6.2179750000000006e-03
   2.0599345000000000e-03
   2.4856549999999998e-02
   3.6445649999999996e-02
   1.4373795000000002e-02
  -2.0217884999999998e-03
   3.3721899999999997e-03
   2.4993899999999999e-02
   3.1631449999999998e-02
   2.1347049999999999e-02
  -4.4555699999999998e-03
  -5.4626450000000003e-03
   1.9912699999999998e-02
   2.0271299999999999e-02
   4.4250500000000016e-04
  -1.6456600000000002e-02
  -1.9790650000000000e-02
   1.6937250000000001e-03
   1.3053890000000000e-02
   5.1040449999999998e-03
  -1.6632100000000000e-02
  -2.1034250000000001e-02
  -3.8144999999999846e-05
   1.4114385000000000e-02
   1.0780315000000000e-02
  -1.2748730000000000e-02
  -2.2727950000000000e-02
  -2.5405860000000001e-03
   1.9081149999999998e-02
   1.4167765000000001e-02
  -1.0375995000000001e-02
  -1.8478399999999999e-02
  -3.9443949999999998e-03
   1.6761800000000000e-02
   2.4055500000000000e-02
  -6.3323999999999976e-04
  -2.0339949999999999e-02
  -7.7514649999999999e-03
   7.0800849999999999e-03
   1.8485999999999999e-02
