  -9.5520099999999997e-03
   1.2451165000000000e-02
   2.7908299999999997e-02
   1.9683800000000001e-02
   2.8381344999999997e-03
  -5.5160550000000006e-03
   1.2130700000000001e-03
   1.1344890000000000e-02
   1.0643010000000000e-02
  -1.1230455000000000e-02
  -1.9836399999999997e-02
   2.0751950000000002e-03
   1.9683849999999999e-02
   1.5365614999999999e-02
  -5.5770850000000007e-03
  -1.5876750000000002e-02
  -5.9890750000000000e-03
   9.0102959999999992e-03
   6.7291499999999997e-03
  -1.4427189999999999e-02
  -2.5825500000000001e-02
  -5.6762700000000006e-03
   1.3015765000000000e-02
   1.7868050000000000e-02
   3.7383999999999985e-04
  -1.9126850000000001e-02
  -9.6511949999999996e-03
   7.4691799999999997e-03
   7.2479244999999999e-03
  -7.1868950000000004e-03
  -2.1087649999999999e-02
  -1.1238100000000001e-02
   1.8623350000000000e-02
   2.5878899999999996e-02
   9.0637439999999986e-03
  -6.0577145000000002e-03
  -5.5313149999999993e-03
   8.4228549999999999e-03
   9.3612464999999999e-03
  -5.1422100000000004e-03
  -1.7265300000000001e-02
  -1.5762350000000001e-02
  -3.7384044000000000e-03
   3.8452399999999998e-03
  -6.9732549999999994e-03
  -1.3404835000000000e-02
  -8.4762799999999992e-03
   1.1276240000000000e-02
   2.0301830000000000e-02
   1.5190115000000001e-02
  -4.9591004999999999e-03
  -1.1650100000000000e-02
   3.0517999999999973e-04
   9.6969500000000011e-03
   3.8909899999999996e-03
  -1.5930150000000001e-02
  -2.3239099999999999e-02
  -2.3269650000000003e-03
   1.9134499999999999e-02
   1.8554664999999998e-02
  -3.2501000000000001e-03
  -1.9668550000000000e-02
  -7.7972400000000004e-03
   1.7364499999999998e-02
   1.5693659999999998e-02
  -1.3793949999999999e-02
  -2.6260400000000003e-02
  -1.7074599999999999e-02
   1.2290930000000000e-02
   2.6206950000000000e-02
   6.7367399999999997e-03
  -4.8828140000000001e-03
  -3.8909889999999996e-03
   1.3381964999999999e-02
   1.8547080000000001e-02
  -1.5259999999999579e-05
  -1.8463150000000001e-02
  -1.8013000000000001e-02
   2.8915399999999997e-03
   1.2100235000000001e-02
   2.6016349999999997e-03
  -1.2573235000000000e-02
  -1.6380300000000000e-02
   5.2337495000000000e-03
   1.6357440000000001e-02
   4.6386900000000000e-03
  -9.1018850000000005e-03
  -1.3473499999999999e-02
   3.8375900000000001e-03
   1.4183039999999999e-02
   6.2332400000000001e-03
  -9.8648299999999998e-03
  -1.1642449999999999e-02
   1.0849005000000000e-02
   2.5878900000000000e-02
   2.3155200000000001e-02
  -4.4479376000000001e-03
  -1.6403200000000000e-02
  -2.5253250000000001e-03
   1.0406489999999999e-02
   3.6010800000000000e-03
  -1.8447850000000002e-02
  -2.7458200000000002e-02
  -1.7250049999999999e-02
   3.2348650000000000e-03
   8.3389450000000004e-03
  -1.7410300000000000e-02
  -3.3531199999999997e-02
  -2.0927450000000000e-02
  -1.1444099999999998e-03
   1.1970520000000000e-02
  -7.0877164999999997e-03
  -2.9609650000000001e-02
  -2.4276699999999998e-02
   1.7776500000000002e-03
   1.5808124999999999e-02
  -1.5640300000000001e-03
  -1.6006449999999998e-02
  -1.4373799999999999e-02
   6.7367640000000001e-03
   1.5975949999999999e-02
   3.9291499999999993e-03
  -1.6777050000000002e-02
  -2.0759600000000003e-02
  -4.2572019500000001e-03
   7.5683835000000003e-03
  -3.7231650000000001e-03
  -1.8440250000000002e-02
  -1.9790650000000000e-02
   3.0212399999999997e-03
   2.0225500000000000e-02
   1.4587414999999999e-02
  -1.4862074999999999e-02
  -1.9615149999999998e-02
  -3.9596540000000000e-03
   1.3275160000000001e-02
   6.8893209999999995e-03
  -1.2481684999999999e-02
  -1.5884400000000000e-02
   1.2512195000000002e-03
   2.1476750000000003e-02
   2.3506150000000000e-02
  -6.4926150000000002e-03
  -2.4238599999999999e-02
  -1.4266999999999998e-02
   2.3879999999999995e-03
   5.8441100000000005e-03
  -2.2010800000000001e-02
  -3.5858149999999998e-02
  -2.1049499999999999e-02
   5.6457499999999989e-04
   9.8190110000000008e-03
  -9.5596249999999987e-03
  -2.6702900000000002e-02
  -2.1652200000000000e-02
  -8.3925000000000102e-05
   6.4773449999999998e-03
  -6.4697079999999994e-03
  -2.4055449999999999e-02
  -1.7166149999999998e-02
   2.1286000000000005e-03
   9.1476270000000002e-03
  -7.9193344999999998e-03
  -2.0034799999999998e-02
  -1.8493650000000000e-02
   8.2550149999999992e-03
   2.4436949999999999e-02
   1.5388475000000000e-02
  -2.7999899999999996e-03
  -9.9487550000000001e-03
  -1.2359650000000003e-03
   5.1269549999999999e-03
  -4.4250699999999997e-03
  -1.7227150000000000e-02
  -2.6580800000000002e-02
  -9.2163250000000009e-03
   4.5166099999999999e-03
  -5.2032499999999995e-03
  -2.1179199999999999e-02
  -2.3445149999999998e-02
  -2.0141595000000003e-03
   1.6601550000000000e-02
   1.8539550000000000e-03
  -2.2140500000000000e-02
  -2.4765050000000000e-02
  -3.7384050000000002e-03
   2.2026100000000000e-02
   2.2598250000000000e-02
   4.5013499999999994e-04
  -1.1940019999999999e-02
  -1.9378650000000000e-03
   8.5449200000000010e-03
   1.2809774999999999e-02
  -7.5073469499999995e-03
  -2.2842450000000000e-02
  -1.7677300000000000e-02
   3.3416750000000005e-03
   8.0108699999999998e-03
  -5.8440949999999997e-03
  -1.4251699999999999e-02
  -1.2344350000000000e-02
   3.4408559999999999e-03
   1.3076774999999999e-02
  -3.2043249999999996e-03
  -1.8859850000000001e-02
  -2.7702350000000001e-02
  -7.5988899999999996e-03
   5.8441150000000004e-03
  -6.8130550000000002e-03
  -1.9294749999999999e-02
  -2.0332349999999999e-02
   4.5318349999999997e-03
   2.8587300000000000e-02
   2.7946449999999998e-02
  -5.8975329999999999e-03
  -2.0347600000000000e-02
  -2.8533899999999999e-03
   5.7296700000000001e-03
  -1.7699949999999999e-03
  -2.0118749999999998e-02
  -2.3300149999999999e-02
  -7.1334699999999994e-03
   1.0238650000000000e-02
   7.1029800000000001e-03
  -1.3183580000000000e-02
  -2.1865849999999999e-02
  -9.9487050000000004e-03
   7.4997105000000003e-03
   6.5154899999999996e-03
  -1.2634264999999999e-02
  -1.6616849999999999e-02
  -2.7465950000000008e-04
   2.0912149999999997e-02
   2.8312699999999996e-02
   2.9296850000000004e-03
  -1.6738900000000001e-02
  -1.3938895000000000e-02
   5.2337550000000005e-03
   1.1466994999999999e-02
  -9.6587949999999995e-03
  -2.4215700000000000e-02
  -2.2689800000000000e-02
   1.9302350000000002e-03
   1.5602119999999999e-02
   4.4479450000000000e-03
  -9.9640049999999997e-03
  -1.1283860000000000e-02
   2.5634799999999999e-03
   1.2680070000000000e-02
   6.9046206000000004e-03
  -4.0512099999999995e-03
  -1.4793400000000000e-02
   4.3487531999999995e-03
   1.3153059999999999e-02
   1.0032673999999998e-02
  -4.5776500000000017e-04
  -8.1787000000000006e-03
   1.2390135000000000e-02
   2.7992250000000000e-02
   2.6527450000000001e-02
   1.6555749999999998e-03
   1.7700200000000000e-03
   3.4027100000000002e-03
   1.8424950000000002e-02
   1.1146569500000000e-02
  -7.7438250000000002e-03
  -1.1978135000000001e-02
   4.0130605000000003e-03
   1.9287100000000001e-02
   1.0879520000000000e-02
  -1.1749285000000000e-02
  -1.9035349999999999e-02
  -4.4555649999999999e-03
   1.1604330000000000e-02
   1.6975404999999999e-02
  -1.2359599999999995e-03
  -1.4556900000000001e-02
  -4.9285900000000001e-03
   1.9706750000000002e-02
   2.9159549999999999e-02
   8.5296599999999997e-03
  -1.3328534999999999e-02
  -1.3191250000000002e-02
   8.7737900000000001e-03
   1.7814654999999999e-02
   4.4632149999999995e-03
  -1.0368354999999999e-02
  -1.2016300000000001e-02
   2.6397700000000001e-03
   1.0253905000000001e-02
  -7.8582700000000005e-03
  -2.5764450000000001e-02
  -3.4324649999999998e-02
  -1.6784700000000000e-02
  -2.1057100000000002e-03
  -7.8506300000000008e-03
  -2.0957949999999999e-02
  -2.1377550000000002e-02
  -5.4550049999999997e-03
   1.1764550000000000e-02
   5.7754350000000006e-03
  -5.5618150000000003e-03
  -1.1001590000000000e-02
  -5.3405000000000293e-05
   1.6700739999999999e-02
   2.1179150000000001e-02
  -4.7302049999999995e-03
  -1.6265849999999998e-02
  -5.6075854999999997e-03
   1.5533430000000001e-02
   1.5792870000000001e-02
  -1.1283860000000000e-02
  -2.2941550000000002e-02
  -5.5465699999999998e-03
   1.1962890000000000e-02
   1.0314954999999999e-02
  -8.1253005000000000e-03
  -1.7517100000000001e-02
  -6.8359600000000003e-03
   1.2046825000000001e-02
   1.9340500000000000e-02
  -3.2043650000000003e-03
  -1.8714900000000000e-02
  -1.8363999999999998e-02
   5.9966995000000000e-03
   1.9882199999999999e-02
   1.0192880000000000e-02
  -7.8430349999999999e-03
  -1.1505125000000001e-02
   8.4609799999999999e-03
   1.7883300000000001e-02
   3.3264200000000001e-03
  -1.8478349999999998e-02
  -1.7120349999999999e-02
  -3.7231465000000003e-03
   3.6163499999999999e-03
  -8.1176850000000012e-03
  -2.3262049999999999e-02
  -2.7862550000000000e-02
  -1.0856649999999999e-02
   3.2119650000000002e-03
   1.8920899999999999e-03
  -2.1812449999999997e-02
  -3.0899049999999997e-02
  -1.0383594999999999e-02
   3.7613150000000003e-03
   6.2637200000000004e-03
  -2.3651149999999997e-03
  -7.0266700000000005e-03
   9.4604600000000004e-03
   2.8350849999999997e-02
   1.9943215000000000e-02
  -1.8997199999999997e-03
  -1.1230465000000000e-02
   4.1198499999999991e-04
   1.9515999999999999e-02
   2.6641850000000002e-02
   6.4315750000000001e-03
  -1.5968300000000001e-02
  -7.0648349999999993e-03
   1.2840265000000000e-02
   1.6754129999999999e-02
  -1.6098049999999997e-03
  -1.6113300000000001e-02
  -1.2001000000000000e-02
   5.3863349999999999e-03
   2.2735599999999998e-02
   2.0294149999999997e-03
  -1.9233699999999999e-02
  -1.6899100000000000e-02
   7.8353799999999994e-03
   1.9927955000000001e-02
   8.7585540000000000e-03
  -6.9427500000000006e-04
  -1.3122550000000000e-03
   2.0286550000000000e-02
   2.2254950000000003e-02
   1.5380840000000000e-02
  -9.0027000000000032e-04
  -1.1878965000000000e-02
   5.7220450000000003e-03
   2.1545399999999999e-02
   1.8310529999999998e-02
   3.4408550000000005e-03
  -6.2255850000000005e-03
  -4.1351319499999999e-03
   4.6997050000000002e-03
   5.3710749999999995e-03
  -6.9046236499999995e-03
  -1.4785744999999999e-02
   1.8386850000000001e-03
   1.3961770000000000e-02
   2.1415705000000000e-02
   7.2784450000000006e-03
  -2.6016249999999998e-03
   5.8746400000000004e-03
   2.1179199999999999e-02
   2.2056550000000001e-02
   3.6392300000000002e-03
  -1.2916580000000000e-02
  -7.6751750000000002e-03
   9.0561144999999985e-03
   7.7896050000000007e-03
   1.2207000000000016e-04
  -1.2268060000000001e-02
  -7.2250349999999994e-03
   1.1863729999999999e-02
   2.1842950000000000e-02
   5.5847349999999995e-03
  -1.1726390000000000e-02
  -7.5683749999999996e-03
   1.7517100000000001e-02
   2.6649500000000000e-02
   1.7501810000000000e-02
  -3.3416744999999999e-03
  -1.2809770000000000e-02
   1.3137840000000001e-02
   3.1951899999999998e-02
   2.1469149999999999e-02
   6.2637469500000003e-03
   3.0593850000000000e-03
   1.9256549999999997e-02
   3.1974799999999998e-02
   1.7379739999999998e-02
  -1.5335100000000001e-03
  -1.1833200000000000e-02
   3.1661985000000000e-03
   1.3839735000000001e-02
   9.1018699999999998e-03
  -4.9896005000000000e-03
  -1.0124195000000001e-02
   2.2430400000000000e-03
   1.8981950000000001e-02
   1.6242955000000000e-02
  -4.8599400000000001e-03
  -1.7303499999999999e-02
  -8.4457549999999992e-03
   5.5313350000000001e-03
   3.7002349999999996e-03
  -1.5502945000000001e-02
  -1.4129599999999999e-02
  -3.6163343999999998e-03
   1.6471850000000000e-02
   2.5032050000000000e-02
   1.6708350000000003e-03
  -1.1161794999999999e-02
  -6.9045999999999995e-03
   3.6773650000000001e-03
   1.1886585000000000e-02
  -3.0060000000000004e-03
  -2.6313799999999998e-02
  -3.0799850000000000e-02
  -8.2626350000000008e-03
   6.4087999999999992e-04
  -1.5518215000000002e-02
  -3.4851050000000001e-02
  -3.5110450000000001e-02
  -1.5991200000000001e-02
  -3.0288500000000000e-03
  -1.2512199999999999e-02
  -2.7755750000000003e-02
  -3.7620550000000003e-02
  -1.3504050000000000e-02
   6.3552850000000004e-03
   3.4332300000000002e-03
  -1.5045199999999998e-02
  -2.1911649999999998e-02
  -6.5154999999999996e-03
   1.1840830000000000e-02
   8.8119724999999993e-03
  -1.4709455000000000e-02
  -2.3422249999999999e-02
  -9.5062400000000009e-03
   5.7754699999999996e-03
   1.0299500000000000e-03
  -1.8325800000000000e-02
  -2.3437500000000000e-02
  -1.0414145000000000e-02
   2.4719200000000003e-03
   8.5067885000000010e-03
  -1.1589030000000000e-02
  -3.4057649999999995e-02
  -2.6298550000000000e-02
  -8.5144050000000009e-03
  -6.6604684999999999e-03
  -2.8923049999999999e-02
  -3.4873950000000001e-02
  -2.4398799999999998e-02
   1.7929100000000002e-03
   5.7983549999999998e-03
  -6.4926350000000001e-03
  -2.0301800000000002e-02
  -2.4314900000000000e-02
  -2.0751950000000002e-03
   7.7820000000000016e-04
  -2.1179199999999999e-02
  -3.3035250000000002e-02
  -3.8757300000000001e-02
  -1.5296950000000000e-02
  -4.9438699999999995e-03
  -1.6326890000000000e-02
  -3.0349750000000002e-02
  -3.3767699999999998e-02
  -2.0622250000000002e-02
  -9.5519990000000003e-03
  -1.1322030000000000e-02
  -2.8541600000000000e-02
  -3.9405800000000005e-02
  -2.3223899999999999e-02
  -6.0272499999999927e-04
   2.6092450000000001e-03
  -1.3504044999999999e-02
  -2.5001550000000001e-02
  -1.4915450000000000e-02
  -5.5770749999999999e-03
  -2.1591399999999995e-03
  -2.0942699999999998e-02
  -2.8587349999999997e-02
  -2.0637550000000001e-02
  -4.6920899999999995e-03
   5.0277500000000010e-03
  -1.5762334999999999e-02
  -2.9335050000000001e-02
  -2.5085450000000002e-02
  -6.3323850000000003e-03
  -2.1286000000000005e-03
  -1.7425554999999999e-02
  -3.5400399999999999e-02
  -3.2020599999999996e-02
  -1.2474040000000000e-02
  -9.3688729999999998e-03
  -2.5344850000000002e-02
  -3.2356250000000003e-02
  -1.7173749999999998e-02
   1.0803205000000000e-02
   2.7954099999999999e-02
   1.2878404999999999e-02
  -2.5787350000000000e-03
  -6.7214950000000001e-03
   1.0383610000000000e-02
   1.8684400000000000e-02
   4.0130449999999998e-03
  -1.3237005000000000e-02
  -1.8623350000000000e-02
   3.7841784999999998e-03
   2.1995500000000001e-02
   1.6143774999999999e-02
  -5.9661799999999997e-03
  -1.1955275000000001e-02
   5.6076049999999999e-03
   1.9004850000000000e-02
   7.7743300000000003e-03
  -7.7133149999999992e-03
  -1.8646250000000003e-02
  -4.9285900000000001e-03
   7.8811849999999989e-03
   1.6784685000000001e-02
   9.8419000000000024e-04
  -9.8190250000000003e-03
   2.9754500000000019e-04
   1.5052774999999999e-02
   2.1255500000000000e-02
   4.0435899999999997e-03
  -6.2789899999999999e-03
   3.3950800000000000e-03
   1.8440249999999998e-02
   2.0065300000000001e-02
   1.8386899999999996e-03
  -6.4697254999999997e-03
  -3.2805999999999981e-04
   2.3223899999999999e-02
   3.4217850000000001e-02
   2.2110000000000001e-02
   7.1258750000000003e-03
   4.2877190000000006e-03
   2.0332300000000001e-02
   2.5878900000000003e-02
   1.1093150000000001e-02
  -8.3160250000000012e-03
  -4.8522949999999995e-03
   2.1583550000000000e-02
   3.2196050000000004e-02
   2.1888750000000002e-02
   6.5078649999999998e-03
   2.2430400000000000e-03
   1.7326349999999997e-02
   2.9624949999999997e-02
   2.4734500000000000e-02
  -2.9296849999999996e-03
  -1.4038050000000000e-02
   2.8152450000000001e-03
   1.5579244999999999e-02
   1.2199400000000001e-02
  -6.3476645000000000e-03
  -1.6174299999999999e-02
  -1.9912699999999998e-03
   1.1566145000000000e-02
   1.3649000000000000e-02
  -1.1817909999999999e-02
  -2.8060900000000000e-02
  -1.8081649999999998e-02
   3.5324300000000000e-03
   1.1665366500000000e-02
  -2.6550549999999999e-03
  -1.2809745000000001e-02
   2.7313199999999998e-03
   1.9821150000000003e-02
   2.3468000000000003e-02
   1.4953499999999995e-03
  -1.1550925000000000e-02
  -9.0026650000000000e-03
   1.0017369999999999e-02
   1.4183060000000001e-02
  -2.9297100000000003e-03
  -1.9142150000000000e-02
  -1.6082800000000001e-02
   1.7776550000000004e-03
   1.0673505000000000e-02
  -5.9127850000000003e-03
  -1.3572705000000001e-02
  -2.2323599999999999e-02
  -9.2849849999999991e-03
   1.9835999999999994e-03
  -7.6141549999999992e-03
  -2.3071300000000003e-02
  -1.7066950000000001e-02
   9.7274600000000003e-03
   2.6001000000000000e-02
   1.8089270000000001e-02
   1.4724899999999995e-03
  -5.6686400000000000e-03
   1.0177625000000001e-02
   2.1888750000000002e-02
   1.7082215000000001e-02
  -1.9302400000000002e-03
  -1.1215195000000001e-02
   4.4708249999999995e-03
   1.9607550000000001e-02
   2.2529600000000000e-02
   6.0271999999999973e-04
  -8.0718999999999999e-03
  -2.4642900000000001e-03
   8.9187450000000005e-03
   1.5617390000000000e-02
  -8.5067555000000010e-03
  -2.0301850000000000e-02
  -1.3458250000000000e-02
   7.9803300000000008e-03
   1.9439700000000001e-02
  -6.0272000000000017e-04
  -9.6969399999999994e-03
  -4.6005249999999994e-03
   9.1934249999999999e-03
   1.8066420000000000e-02
   2.8762999999999996e-03
  -1.8119850000000000e-02
  -1.7555250000000001e-02
  -2.8076150000000003e-03
   5.0735549999999996e-03
  -7.7438250000000002e-03
  -2.4086000000000000e-02
  -2.1240250000000002e-02
   1.3961800000000001e-03
   8.1863450000000011e-03
  -3.7383999999999942e-04
  -1.5838650000000003e-02
  -2.8076150000000001e-02
  -3.3798199999999995e-03
   9.8419300000000005e-03
   5.6457299999999998e-03
  -8.1939700000000001e-03
  -7.1182250000000006e-03
   1.3160684999999998e-02
   3.0403150000000000e-02
   2.5596599999999997e-02
   5.9661699999999998e-03
  -2.5787350000000004e-03
   1.3977050000000001e-02
   2.2377000000000001e-02
   1.7829919999999999e-02
   2.2430400000000000e-03
  -5.1956150000000006e-03
   8.4380899999999988e-03
   2.5421149999999997e-02
   2.6481650000000002e-02
   2.9220349999999999e-03
  -1.1817919999999999e-02
  -3.7155155000000001e-03
   1.8257150000000000e-02
   2.6794449999999997e-02
   1.0597209999999999e-02
  -1.4496000000000018e-04
   3.0517564999999998e-03
   1.3298029999999999e-02
   1.6693130000000000e-02
  -2.7084500000000003e-03
  -1.5617360000000000e-02
  -6.2179549999999998e-03
   1.4778115000000000e-02
   2.7236900000000001e-02
   2.0683250000000000e-02
   2.8915400000000002e-03
   4.0588400000000002e-03
   2.4414050000000000e-02
   3.5797099999999998e-02
   2.2186250000000001e-02
   4.1046160000000002e-03
  -7.6751649999999994e-03
   1.1962895000000001e-02
   2.4894699999999999e-02
   1.8218999999999999e-02
   2.6702850000000001e-03
  -8.5830550000000009e-03
   4.5166009999999994e-03
   1.6952534999999998e-02
   6.8282900000000007e-03
  -1.4480590000000000e-02
  -2.2453299999999999e-02
  -1.0025019999999999e-02
   9.7045799999999991e-03
   1.1260965000000000e-02
  -4.2342949999999999e-03
  -1.5724149999999999e-02
  -2.0065295000000001e-03
   1.8333450000000001e-02
   1.7791749999999999e-02
  -4.7454845000000001e-03
  -1.7395000000000001e-02
  -8.1711000000000006e-03
   1.5007000000000000e-02
   2.2567750000000001e-02
   1.1672989999999999e-02
  -1.5258790000000002e-03
  -1.2283350000000001e-03
   1.1810325000000000e-02
   1.5907310000000001e-02
  -2.6245299999999999e-03
  -1.5640250000000001e-02
  -1.1848444999999999e-02
   5.5999699999999993e-03
   1.2130749499999999e-02
   7.1640100000000002e-03
  -3.4866299999999997e-03
  -1.2054464999999999e-03
   1.7143199999999997e-02
   2.9304500000000001e-02
   1.6418479999999999e-02
  -3.1280499999999998e-04
  -1.2924200000000000e-02
   4.4250499999999998e-03
   1.4335610000000000e-02
   6.2561000000000005e-03
  -3.1890899999999999e-03
  -4.2648304999999996e-03
   1.4106740000000000e-02
   3.1257649999999998e-02
   2.6061999999999998e-02
   2.6321399999999998e-03
  -6.0424649999999995e-03
   3.1051619999999999e-03
   2.1743749999999999e-02
   1.7906180000000001e-02
  -3.0517499999999998e-04
  -1.4221200000000000e-02
   4.6997100000000002e-03
   3.1784100000000003e-02
   4.0473949999999995e-02
   1.9584650000000002e-02
   9.8419249999999996e-03
   1.9264250000000000e-02
   3.2073949999999997e-02
   3.6987300000000001e-02
   2.2285449999999998e-02
   5.8898900000000001e-03
   1.0826095000000001e-02
   3.0555750000000000e-02
   3.1898500000000003e-02
   5.3940050000000003e-03
  -1.3389550000000000e-02
  -7.2708099999999999e-03
   7.9650650000000003e-03
   1.4572155000000000e-02
   6.7901499999999983e-04
  -1.0269155000000000e-02
  -1.7562899999999999e-02
   4.0969850000000000e-03
   7.2402999999999999e-03
  -3.5247899999999999e-03
  -1.3519280000000000e-02
  -5.0888050000000001e-03
   1.7616300000000001e-02
   3.5034150000000000e-02
   2.1995549999999999e-02
   2.1209750000000002e-03
  -4.9591050000000001e-03
   1.0932900000000001e-02
   1.8852250000000001e-02
   1.7013649999999998e-03
  -2.2766149999999999e-02
  -3.2249449999999999e-02
  -7.1868804999999994e-03
   4.2190600000000002e-03
   7.6299999999999632e-05
  -5.6457550000000006e-03
  -1.3969400000000000e-02
  -2.4413999999999990e-04
   1.5716549999999999e-03
   5.2566599999999998e-03
  -1.4549234999999999e-02
  -2.0744350000000002e-02
  -1.4495999999999997e-04
   1.8196150000000001e-02
   1.5945420000000002e-02
   2.5482200000000003e-03
  -8.0108650000000007e-03
  -6.5994250000000008e-03
   9.6588199999999985e-03
   7.7285599999999998e-03
  -1.5083289999999999e-02
  -2.9136700000000001e-02
  -2.7633650000000003e-02
  -1.3504010000000000e-02
  -3.8986350000000001e-03
  -1.4564499999999999e-02
  -2.7244600000000001e-02
  -3.0662550000000004e-02
  -1.0688790000000000e-02
   5.2185100000000009e-03
  -3.8376050000000000e-03
  -1.5899659999999999e-02
  -1.4907800000000001e-02
  -3.2119749999999997e-03
  -2.4185199999999995e-03
  -6.5307700000000000e-03
  -1.7501800000000001e-02
  -1.6372700000000000e-02
   1.7394999999999997e-03
   1.7936750000000001e-02
   9.9105644999999999e-03
  -1.4053325000000000e-02
  -1.8066400000000000e-02
  -9.5520099999999997e-03
   8.8882565000000004e-03
   1.8020615000000000e-02
  -1.7898549999999999e-02
  -4.1992200000000000e-02
  -2.6718150000000000e-02
  -1.0467538500000000e-02
  -7.1563849999999995e-03
  -2.0896950000000001e-02
  -3.4286499999999998e-02
  -2.2743199999999998e-02
  -3.5629300000000002e-03
  -5.0811549999999995e-03
  -2.4864199999999999e-02
  -2.1163950000000001e-02
  -2.3178100000000000e-02
  -4.2419600000000003e-03
   9.5977750000000011e-03
  -1.1367800000000000e-03
  -1.0185225000000001e-02
  -1.1573810000000000e-02
  -1.4266950000000004e-03
   1.0070812500000000e-02
  -1.1787431500000001e-02
  -2.2399900000000000e-02
  -2.1675099999999999e-02
   9.0026999999999989e-04
   2.0462049999999999e-02
   3.1509199999999998e-03
  -1.5281679999999999e-02
  -3.1684850000000001e-02
  -1.8997200000000001e-03
   2.2163400000000000e-02
   1.2374895000000000e-02
  -1.4984100000000000e-02
  -2.2018450000000002e-02
  -9.2468099999999994e-03
  -1.8920999999999999e-03
  -5.8212300000000002e-03
  -1.4701860000000001e-02
  -3.8169850000000005e-02
  -4.7988700000000002e-03
   2.4574300000000000e-02
   1.7578130000000001e-02
  -5.2185150000000000e-03
  -2.4726900000000000e-02
  -8.8195849999999996e-03
   5.7449249999999997e-03
   5.3329649999999994e-03
  -3.0441299999999998e-02
  -3.2974249999999997e-02
  -1.6960150000000000e-02
   1.1627210000000001e-02
   1.4823915000000000e-02
  -1.8386819999999998e-02
  -2.7748149999999999e-02
  -1.3542149999999999e-02
   2.2888500000000029e-04
   1.7967209999999997e-02
  -4.2724600000000005e-03
  -2.2476200000000002e-02
  -2.9296849999999999e-02
  -1.3839745000000001e-02
  -5.4168500000000000e-03
  -1.8333454999999999e-02
  -2.0782450000000001e-02
  -2.1369900000000001e-02
   1.3809249999999999e-03
   6.3171200000000007e-03
  -6.7596200000000009e-03
  -3.4111050000000004e-02
  -5.1231350000000002e-02
  -1.6914375000000002e-02
   5.8059849999999996e-03
  -1.1367700000000005e-03
  -1.7234800000000002e-02
  -2.6771549999999998e-02
  -1.2962335000000000e-02
   1.7013500000000008e-03
   3.6619999999999969e-04
  -1.6616795000000000e-02
  -1.9599900000000000e-02
  -5.8822650000000002e-03
   8.5601734999999988e-03
   2.1133350000000000e-03
  -1.9241349999999997e-02
  -3.6026000000000002e-02
   2.9068004999999999e-03
   1.7013550000000002e-02
   5.5312950000000003e-03
  -1.6693125000000000e-02
  -3.0746450000000002e-02
  -1.8074050000000001e-02
  -6.0272500000000014e-04
  -1.8310500000000025e-04
  -2.0095849999999998e-02
  -2.0111100000000000e-02
  -8.2320999999999991e-03
   7.9345495000000005e-03
   5.7296949999999999e-03
  -7.3852530500000003e-03
  -4.1084299999999997e-02
  -3.7193299999999999e-02
  -1.5380850000000000e-02
   2.4643000000000004e-03
  -6.8588263500000005e-03
  -3.9482099999999999e-02
  -4.0046650000000003e-02
  -2.3864750000000001e-02
   3.2043499999999999e-04
   5.4166500000000020e-04
  -9.9563800000000008e-03
  -2.3735050000000001e-02
   2.0065290000000000e-03
   6.2789949999999999e-03
   7.9955935000000002e-03
  -1.0650655000000000e-02
  -1.6952499999999999e-02
   4.1427600000000005e-03
   1.6647349999999998e-02
   7.0114049999999992e-03
  -1.4236430000000000e-02
  -1.9134550000000000e-02
  -4.1885354999999999e-03
  -1.7547500000000046e-04
  -2.3727450000000003e-03
  -2.0401000000000002e-02
  -2.7381900000000001e-02
  -9.6282999999999994e-03
  -2.3956300000000002e-03
   5.3863749999999997e-03
  -9.3460200000000000e-03
  -2.2140500000000000e-02
  -2.4871799999999999e-03
   1.7570499999999999e-02
   2.8472900000000002e-02
   4.0359493999999997e-03
  -1.3916000000000001e-02
  -1.1306779999999999e-02
   6.3400206000000002e-03
   1.0292050000000001e-02
  -5.9890650000000000e-03
  -9.3536550000000006e-03
  -5.7754499999999997e-03
   1.2931829999999998e-02
   2.3948650000000002e-02
   6.5460070000000004e-03
  -9.5138749999999998e-03
  -1.0978705000000000e-02
   1.1077884999999999e-02
   1.9256599999999999e-02
   1.2901325000000002e-02
   1.3885500000000001e-03
  -6.6452049999999995e-03
   4.7836314999999997e-03
   2.5176999999999998e-02
   1.8844600000000000e-02
  -1.0986349999999999e-03
  -2.7008100000000001e-03
   1.9218449999999998e-02
   2.7381900000000001e-02
   2.1347049999999999e-02
   3.9596559999999998e-03
  -8.1863400000000003e-03
   6.3095099999999999e-03
   1.4434825000000002e-02
   9.4604249999999997e-03
  -1.1108380000000001e-02
  -1.7478950000000000e-02
   9.9944849999999996e-04
   2.2315950000000001e-02
   2.5207500000000001e-02
   8.3694349999999997e-03
  -4.9514750000000003e-03
   6.4392099999999999e-03
   1.9714349999999999e-02
   2.0309450000000000e-02
  -1.5106199999999998e-03
  -5.8517450000000002e-03
   8.7280250000000004e-03
   2.7313250000000001e-02
   3.6216749999999999e-02
   1.9798250000000000e-02
   1.0887150000000000e-02
   1.6387900000000000e-02
   3.0853249999999999e-02
   3.9421100000000001e-02
   1.6922000000000000e-02
  -4.2419399999999996e-03
  -1.1444099999999999e-02
   9.7427599999999996e-03
   2.8747599999999998e-02
   2.9945349999999999e-02
   8.4762599999999994e-03
  -1.1039739999999999e-02
   7.7056800000000003e-03
   1.8447854999999999e-02
   1.2222305000000001e-02
  -3.0670149999999998e-03
  -8.7127699999999999e-03
   3.6087050000000002e-03
   1.7540000000000000e-02
   9.6359250000000000e-03
   1.0757449999999999e-03
  -2.4414070000000003e-04
   1.9119249999999997e-02
   3.5446199999999997e-02
   2.8945900000000004e-02
   1.9050600000000001e-02
   9.4757100000000000e-03
   1.3710050000000000e-02
   2.3300149999999999e-02
   2.2331250000000000e-02
  -2.9373174999999998e-03
  -6.8817150000000001e-03
   3.6926249999999997e-03
   2.0164499999999998e-02
   2.9579150000000002e-02
   6.1340535000000002e-03
  -1.3603199999999999e-02
  -7.7438250000000011e-03
   1.5884400000000000e-02
   2.5955200000000001e-02
   4.2953599999999998e-03
  -1.5052800000000002e-02
  -5.6686400000000000e-03
   1.9363399999999999e-02
   3.3691399999999996e-02
   1.8814100000000000e-02
   3.2577500000000002e-03
   3.6239650000000003e-03
   1.8928550000000002e-02
   2.7259850000000002e-02
   1.1154155000000001e-02
  -1.0024999999999999e-02
  -1.6639700000000000e-02
   6.6604600000000000e-03
   1.7852800000000002e-02
   5.0964349999999999e-03
  -1.0902414999999999e-02
  -9.8571800000000001e-03
   8.4686250000000005e-03
   1.7814650000000001e-02
   9.5977950000000010e-03
  -5.0735450000000005e-03
  -2.1820100000000002e-02
  -5.4245000000000005e-03
   1.0772710000000001e-02
   7.0343000000000003e-03
  -4.1732799999999997e-03
  -1.0452250000000000e-02
   8.0795299999999997e-03
   2.5505099999999999e-02
   2.3017900000000001e-02
   1.2741100000000002e-03
  -1.2138400000000001e-02
  -1.6326889999999997e-03
   1.8165600000000000e-02
   1.8890350000000000e-02
  -4.5013499999999994e-04
  -1.2939450000000000e-02
  -5.7220499999999989e-04
   2.1423350000000001e-02
   3.4545900000000004e-02
   2.0751950000000002e-03
  -1.4640800000000001e-02
  -1.2130749999999999e-02
   3.3416739999999998e-03
   1.0452260000000000e-02
  -1.0475155000000000e-02
  -2.2445699999999999e-02
  -1.4419550000000000e-02
   1.3381975000000001e-02
   3.1806950000000001e-02
   2.5100700000000000e-02
   1.5243550000000002e-02
   8.8653550000000001e-03
   1.0398869999999999e-02
   1.1505110000000001e-02
  -3.2805999999999981e-04
  -9.6054000000000000e-03
  -2.4604800000000000e-02
  -9.8876999999999993e-03
   1.8920899999999995e-03
   3.5858000000000027e-04
  -1.5274050000000001e-02
  -1.9889850000000001e-02
   1.4495999999999997e-04
   1.4190660000000001e-02
   5.9661949999999997e-03
  -4.4403093999999992e-03
  -2.4292000000000001e-02
  -3.5095219499999999e-03
   2.2888200000000004e-03
  -1.7852750000000002e-03
   3.0975350000000002e-03
  -2.0187400000000001e-02
  -4.9972549999999999e-03
   2.0896900000000000e-02
   2.3475650000000001e-02
   2.9754650000000001e-03
  -1.1283899999999999e-02
  -1.2435900000000000e-02
   9.4223099999999997e-03
   1.3282795000000000e-02
  -2.2888199999999996e-03
  -1.9821200000000001e-02
  -1.2786849999999999e-02
   5.2261335000000006e-03
   1.9638050000000001e-02
  -1.8920900000000004e-03
  -1.9195549999999999e-02
  -6.8435700000000002e-03
   1.1924760000000000e-02
   2.3040800000000000e-02
   5.4092350000000001e-03
  -1.1932350000000000e-02
  -2.0874000000000000e-02
   8.3465549999999986e-03
   2.5848349999999999e-02
   2.0294150000000000e-02
   1.1459364999999999e-02
  -1.8920899999999999e-03
   1.9378649999999997e-02
   3.7490849999999999e-02
   3.7735000000000005e-02
   1.6578699999999998e-02
   1.3427730000000000e-03
   1.8516550000000000e-02
   3.1478900000000004e-02
   1.7211924999999999e-02
  -7.6290000000000125e-05
  -9.6435449999999999e-03
   5.0811799999999994e-03
   1.4739975000000001e-02
   1.3198830000000002e-02
  -3.1127949999999998e-03
  -1.3839700000000000e-02
  -5.3405000000000076e-05
   2.4490350000000000e-03
   5.4855199999999998e-03
  -5.9737949999999996e-03
  -8.4075750000000005e-03
   5.2185050000000000e-03
   2.9457100000000000e-02
   3.1280599999999998e-03
  -1.9172649999999999e-02
  -2.2987350000000000e-02
  -1.6365049999999999e-02
   5.0048850000000006e-03
   9.2163009999999997e-03
  -1.4007584999999999e-02
  -2.1820050000000001e-02
  -2.1446250000000000e-02
   2.5177000000000003e-03
   1.3511635000000001e-02
   2.5482200000000003e-03
  -1.3320900000000000e-02
  -2.3513800000000001e-02
   1.1978149999999999e-03
   2.2117649999999999e-02
   9.8114250000000004e-03
  -9.2849800000000000e-03
  -1.9340549999999998e-02
   4.9591050000000001e-03
   2.0988449999999999e-02
   1.8661450000000000e-02
  -1.2664775000000000e-03
  -3.1127949999999998e-03
   7.8353900000000011e-03
   1.7440750000000001e-02
   1.7593400000000002e-02
   3.8909999999999986e-04
  -1.7929100000000003e-02
  -6.0195949999999991e-03
   8.7509249999999997e-03
   4.7607400000000003e-03
  -9.6206599999999996e-03
  -1.3916000000000001e-02
   6.5689099999999999e-03
   1.4945950000000000e-02
   1.7868050000000000e-02
  -6.5841459999999999e-03
  -1.4640850000000000e-02
  -2.3651113499999999e-03
   7.4920749999999999e-03
   1.1978140000000000e-02
  -2.7465999999999992e-04
  -1.2527449999999999e-02
   1.1093160000000001e-02
   2.2743199999999998e-02
   2.6535049999999998e-02
   4.4326764999999997e-03
  -7.0190449999999998e-03
  -7.1792599999999998e-03
   7.6828000000000000e-03
   1.6593924999999999e-02
  -4.2266850000000000e-03
  -1.7791750000000002e-02
  -2.2537200000000000e-02
  -4.9362149999999999e-03
   1.4297499999999999e-02
   1.8463149999999998e-03
  -1.3946500000000001e-02
  -1.7280549999999999e-02
   3.3569500000000000e-04
   1.0215760000000001e-02
   5.2795206000000004e-03
  -1.0986309999999999e-02
  -1.3626099999999999e-02
  -6.6909800000000000e-03
   1.0505670000000000e-02
   1.6021750000000004e-03
  -2.0698550000000000e-02
  -2.6886000000000000e-02
  -5.0964349999999999e-03
   1.1222830000000000e-02
   8.9569249999999993e-03
  -7.4005099999999999e-03
  -2.1720900000000001e-02
  -6.8893449999999998e-03
   1.1657725000000001e-02
   3.7994500000000002e-03
  -1.7272950000000002e-02
  -2.8358450000000000e-02
  -1.6128500000000000e-02
   5.1727450000000003e-03
   7.5988770000000004e-03
  -8.1176700000000004e-03
  -1.9569400000000001e-02
  -1.5274050000000001e-02
   6.6070399999999998e-03
   6.8511799999999992e-03
  -1.6494765000000002e-02
  -2.5268550000000001e-02
  -1.3229350000000001e-02
   3.4790019499999999e-03
   1.0269185000000000e-02
   9.2315999999999969e-04
  -1.4411950000000000e-02
  -1.5373250000000000e-02
   2.5939955000000002e-03
  -4.1809100000000004e-03
  -1.3473509999999999e-02
  -3.2852199999999998e-02
  -4.0397650000000000e-02
  -5.2795404999999998e-03
   1.3595595000000000e-02
   7.2936975000000006e-03
  -1.7242440000000001e-02
  -2.4177549999999999e-02
  -1.3320930000000002e-02
  -5.1803381999999997e-03
  -1.3854970000000001e-02
  -2.6916500000000003e-02
  -3.4362799999999999e-02
  -2.8457650000000001e-02
  -3.1356799999999996e-03
   2.1286000000000000e-03
  -1.9172649999999999e-02
  -3.0792250000000000e-02
  -1.9943200000000001e-02
  -5.7296980000000001e-03
   4.2724500000000014e-04
  -2.2834750000000001e-02
  -3.4935000000000001e-02
  -2.6344300000000001e-02
  -1.5937850000000000e-02
  -2.2743199999999998e-02
  -3.5995449999999998e-02
  -3.9886450000000004e-02
  -2.9754650000000001e-02
  -2.0187400000000001e-02
  -6.3247499999999996e-03
  -1.9393899999999999e-02
  -2.5062549999999999e-02
  -2.2613550000000000e-02
  -2.7908349999999998e-02
  -3.2501250000000002e-02
  -3.7895199999999997e-02
  -4.8095700000000005e-02
  -3.9703400000000000e-02
  -1.8997215000000000e-03
  -9.9945500000000022e-04
  -1.0147089999999999e-02
  -2.2399900000000000e-02
  -2.6351899999999998e-02
  -1.3412500000000001e-02
   2.8915384999999997e-03
  -3.2348650000000000e-03
  -3.0677800000000002e-02
  -4.3182400000000003e-02
  -2.5810250000000000e-02
  -8.4762750000000001e-03
  -9.3612499999999998e-03
  -3.0296299999999998e-02
  -3.2066350000000000e-02
  -5.4702750000000001e-03
  -1.5571599999999998e-02
  -1.5762330000000001e-02
  -3.0624399999999996e-02
  -3.2730099999999998e-02
  -2.2743199999999998e-02
  -1.2054425000000001e-03
   6.9427500000000006e-04
  -1.4640800000000001e-02
  -1.6418450000000001e-02
  -9.5977749999999994e-03
   1.0070809999999999e-03
   1.8768300000000001e-03
  -2.0103449999999998e-02
  -1.6105649999999999e-02
   1.5258799999999999e-03
   1.1032125000000000e-02
   9.0255600000000002e-03
   3.7994405000000000e-03
  -1.6075150000000000e-02
  -1.4556865000000000e-02
   8.1710849999999998e-03
   1.4938350000000000e-02
   8.6364749999999994e-03
   9.9182500000000000e-04
  -9.4604599999999987e-03
   5.5236929999999997e-03
   1.0185260000000000e-02
  -5.1116900000000003e-03
  -2.3033150000000002e-02
  -1.3832100000000000e-02
   1.0635400000000000e-02
   2.8533950000000002e-02
   1.5518199999999999e-02
  -4.4250449999999998e-03
  -5.2261349999999998e-03
   1.4785750000000000e-02
   2.6100150000000003e-02
   7.8582999999999995e-04
  -1.7288249999999998e-02
  -1.4541650000000000e-02
  -4.6691900000000001e-03
   5.5771060000000001e-03
   1.0154710000000001e-02
  -2.4688750000000002e-02
  -3.3332800000000003e-02
  -1.5144350000000001e-02
   2.6550300000000001e-03
   7.0648250000000003e-03
   1.4495999999999997e-04
  -5.9509500000000013e-04
  -9.6282850000000003e-03
  -2.1209699999999998e-03
   6.4925975000000007e-03
  -8.5601549999999998e-03
  -7.7667199999999995e-03
   8.4228749999999998e-03
   1.9531250000000000e-02
   1.8363950000000000e-02
   7.1105949999999991e-03
  -3.4027099999999998e-03
  -3.1967140000000002e-03
   1.5190100000000002e-02
   1.4007599999999999e-02
   1.2054465000000000e-02
  -1.1352549999999999e-02
  -1.7623900000000000e-03
   9.4680600000000004e-03
   1.3587950000000000e-02
   7.9269649999999994e-03
  -4.7073350000000000e-03
  -9.2697200000000004e-03
   9.1555000000000109e-05
   2.6969899999999998e-02
   1.6250605000000001e-02
  -7.5912400000000000e-03
   1.1291499999999998e-03
   3.0830400000000001e-02
   3.3760100000000001e-02
   3.2966599999999999e-02
   1.9332900000000000e-02
   1.0284425000000000e-02
   2.7900700000000001e-02
   3.1372100000000000e-02
   2.8907799999999997e-02
   1.9454949999999999e-02
   2.0408650000000000e-02
   1.9142150000000000e-02
   4.2030300000000000e-02
   2.3200999999999999e-02
   8.6440850000000010e-03
   2.7313249999999997e-03
   1.4404250000000000e-02
   2.2415150000000002e-02
   2.5901800000000003e-02
   6.0653855000000001e-03
  -1.1001584999999999e-02
  -7.9040550000000001e-03
   3.4408565000000001e-03
   3.3950800000000000e-03
  -2.4002050000000000e-02
  -1.7944350000000001e-02
  -1.2115500000000001e-02
  -1.3046250000000000e-03
   8.6822350000000000e-03
  -5.7449300000000005e-03
  -1.2153600000000001e-02
  -1.8356299999999999e-02
   7.1716300000000005e-04
   6.4315600000000002e-03
  -9.8037899999999997e-03
  -2.2277800000000000e-02
  -2.4681100000000001e-02
   5.9508999999999994e-04
   2.6817299999999999e-02
   1.5945410000000000e-02
   1.0986349999999999e-03
  -9.5291000000000004e-03
   4.0893550000000002e-03
   1.5388475000000000e-02
   6.2789949999999999e-03
  -5.3409999999999829e-05
  -1.3427700000000001e-03
   1.8234250000000000e-02
   3.2035849999999998e-02
   3.5049399999999994e-02
   2.0416250000000000e-02
   8.2244850000000001e-03
   7.5454700000000003e-03
   2.4688750000000002e-02
   2.7389500000000001e-02
  -1.1749199999999994e-03
  -9.2620849999999998e-03
   2.8533899999999999e-03
   1.6029359999999999e-02
   2.0530714999999998e-02
   2.3649999999999973e-04
  -6.1569199999999998e-03
  -5.3482275000000003e-03
   8.0261199999999994e-03
   1.8196094999999999e-02
   3.9978050000000001e-03
  -5.8364823999999997e-03
  -2.8076199999999998e-03
   3.2348699999999999e-03
   8.5601999999999987e-03
  -4.9972650000000007e-03
  -8.2931450000000000e-03
  -4.8141499999999997e-03
   2.1842950000000000e-02
   2.3361199999999999e-02
   8.0108699999999998e-03
  -6.3323889999999999e-03
   1.7242400000000001e-03
   1.7753600000000001e-02
   1.7211899999999999e-02
   1.5563984999999999e-02
   4.4250495000000001e-03
  -1.1047375000000000e-02
   1.1528025000000001e-02
   1.9096360000000000e-02
   1.1138936000000000e-02
  -7.7972264999999997e-03
  -1.5403750000000001e-02
   6.5460049999999997e-03
   1.5052785000000001e-02
   9.7503750000000004e-03
  -8.8348509999999995e-03
  -1.8600450000000001e-02
   6.3324000000000019e-04
   1.3084390000000001e-02
   2.3223850000000001e-02
  -6.7749200000000002e-03
  -1.2878420000000000e-02
   6.1035000000000082e-05
   1.9660930000000000e-02
   1.3237005000000001e-02
  -5.2185099999999991e-03
  -1.3328540000000000e-02
  -1.0971086000000001e-02
   1.1840820000000000e-02
   1.9103995000000002e-02
   0.0000000000000000e+00
  -1.5388486000000000e-02
  -2.1713264999999999e-02
   3.6392000000000004e-03
   3.8376000000000000e-03
  -1.0116550000000000e-02
  -1.7456035000000002e-02
  -2.3635870000000000e-02
  -1.4823915000000000e-02
  -8.0490000000000006e-03
  -1.7494190000000000e-02
  -2.1858235500000000e-02
  -5.0812000000000001e-03
   2.2735499999999992e-03
   1.7700500000000004e-03
  -8.0870000000000074e-04
  -1.8486025000000000e-02
  -2.9106150000000001e-02
  -1.6357440000000001e-02
  -5.8135999999999986e-03
  -1.2832619999999999e-02
  -3.9543149999999999e-02
  -5.0109899999999999e-02
  -3.0036950000000000e-02
  -7.2402999999999999e-03
  -1.0627750000000000e-02
  -2.6702895000000001e-02
  -4.3632549999999999e-02
  -2.6710504999999999e-02
   5.9504999999999975e-04
  -1.2664799999999999e-02
  -3.2615655000000000e-02
  -2.6641800000000000e-02
  -1.6258224999999998e-02
   1.7013500000000008e-03
   4.8828000000000014e-03
  -9.4527999999999991e-03
  -1.2001040000000001e-02
  -5.7754400000000006e-03
   6.8512000000000009e-03
   1.0498050000000002e-02
  -1.6326999999999991e-03
  -1.2374890000000000e-02
  -1.2741074000000000e-02
   9.1323649999999999e-03
   1.5106189999999999e-02
  -6.3325000000000013e-04
  -1.4785745000000001e-02
  -1.0124225000000001e-02
   9.0408399999999996e-03
   1.3687154999999999e-02
   2.6245000000000001e-03
  -1.0131819000000000e-02
  -1.3107295000000001e-02
  -3.1280350000000004e-03
   4.4708000000000005e-03
  -4.1580499999999991e-03
  -2.5878900000000003e-02
  -2.5764500000000003e-02
  -3.4179800000000002e-03
   6.7367700000000004e-03
  -1.2817500000000008e-03
  -1.2763955000000000e-02
  -2.3376450000000000e-02
   2.1743800000000001e-03
   1.2840288500000000e-02
   8.1100700000000005e-03
  -1.4266955000000000e-02
  -2.8152449999999999e-02
  -1.5937830000000000e-02
   5.5618449999999993e-03
  -1.3503999999999999e-03
  -1.1596680000000000e-02
  -2.0217900000000000e-02
  -6.5536299999999995e-03
   1.3267530000000000e-02
   1.2619020999999999e-02
  -1.6937300000000005e-03
  -2.2163400000000000e-02
  -2.6512150000000002e-02
   3.5859999999999972e-04
   2.0217799999999999e-03
  -3.3569500000000000e-04
  -1.9088700000000000e-02
  -1.7822250000000001e-02
   5.0811750000000003e-03
   1.0375970599999999e-02
  -2.2430300000000000e-03
  -1.1123660000000000e-02
  -2.0164500000000002e-02
  -1.4495999999999997e-04
   6.4010450000000002e-03
  -8.1939800000000000e-03
  -2.3567200000000000e-02
  -2.6031499999999999e-02
  -9.0789699999999987e-03
   1.7929299999999999e-03
  -4.8065249999999990e-03
  -2.0271299999999999e-02
  -2.2842399999999999e-02
  -8.3007949999999997e-03
   4.1351249999999999e-03
   2.6855449999999997e-03
  -1.8142690000000000e-02
  -1.7555200000000000e-02
   6.2713449999999994e-03
   1.9103985000000000e-02
   2.1110549999999999e-02
   7.9879950000000012e-03
   6.0653699999999996e-03
   2.0599350000000002e-02
   4.1274999999999999e-02
   4.0664650000000004e-02
   2.3063649999999998e-02
   9.8266800000000008e-03
   6.8969749999999996e-03
   2.0561200000000002e-02
   2.5360099999999997e-02
   6.0272449999999997e-03
  -1.8768295000000000e-03
  -1.9378639999999999e-03
   5.7983550000000007e-03
   1.7883324999999999e-02
  -1.6784499999999980e-04
  -1.2931800000000000e-02
  -1.4678950000000000e-02
   1.9378650000000002e-03
   2.0271299999999999e-02
   6.1416645000000004e-03
  -8.0261049999999987e-03
  -5.8212300000000002e-03
   1.7440799999999999e-02
   2.9197700000000000e-02
   7.5836254999999998e-03
  -9.8114050000000005e-03
  -1.3931300000000001e-02
  -2.0980834999999999e-03
   1.3404835000000000e-02
  -3.4561149999999996e-03
  -1.5724200000000001e-02
  -1.5930150000000001e-02
  -1.5106200000000001e-03
   4.8141350000000006e-03
   2.8076150000000003e-03
  -2.6870749999999999e-02
  -2.9182449999999999e-02
  -1.3275149999999999e-02
  -1.6708350000000003e-03
  -1.3748175000000001e-02
  -3.3950800000000003e-02
  -3.0647250000000001e-02
  -9.8724450000000005e-03
   5.0582800000000001e-03
   7.9116865000000008e-03
  -4.1732799999999997e-03
  -1.9119249999999997e-02
  -1.0581964999999999e-02
   2.7313200000000006e-03
   1.5258750000000003e-03
  -1.4709465000000000e-02
  -2.8793349999999999e-02
  -2.4139399999999998e-02
  -1.1985780000000000e-02
  -1.9302299999999998e-03
  -1.2947074999999999e-02
  -2.5497400000000000e-02
  -3.0212400000000000e-02
  -1.0086075000000000e-02
  -2.4032350000000001e-03
  -1.6403200000000000e-02
  -3.0265800000000002e-02
  -3.3828749999999998e-02
  -9.8953299999999991e-03
   5.2184900000000001e-03
  -4.2877100000000001e-03
  -2.5543199999999999e-02
  -3.1791650000000005e-02
  -9.5367600000000000e-03
   3.9367599999999992e-03
  -2.2201750000000004e-03
  -1.8173200000000000e-02
  -2.6870749999999999e-02
  -1.1657710000000002e-02
  -8.8806350000000013e-03
  -1.4892590000000001e-02
  -2.8678849999999999e-02
  -3.6918649999999997e-02
  -1.3244599999999999e-02
  -1.3275150000000000e-03
   4.0512350000000003e-03
  -2.1377550000000002e-02
  -2.2476200000000002e-02
  -1.2321449999999999e-02
  -4.0588150000000003e-03
  -1.1940000000000001e-02
  -2.3658749999999999e-02
  -2.7984650000000000e-02
  -2.0004300000000003e-02
  -1.5869149999999999e-03
  -5.3940049999999995e-03
  -1.4900210000000001e-02
  -1.9149750000000000e-02
  -8.5525350000000000e-03
   3.5629250000000002e-03
   6.6070350000000007e-03
  -9.0713399999999989e-03
  -1.8127400000000002e-02
  -1.6426099999999999e-02
  -6.8664999999999872e-05
   1.1825570000000001e-02
  -3.7536850000000001e-03
  -1.2611400000000000e-02
  -9.7580149999999984e-03
  -5.6457999999999986e-04
   1.2115475000000001e-02
  -1.5335099999999996e-03
  -1.3717650000000000e-02
  -1.7639149999999999e-02
   3.7536700000000002e-03
   8.8729875000000003e-03
   5.5008050000000001e-03
  -5.3024305000000001e-03
  -1.1329664999999999e-02
   1.7471349999999997e-03
   2.0095800000000000e-02
   7.0266800000000004e-03
  -7.2250149999999996e-03
  -1.1886600000000001e-02
   4.4250499999999998e-03
   8.5754323999999993e-03
   9.2010254999999996e-03
  -2.0050050000000000e-02
  -1.8692050000000002e-02
   4.3487550000000002e-03
   9.3765450000000000e-03
   1.0742200000000000e-02
  -3.9825249999999998e-03
  -1.7517100000000001e-02
  -9.7198400000000004e-03
   2.5787199999999996e-03
   3.4942699999999998e-03
  -1.2573235000000000e-02
  -2.7023300000000000e-02
  -1.9477850000000001e-02
   6.2408450000000001e-03
   1.5708940000000001e-02
   1.9378650000000002e-03
  -1.0345449999999999e-02
  -8.4915200000000007e-03
   6.1492949999999999e-03
   1.9210800000000000e-02
   2.7313199999999998e-03
  -1.2809750000000000e-02
  -1.2199399999999999e-02
   5.1574749999999999e-03
   1.2115480000000001e-02
  -7.8887999999999996e-03
  -2.3796100000000001e-02
  -2.3361199999999999e-02
  -9.1858000000000009e-03
   9.4604500000000005e-03
   4.2800800000000003e-03
  -1.0475135000000000e-02
  -1.4785750000000000e-02
  -6.1035150000000003e-03
   4.5547650000000005e-03
   1.0604850000000003e-03
  -6.5917950000000001e-03
  -8.3694449999999997e-03
   8.3084099999999987e-03
   2.5642399999999999e-02
   1.7372149999999999e-02
   1.3122550000000000e-03
  -1.2138349999999999e-02
   2.8228499999999996e-04
   1.4556880000000001e-02
   1.5380865000000001e-02
  -1.7013549999999999e-03
  -1.0398870000000001e-02
  -5.2948000000000005e-03
   1.2718215000000000e-02
   1.0696400000000000e-02
  -1.4564495000000000e-02
  -2.2041350000000001e-02
  -8.0718999999999999e-03
   6.7291250000000007e-03
   1.3450640000000000e-02
  -1.2542714999999999e-02
  -3.4515400000000002e-02
  -2.3384099999999998e-02
   5.4092411999999996e-03
   1.9912699999999998e-02
   1.2145989999999999e-02
  -5.5694500000000010e-04
  -4.3792700000000002e-03
   1.2435930000000000e-02
   1.5083289999999999e-02
   9.7732610000000001e-03
  -2.5405874999999997e-03
  -5.9890750000000000e-03
   7.4844400000000002e-03
   2.1736150000000003e-02
   1.5213035000000000e-02
   3.0517499999999998e-04
  -3.7460350000000000e-03
   9.4451899999999991e-03
   1.5327430000000000e-02
  -1.5259999999999579e-05
  -1.8821700000000000e-02
  -2.9479949999999998e-02
  -9.3154899999999992e-03
   4.6691914999999994e-03
  -2.3628250000000000e-02
  -4.8408500000000000e-02
  -5.1467899999999997e-02
  -4.8988350000000000e-02
  -5.9661850000000002e-02
  -7.0465100000000003e-02
  -8.7448150000000002e-02
  -1.0307300000000000e-01
  -9.9777150000000009e-02
  -8.9591950000000004e-02
  -8.8142400000000010e-02
  -1.0280625000000000e-01
  -1.1176300000000000e-01
  -1.0363799999999999e-01
  -8.7058999999999997e-02
  -8.4976200000000002e-02
  -8.8691699999999998e-02
  -1.0015099999999999e-01
  -8.8432349999999993e-02
  -8.1306450000000002e-02
  -7.0434549999999999e-02
  -9.0049749999999998e-02
  -1.0353115000000000e-01
  -9.8838700000000002e-02
  -7.4096650000000000e-02
  -7.0098850000000004e-02
  -7.5340249999999997e-02
  -8.6708050000000009e-02
  -8.8638300000000003e-02
  -7.5294500000000000e-02
  -6.3430800000000009e-02
  -6.8130499999999997e-02
  -7.6553349999999992e-02
  -7.4821449999999998e-02
  -5.3527850000000002e-02
  -3.6491400000000000e-02
  -4.1061399999999998e-02
  -4.6165499999999998e-02
  -3.3508300000000005e-02
  -2.9769900000000002e-02
  -1.2374890000000000e-02
  -1.7860415000000001e-02
  -8.8806300000000005e-03
  -4.5166000000000000e-03
   4.9133300000000005e-03
   1.2718179999999999e-02
   1.2039206500000000e-02
  -1.7166149999999995e-03
   4.8751849999999998e-03
   7.4234100000000001e-03
   3.2203700000000002e-02
   3.8742050000000000e-02
   1.7700199999999999e-02
   2.4925249999999999e-02
   3.4263600000000005e-02
   4.2068500000000002e-02
   5.3199800000000005e-02
   3.8833649999999997e-02
   2.2506749999999999e-02
   3.8795449999999995e-02
   6.1759950000000008e-02
   3.9894100000000002e-02
   2.1263100000000000e-02
   2.5016799999999999e-02
   3.2447799999999999e-02
   4.5318600000000001e-02
   5.2116399999999993e-02
   5.1216150000000002e-02
   4.1511550000000001e-02
   4.2785649999999995e-02
   6.2324550000000006e-02
   7.0083649999999997e-02
   4.7637899999999997e-02
   3.8307200000000000e-02
   3.1944299999999995e-02
   5.3665199999999996e-02
   6.6818249999999996e-02
   6.3857999999999998e-02
   6.4735450000000000e-02
   6.1401350000000000e-02
   7.8483600000000001e-02
   7.6896650000000011e-02
   7.5119049999999993e-02
   4.9804649999999999e-02
   3.7483199999999994e-02
   5.8601349999999996e-02
   6.2026999999999999e-02
   6.8710300000000002e-02
   3.5942050000000003e-02
   2.5505050000000001e-02
   4.0092450000000002e-02
   4.3426500000000000e-02
   5.2726750000000003e-02
   3.5797099999999998e-02
   2.1888749999999998e-02
   4.0168800000000005e-02
   7.3654200000000003e-02
   4.5890849999999997e-02
   2.8228750000000000e-02
   3.0586200000000001e-02
   3.3981300000000006e-02
   2.7954099999999999e-02
   3.1799300000000003e-02
   9.7808600000000006e-03
  -4.0054349999999999e-03
   6.9885249999999998e-03
   2.3414600000000001e-02
   3.5354600000000000e-02
   2.3025549999999999e-02
   1.5304564999999999e-02
   1.8669150000000002e-02
   3.3638000000000001e-02
   4.5364349999999998e-02
   3.5789450000000000e-02
   2.3857099999999999e-02
   1.8463149999999998e-02
   3.6270150000000001e-02
   3.3760050000000000e-02
   3.3927949999999998e-02
   2.2102350000000000e-02
   1.6021700000000000e-02
   3.0967700000000001e-02
   3.7933349999999998e-02
   4.4929549999999999e-02
   2.1148649999999998e-02
   2.1568299999999999e-02
   3.3119200000000001e-02
   4.6386700000000003e-02
   4.4097900000000002e-02
   2.2338850000000000e-02
   8.7051500000000000e-03
   2.0484900000000000e-02
   3.4164399999999998e-02
   4.5089749999999998e-02
   1.9874549999999998e-02
   9.9334899999999997e-03
   2.2277800000000000e-02
   3.0235249999999998e-02
   4.0336600000000000e-02
   2.6382450000000002e-02
   1.8753050000000000e-02
   1.8348650000000001e-02
   3.4896850000000000e-02
   4.2335499999999998e-02
   2.9388400000000002e-02
   2.2293100000000000e-02
   2.6359549999999999e-02
   4.7637949999999998e-02
   5.6495700000000003e-02
   4.3136599999999997e-02
   2.5115999999999999e-02
   2.0927450000000000e-02
   3.5568249999999996e-02
   3.9276150000000003e-02
   2.6321450000000000e-02
   1.5060430000000000e-02
   1.1650090000000000e-02
   2.4604800000000000e-02
   2.7404800000000000e-02
   2.3269650000000003e-02
   3.8757200000000005e-03
   6.5612999999999999e-04
   2.1133449999999998e-02
   3.2760600000000001e-02
   2.7587850000000001e-02
   1.3626075000000001e-02
   6.2255899999999996e-03
   1.3137824999999999e-02
   2.5451649999999999e-02
   1.8760664999999999e-02
   1.9531250000000004e-03
  -1.7547600000000001e-04
   4.1046160000000002e-03
   1.8394460000000001e-02
   2.2171000000000000e-02
   4.5013424999999999e-03
  -8.2321399999999989e-03
   2.8915450000000001e-03
   1.9172649999999999e-02
   1.9042989999999999e-02
   1.1177065000000000e-02
   2.4337784999999999e-03
   1.0589620000000001e-02
   2.4627700000000002e-02
   2.9075650000000001e-02
   1.7257700000000001e-02
   7.0495599999999999e-03
  -7.7362150000000003e-03
   6.1187699999999999e-03
   1.5075705000000000e-02
   6.1645650000000003e-03
  -3.7612919999999998e-03
  -1.2771609999999999e-02
   6.3171500000000005e-03
   1.8760680000000002e-02
   4.3105849999999996e-03
  -1.5670799999999999e-02
  -1.8142699999999998e-02
  -5.7983618000000004e-03
   2.9068000000000002e-03
  -7.7820000000000016e-04
  -1.5281650000000001e-02
  -1.6372700000000000e-02
   1.3732930499999998e-03
   1.1856085000000001e-02
   4.1580300000000001e-03
  -1.5113800000000000e-02
  -1.6258200000000000e-02
   2.1896364999999997e-03
   1.7623900000000001e-02
   5.2185300000000007e-03
  -8.2473649999999996e-03
  -1.0856650000000001e-02
   4.8065199999999999e-03
   1.5991200000000001e-02
   1.8661475000000000e-02
   5.0659090000000004e-03
  -2.9373149999999998e-03
   5.8364899999999997e-03
   1.8508899999999998e-02
   1.7395005000000002e-02
  -3.9367600000000001e-03
  -2.0172099999999998e-02
  -1.4495850000000001e-02
   7.2479099999999998e-03
   1.3465865000000000e-02
   2.3345950000000001e-03
  -1.6563399999999999e-02
  -1.1917100000000000e-02
   7.2402949999999999e-03
   1.6357444999999998e-02
   1.0986350000000001e-03
  -1.1032100000000000e-02
  -1.8386800000000002e-02
   4.4250499999999994e-04
   8.7432899999999990e-03
   4.7759899999999999e-03
  -8.9111350000000006e-03
  -1.9882199999999999e-02
  -2.4642959999999999e-03
   8.3236449999999993e-03
  -4.1275024999999996e-03
  -1.8035900000000001e-02
  -2.8892500000000002e-02
  -1.0582000000000001e-02
   7.6599100000000007e-03
   1.2382520000000001e-02
  -2.0370490000000000e-03
  -5.6839000000000004e-03
  -4.1580200000000001e-03
   1.0017399999999999e-02
   1.6365049999999999e-02
  -9.2697249999999995e-03
  -1.9134499999999999e-02
  -1.7013549999999999e-03
   1.2649549999999999e-02
   1.2313855000000000e-02
  -2.5329584999999998e-03
  -1.2580850000000001e-02
  -1.0391234999999999e-02
   1.3885500000000001e-03
   6.1645600000000004e-03
  -3.6315924999999996e-03
  -5.5465699999999998e-03
  -1.9073500000000001e-04
   1.6655000000000000e-02
   1.6616825000000002e-02
  -1.1444100000000002e-03
  -1.6502400000000000e-02
  -1.5457200000000001e-02
   2.5329584999999998e-03
   7.4615250000000001e-03
  -4.2266825000000004e-03
  -1.1871300000000000e-02
  -1.0429404999999999e-02
   9.6817099999999996e-03
   2.6519750000000002e-02
   1.1322024999999999e-02
  -1.4266984999999999e-03
  -2.9373174999999998e-03
   1.8844600000000000e-02
   3.3370999999999998e-02
   3.3058200000000003e-02
   1.7143249999999999e-02
   1.1001580000000000e-02
   2.5161700000000002e-02
   3.0349750000000002e-02
   2.0423899999999998e-02
   1.1505140000000001e-02
   8.5296899999999995e-03
   1.2809750000000000e-02
   1.6433740000000002e-02
   1.1260966500000000e-02
  -2.7008050000000001e-03
  -1.6204850000000000e-02
  -4.8522950000000004e-03
   1.5274034999999998e-02
   1.3526935000000000e-02
  -4.3945349999999998e-03
  -7.9193349999999996e-03
   9.1555000000000000e-05
   1.5274049999999999e-02
   1.7158489999999998e-02
   3.6315899999999996e-03
  -1.1665300000000000e-02
  -5.4702750000000001e-03
   1.1497515000000000e-02
   8.2473600000000005e-03
  -1.0131840000000000e-02
  -1.9012450000000000e-02
  -1.8585200000000000e-02
  -4.1275000000000001e-03
  -4.8522935000000003e-03
  -1.7272950000000002e-02
  -1.6799900000000000e-02
  -1.5785199999999999e-02
   1.0307290000000000e-02
   1.8013009999999999e-02
  -5.7983500000000033e-04
  -1.8638600000000002e-02
  -1.1161850000000001e-02
  -3.1890900000000003e-03
   7.9345560000000006e-03
   1.2207000000000016e-04
  -1.9454949999999999e-02
  -2.5528000000000002e-02
  -5.9051499999999996e-03
  -4.0130749999999996e-03
  -7.9651100000000009e-03
  -2.2270199999999997e-02
  -2.5970500000000001e-02
  -5.4779049999999999e-03
   1.2146015000000000e-02
   8.0566600000000002e-03
  -9.5062350000000000e-03
  -1.7761249999999999e-02
  -7.5836200000000001e-03
   1.5495300000000000e-02
  -1.1672799999999997e-03
  -1.7715454999999998e-02
  -4.0481600000000000e-02
  -4.4525149999999999e-02
  -8.9111176000000007e-03
   4.2953450000000008e-03
  -1.0368360000000000e-02
  -2.9350250000000001e-02
  -2.5100700000000000e-02
  -7.3929050000000000e-03
   5.9280564999999999e-03
  -1.3214095000000000e-02
  -1.6738850000000000e-02
   1.3793949999999999e-02
   3.6010749999999994e-02
   1.2130999999999999e-03
  -1.0292049999999999e-02
  -2.8625449999999997e-02
  -3.1364450000000002e-02
  -1.9958515000000003e-02
  -8.3236600000000001e-03
  -2.2186279999999999e-02
  -3.7933350000000005e-02
  -3.6643950000000002e-02
  -3.0639650000000001e-02
  -1.8989565000000000e-02
  -3.2035800000000003e-02
  -4.1023249999999997e-02
  -3.9794900000000001e-02
  -2.6359550000000002e-02
  -1.4854425000000001e-02
  -2.7801550000000001e-02
  -3.8879400000000001e-02
  -4.2465249999999996e-02
  -3.1776399999999996e-02
  -2.1186850000000000e-02
  -2.1438600000000002e-02
  -3.4698500000000000e-02
  -4.2373700000000000e-02
  -2.8350799999999999e-02
   1.8615750000000000e-02
  -8.2702599999999998e-03
  -2.4093650000000001e-02
  -4.6249399999999996e-02
  -2.6985200000000001e-02
  -5.2337399999999997e-03
   1.8859850000000001e-02
   4.4326899999999995e-03
  -2.2888149999999999e-04
   1.3580315000000001e-02
  -3.2272400000000001e-03
   1.0444644999999999e-02
  -7.6141500000000001e-03
  -2.5726300000000001e-02
  -2.1095249999999999e-02
   1.5258749999999999e-03
   7.6980550000000005e-03
  -8.8043100000000010e-03
  -8.7814550000000005e-03
  -1.1886620000000001e-02
  -3.0288700000000003e-03
  -4.8065000000000000e-04
  -2.1713250000000000e-02
  -3.2371499999999997e-02
  -2.3071299999999999e-02
  -1.0536185000000000e-02
  -1.4732355000000001e-02
  -1.6448955000000001e-02
  -2.8518700000000001e-02
  -3.7551899999999999e-02
  -1.8852250000000001e-02
  -1.2985234999999999e-02
  -2.0576459999999998e-02
  -3.7040699999999996e-02
  -4.0977500000000000e-02
  -2.6992800000000001e-02
  -1.4450059999999999e-02
  -1.5625020000000000e-02
  -3.0807500000000002e-02
  -3.1829850000000000e-02
  -1.5151999999999999e-02
   7.4539120000000000e-03
  -8.9265000000000004e-04
  -6.7977715000000008e-03
  -2.2445650000000001e-02
  -1.5487660000000000e-02
  -3.3188050000000002e-03
   3.0136249999999998e-03
  -1.2275670000000001e-02
  -2.5032050000000000e-02
  -1.8615699999999999e-02
  -5.1956350000000005e-03
  -2.4337999999999999e-03
  -1.6883824999999998e-02
  -2.4017350000000000e-02
  -2.2720350000000000e-02
  -6.7138850000000010e-03
   1.3274999999999997e-03
  -6.8206750000000000e-03
  -1.1375415000000000e-02
  -6.2026949999999994e-03
   5.1345899999999996e-03
   1.0337850000000001e-02
  -2.0980749999999996e-03
  -2.5314349999999999e-02
  -2.1789549999999998e-02
  -5.1955949999999999e-03
   6.1111200000000003e-03
  -3.8375750000000002e-03
  -1.9523650000000000e-02
  -1.9103999999999999e-02
   6.3324000000000019e-04
   1.5350325000000001e-02
   7.2174300000000004e-03
  -6.7901524999999996e-03
  -1.1344915000000001e-02
   6.3629118000000000e-03
   1.8791200000000001e-02
   2.1118144999999998e-02
   5.4550299999999996e-03
  -1.2359599999999999e-03
   9.0026599999999991e-03
   2.3468000000000003e-02
   2.5733949999999998e-02
   1.0520945000000000e-02
  -3.4790049999999994e-03
   7.3089699999999997e-03
   1.8402080000000001e-02
   2.0690914999999997e-02
   4.8141550000000005e-03
  -9.8419000000000002e-04
   8.4914949999999999e-03
   3.1921400000000003e-02
   3.6102299999999997e-02
