   3.4011850000000003e-02
   2.3208599999999999e-02
   2.7923599999999998e-03
   1.0604849999999999e-03
   2.3353600000000002e-02
   4.2030349999999994e-02
   3.0326850000000002e-02
   6.6452149999999995e-03
   8.4381300000000003e-03
   2.8182950000000002e-02
   4.0840149999999999e-02
   3.0113250000000001e-02
  -7.0190500000000006e-04
  -1.7547609999999999e-03
   1.6571050000000000e-02
   2.8701749999999998e-02
   1.3961815000000001e-02
  -2.2889999999999803e-05
  -2.4795550000000000e-03
   1.7578099999999999e-02
   3.5095200000000000e-02
   2.6214600000000001e-02
  -4.2724500000000014e-04
  -1.4121999999999999e-02
  -3.1967150000000001e-03
   1.4343270000000000e-02
   1.1436485000000001e-02
  -9.4528300000000006e-03
  -1.4053349999999999e-02
   5.7983350000000004e-04
   2.0256049999999998e-02
   2.0195049999999999e-02
  -9.2315799999999996e-03
  -2.2277850000000002e-02
  -5.0048799999999997e-03
   1.3313305000000001e-02
   2.0477300000000000e-02
   7.2784649999999996e-03
  -3.9062500000000000e-03
   8.0413800000000007e-03
   1.2069710000000001e-02
   1.6624469999999999e-02
  -4.3029749999999997e-03
  -2.7175900000000003e-02
  -2.1598850000000003e-02
   6.6604699999999999e-03
   1.8585200000000000e-02
   3.6849949999999999e-03
  -1.3092035000000000e-02
  -1.9683850000000003e-02
   1.4419550000000000e-03
   1.4648425000000000e-02
   8.9721499999999999e-03
  -5.2413949999999994e-03
  -7.4005099999999999e-03
   1.2832600000000000e-02
   2.6077299999999998e-02
   1.4587420000000000e-02
  -1.3542195000000000e-02
  -2.1942150000000001e-02
  -1.8920899999999999e-03
   9.0026749999999999e-03
   1.0170000000000000e-02
  -5.6610150000000001e-03
  -9.6512100000000003e-03
   6.0577550000000006e-03
   2.1507300000000000e-02
   2.2796650000000002e-02
   3.8147000000000007e-04
  -1.2619020000000000e-02
   8.3160600000000003e-04
   1.5411399999999999e-02
   1.7585750000000001e-02
  -9.9105700000000005e-03
  -1.7829899999999999e-02
  -2.9296850000000000e-03
   2.2026100000000000e-02
   3.4126299999999998e-02
   1.4595025000000001e-02
  -4.8065199999999999e-03
   2.4108876000000002e-03
   2.2392249999999999e-02
   2.2216799999999998e-02
   4.0435949999999997e-03
  -1.7150900000000000e-02
  -1.4717100000000000e-02
   8.8272200000000002e-03
   2.4894699999999999e-02
   1.1238089999999999e-02
  -6.0577600000000006e-03
  -5.7907100000000001e-03
   1.2130715000000000e-02
   2.4063099999999997e-02
   8.7737800000000001e-03
  -1.1589064999999999e-02
  -1.5678450000000000e-02
   2.6702999999999991e-04
   1.6708350000000000e-02
   1.3069150000000000e-02
  -2.4414100000000006e-03
  -1.0154735000000000e-02
   1.3381950000000000e-02
   2.5283800000000002e-02
   1.8890350000000000e-02
  -9.7045849999999999e-03
  -2.0462000000000001e-02
  -6.0882550000000007e-03
   1.0055535000000001e-02
   1.1383070000000000e-02
  -7.4310200000000000e-03
  -1.7387400000000001e-02
  -1.8844626000000001e-03
   1.6891449999999999e-02
   1.9393950000000000e-02
  -3.1127949999999998e-03
  -2.0385750000000001e-02
  -1.1856100000000000e-02
   1.2329109999999999e-02
   1.6654954999999999e-02
   9.1552499999999993e-04
  -1.9470250000000001e-02
  -9.6588200000000003e-03
   1.4862070000000000e-02
   2.9037449999999999e-02
   3.0593800000000000e-03
  -1.4373795000000002e-02
  -2.1377600000000000e-02
  -7.6294999999999987e-06
   1.3259879999999998e-02
  -7.5988730000000008e-03
  -3.2104500000000001e-02
  -2.8572100000000003e-02
   3.9062500000000000e-03
   1.1726365000000001e-02
   3.2729950000000003e-03
  -2.5337249999999999e-02
  -3.3950800000000003e-02
  -1.6311650000000000e-02
  -3.7994349999999999e-03
  -1.2893660000000001e-02
  -2.8091450000000000e-02
  -3.4362799999999999e-02
  -1.5739400000000001e-02
   4.2724500000000014e-04
   3.3874499999999997e-03
  -1.1108419999999999e-02
  -2.1141050000000002e-02
  -9.0789600000000005e-03
   4.6844499999999997e-03
   6.1493149999999998e-03
  -1.0726915000000000e-02
  -2.6908849999999998e-02
  -1.6723650000000000e-02
   3.1051849999999999e-03
   7.0190349999999999e-03
  -1.7692570000000001e-02
  -3.7300150000000004e-02
  -1.5838600000000001e-02
   1.1253380000000000e-02
   1.2657155000000000e-02
  -1.3534564999999998e-02
  -2.8533949999999999e-02
  -1.4900199999999999e-02
   1.1871349999999999e-02
   2.0690899999999998e-02
  -8.8501050000000005e-03
  -3.2104500000000001e-02
  -2.5367750000000001e-02
   2.1972650000000003e-03
   1.9393950000000000e-02
   2.1361999999999944e-04
  -2.0401000000000002e-02
  -2.1194450000000000e-02
   1.0757440000000000e-02
   2.6718150000000003e-02
   3.8070649999999997e-03
  -2.1003750000000002e-02
  -1.9958500000000001e-02
   3.6850000000000003e-03
   1.8356350000000000e-02
   7.5073154999999994e-03
  -1.9729600000000000e-02
  -2.6100149999999999e-02
  -1.0253910000000000e-02
   6.7215145000000002e-03
   1.1901849999999999e-03
  -2.0187350000000000e-02
  -2.6680000000000002e-02
  -9.1171250000000002e-03
   4.6539500000000004e-03
   2.6626599999999999e-03
  -1.3809220000000001e-02
  -2.0568850000000000e-02
  -7.3394799999999998e-03
   9.5367400000000001e-03
   1.4694195000000000e-02
  -5.0506549999999994e-03
  -1.6334550000000000e-02
  -3.8833595000000000e-03
   1.0910015000000000e-02
   6.8054300000000003e-03
  -1.1825580000000000e-02
  -2.6748649999999999e-02
  -2.1743749999999999e-02
   7.7972600000000003e-03
   1.8966700000000000e-02
   2.8991500000000040e-04
  -2.3879999999999998e-02
  -2.3391749999999999e-02
   8.6211999999999986e-04
   7.1716374999999995e-03
  -1.1085525000000001e-02
  -3.4896850000000000e-02
  -3.3096300000000002e-02
  -1.2741100000000002e-03
   1.8188450000000002e-02
  -1.2817400000000000e-03
  -2.0515449999999998e-02
  -2.3689250000000002e-02
  -5.1117000000000003e-04
   2.0866400000000000e-02
   6.8054155000000002e-03
  -1.8676749999999999e-02
  -2.6588399999999998e-02
  -1.8096950000000001e-02
   8.2473849999999994e-03
   1.4946005000000000e-02
  -1.7303474999999999e-02
  -2.9602050000000001e-02
  -1.1100765000000000e-02
   1.2550340000000000e-02
   1.8997150000000002e-03
  -2.6237450000000002e-02
  -3.9260900000000001e-02
  -2.6031499999999999e-02
  -7.2860900000000003e-03
   3.6621499999999960e-04
  -1.1260974999999999e-02
  -1.2474040000000000e-02
   1.2268049999999999e-02
   3.2661450000000002e-02
   3.4027099999999998e-02
   6.4620744999999997e-03
  -1.5144350000000001e-02
  -1.9989050000000001e-02
   3.6697400000000003e-03
   7.5683699999999996e-03
  -1.1718765000000001e-02
  -2.6832600000000002e-02
  -2.3193350000000001e-02
   7.7667350000000003e-03
   7.8125030500000008e-03
  -9.5062000000000011e-03
  -3.1868000000000000e-02
  -2.8991699999999999e-02
  -4.9896200000000002e-03
   8.8653650000000001e-03
  -5.1727349999999995e-03
  -2.6847799999999998e-02
  -3.0197150000000002e-02
  -6.1721850000000002e-03
   1.7181385000000000e-02
   1.3664245000000000e-02
   7.0952999999999988e-04
  -1.2924175000000000e-02
   7.0495549999999999e-03
   1.9462569999999998e-02
   9.0408549999999987e-03
  -9.3765150000000002e-03
  -1.9882200000000003e-02
  -4.6844499999999997e-03
   1.0711675000000000e-02
   7.2326585000000001e-03
  -1.3305685000000001e-02
  -2.4620049999999997e-02
  -9.6893299999999995e-03
   6.3781750000000007e-03
   2.9144399999999999e-03
  -2.1675100000000003e-02
  -3.3454899999999996e-02
  -1.8074050000000001e-02
   8.0871499999999978e-04
   5.6228849999999993e-03
  -2.3735050000000001e-02
  -2.9266350000000003e-02
  -1.1482215000000000e-02
   1.1138894999999999e-02
   1.1367775000000000e-02
  -4.9590950000000002e-03
  -1.9355749999999998e-02
  -8.9416500000000006e-03
   1.5365605000000001e-02
   2.1423354999999998e-02
   2.3422199999999999e-03
  -1.4884939999999999e-02
  -2.0546000000000002e-02
   1.0223400000000001e-03
   1.1375435000000000e-02
  -5.0430500000000003e-03
  -2.3445100000000000e-02
  -2.5161750000000000e-02
  -2.8228749999999999e-03
   1.2077309999999999e-02
   7.3470800000000006e-03
  -1.1573814999999999e-02
  -2.3323049999999998e-02
   1.7929100000000000e-03
   2.0919800000000002e-02
   1.5151960000000001e-02
  -2.1285999999999996e-03
  -1.2565650000000001e-02
   8.9187599999999995e-03
   2.0126350000000001e-02
   1.5953044999999999e-02
  -7.8506549999999998e-03
  -2.3979149999999998e-02
  -1.0345449999999999e-02
   5.3406000000000000e-03
   8.7509399999999987e-03
  -1.2031540000000000e-02
  -2.3704500000000000e-02
  -6.8893400000000007e-03
   8.7051449999999992e-03
   1.2100220000000000e-02
  -7.2174140000000001e-03
  -1.9004850000000000e-02
  -6.2484749999999999e-03
   1.3893150000000000e-02
   1.0551435000000001e-02
  -7.4005059999999994e-03
  -2.1285999999999999e-02
  -1.7753599999999998e-02
   2.0980850000000004e-03
   1.2466430000000001e-02
  -3.7307750000000004e-03
  -1.5182500000000002e-02
  -9.2010299999999989e-03
   1.0803225000000000e-02
   1.2542744999999999e-02
  -8.8195699999999988e-03
  -3.0158999999999998e-02
  -2.4253850000000000e-02
  -2.8991849999999997e-04
   8.0871639999999991e-03
  -1.5029900000000001e-03
  -2.0912149999999997e-02
  -1.7196650000000001e-02
   4.2495735000000001e-03
   2.1553050000000001e-02
   1.1695875000000001e-02
  -1.6395600000000000e-02
  -2.9342649999999998e-02
  -6.1568995000000001e-03
   9.9182080000000013e-03
   9.0179549999999994e-03
  -5.0506449999999994e-03
  -1.2618995000000001e-02
  -2.6702500000000016e-04
   1.5808099999999999e-02
   1.2870800000000002e-02
  -7.8277799999999995e-03
  -1.6021750000000001e-02
  -5.8593750000000000e-03
   1.4617900000000000e-02
   1.7829874999999999e-02
   2.4414500000000030e-04
  -8.3160450000000011e-03
   6.0729900000000003e-03
   2.3704549999999998e-02
   3.1936649999999997e-02
   1.0299670000000000e-02
  -7.4844149999999995e-03
  -4.8294050000000002e-03
   1.6715999999999998e-02
   2.3925749999999999e-02
  -2.7236700000000001e-03
  -1.8043500000000001e-02
  -8.6135850000000000e-03
   2.0225500000000000e-02
   2.0759550000000002e-02
   9.2163104999999999e-03
  -1.1177070000000001e-02
  -1.7135600000000001e-02
   6.4468399999999997e-03
   1.9927950000000000e-02
   8.4838850000000000e-03
  -1.0612500000000000e-02
  -2.5276149999999997e-02
   7.6295000000000095e-05
   2.0172099999999998e-02
   8.9569155000000008e-03
  -1.5731800000000001e-02
  -2.8564449999999998e-02
  -1.0810874999999999e-02
   2.3498349999999998e-03
   5.3558349999999998e-03
  -8.9645349999999992e-03
  -2.4185149999999999e-02
  -1.4038080000000000e-02
   9.5138405000000006e-03
   1.4610280000000000e-02
  -4.6463095000000001e-03
  -1.8524200000000001e-02
  -6.5307600000000000e-03
   7.2250290000000000e-03
   1.4366130000000000e-02
  -5.7067699999999999e-03
  -1.2207050000000001e-02
  -5.2108750000000002e-03
   1.2359610000000000e-02
   1.9126900000000002e-02
  -3.7154949999999996e-03
  -1.9889850000000001e-02
  -1.7250049999999999e-02
   9.1323700000000008e-03
   2.6870699999999997e-02
   3.8909999999999986e-04
  -1.5121435000000001e-02
  -8.7966750000000003e-03
   1.2283330000000000e-02
   2.0637500000000000e-02
  -7.2173900000000006e-03
  -2.1545399999999999e-02
  -1.1314375000000002e-02
   1.8287700000000000e-02
   3.1288150000000001e-02
   1.9699100000000001e-02
  -4.5700050000000002e-03
  -4.1275050000000001e-03
   1.7677300000000000e-02
   2.6733399999999997e-02
   1.5579240000000001e-02
  -7.6446550000000002e-03
  -1.9500750000000001e-02
   5.4931999999999984e-04
   1.7898600000000001e-02
   1.4381425000000000e-02
  -5.8059654999999995e-03
  -1.3465899999999999e-02
  -1.1444100000000000e-03
   1.1688225000000000e-02
   1.3847350000000000e-02
  -7.8048900000000001e-03
  -2.5939950000000000e-02
  -1.8554700000000000e-02
  -6.0271999999999995e-04
   8.6364600000000003e-03
  -7.7667320000000001e-03
  -1.9447349999999999e-02
  -2.1667449999999999e-03
   2.0965549999999999e-02
   2.3567199999999996e-02
   6.6223300000000001e-03
  -1.0498070000000000e-02
  -4.2724600000000005e-03
   1.7669649999999999e-02
   2.2346499999999998e-02
   3.2348650000000004e-03
  -1.5792850000000001e-02
  -9.1705099999999998e-03
   1.3359065000000000e-02
   2.4932900000000001e-02
   7.9650899999999993e-03
  -7.4538950000000003e-03
  -1.4396699999999998e-02
   4.2572009999999995e-03
   1.6265845000000001e-02
   1.9226099999999995e-03
  -1.7440750000000001e-02
  -1.8905600000000002e-02
   1.3687150000000000e-02
   3.0601499999999997e-02
   2.8762800000000002e-02
   7.4920700000000000e-03
  -7.0419300000000001e-03
   7.9727300000000008e-03
   2.3674000000000001e-02
   2.3689300000000000e-02
   4.3792724999999998e-03
  -5.2719100000000003e-03
   7.4234000000000001e-03
   2.0706200000000001e-02
   1.7860450000000000e-02
  -6.4239299999999996e-03
  -1.7913850000000002e-02
  -4.9057000000000007e-03
   1.3870245000000000e-02
   1.3122575000000001e-02
  -8.9569314999999993e-03
  -2.3399349999999999e-02
  -1.1123660000000000e-02
   1.1749275000000000e-02
   1.6227729999999999e-02
   4.2572050000000000e-03
  -8.2244650000000002e-03
   2.9754499999999997e-04
   2.3292550000000002e-02
   2.8045649999999998e-02
   1.0284430000000001e-02
  -1.0002150000000000e-02
  -6.5231300000000002e-03
   1.6197250000000000e-02
   2.3323049999999998e-02
   9.0789999999999968e-04
  -1.6342200000000001e-02
  -1.9638049999999997e-02
   5.9890750000000000e-03
   2.0156850000000000e-02
   8.2168799999999993e-03
  -1.2428305000000001e-02
  -1.5853899999999997e-02
   3.8070690000000002e-03
   1.5487649999999999e-02
   2.2430449999999999e-03
  -1.9546500000000001e-02
  -2.5482150000000002e-02
   3.5858500000000002e-04
   2.2575399999999999e-02
   1.8661520000000001e-02
  -7.9498499999999996e-03
  -1.8974299999999999e-02
  -6.2179550000000007e-03
   1.3954185000000001e-02
   1.2413020000000000e-02
  -1.5975975000000000e-02
  -2.2369399999999998e-02
  -1.0871909999999999e-02
   1.3450644999999999e-02
   2.0797750000000000e-02
  -1.1673150000000004e-03
  -1.8920899999999997e-02
  -1.0856625000000002e-02
   1.2504580000000000e-02
   1.8447869999999998e-02
   1.3580300000000001e-03
  -1.1528020000000000e-02
  -5.6991650000000000e-03
   1.2275700000000001e-02
   2.1125749999999999e-02
   6.8512149999999999e-03
  -4.8599245000000004e-03
  -2.1820089999999999e-03
   1.7921449999999998e-02
   2.4284350000000000e-02
   9.0866149999999993e-03
  -1.1596685000000001e-02
  -1.2176530000000001e-02
   5.6610100000000002e-03
   1.3465885000000000e-02
   2.9754499999999975e-04
  -1.6693150000000000e-02
  -1.1764530000000000e-02
   6.9656149999999997e-03
   2.2056550000000001e-02
   1.0635394999999999e-02
  -9.8648199999999998e-03
  -1.7044049999999998e-02
   2.3574824999999999e-03
   2.1041900000000002e-02
   1.3137800000000000e-02
  -1.2756350000000000e-02
  -2.2430400000000000e-02
  -3.0136150000000003e-03
   2.1980300000000001e-02
   2.5451649999999999e-02
   6.2484935000000005e-03
  -6.7977899999999997e-03
   1.2916550000000001e-02
   3.1623850000000002e-02
   3.9970400000000003e-02
   1.8379199999999998e-02
  -1.8997174999999999e-03
   5.6228650000000003e-03
   2.5543200000000002e-02
   2.7015700000000004e-02
  -1.8997099999999998e-03
  -1.6326899999999998e-02
  -1.1703469999999999e-02
   8.2016164999999999e-03
   1.5548715000000001e-02
  -1.1672949999999996e-03
  -9.1934299999999990e-03
  -1.1467000000000000e-02
   4.8370375000000004e-03
   1.5472425000000000e-02
   1.1459355000000001e-02
  -1.1672950000000001e-03
   3.1280550000000002e-03
   2.8686549999999998e-02
   4.4044500000000000e-02
   2.2796650000000002e-02
  -2.4032550000000000e-03
  -7.5988849999999997e-03
   1.7784149999999999e-02
   3.2188399999999999e-02
   2.3994450000000001e-02
   4.0435799999999997e-03
  -8.2397500000000001e-04
   1.5464800000000001e-02
   3.6369350000000002e-02
   3.4774750000000000e-02
   5.5160500000000006e-03
  -2.8076155000000000e-03
   1.7715450000000001e-02
   3.8337700000000002e-02
   3.3912650000000003e-02
   5.3558395000000000e-03
  -1.1634839999999999e-02
   7.1029589999999998e-03
   3.6979650000000003e-02
   4.1214000000000001e-02
   1.8142724999999998e-02
   2.6779200000000003e-03
   1.1024475000000001e-02
   3.5781849999999997e-02
   3.2272349999999998e-02
   5.9661750000000006e-03
  -1.9241350000000001e-02
  -9.8952999999999992e-03
   1.3885504999999999e-02
   2.2186299999999999e-02
   1.3732999999999974e-04
  -1.8737799999999999e-02
  -1.4907850000000000e-02
   9.7198549999999995e-03
   1.9363400000000003e-02
   4.0511949999999996e-03
  -1.3862585000000000e-02
  -1.0581985000000000e-02
   1.0040284999999999e-02
   1.2901329999999999e-02
   3.9825399999999997e-03
  -8.5601649999999998e-03
  -9.0561050000000001e-03
   1.9126899999999999e-02
   3.2943750000000001e-02
   2.6321399999999998e-02
  -1.4038250000000000e-03
  -3.9672850000000001e-03
   8.5449400000000009e-03
   1.6738900000000001e-02
   1.1672985000000000e-02
  -1.2359620000000000e-02
  -2.5024400000000002e-02
  -1.0498030000000000e-02
   1.1680595000000000e-02
   7.8506412000000012e-03
  -1.3092050000000001e-02
  -2.6496900000000000e-02
  -1.4450049999999999e-02
   5.4626249999999996e-03
   7.9421914999999992e-03
  -1.6624455000000000e-02
  -3.3416750000000002e-02
  -2.4253850000000000e-02
  -4.8523200000000002e-03
   8.8271899999999986e-03
  -6.7672909999999999e-03
  -1.8432600000000000e-02
  -1.4312749999999999e-02
   8.2626399999999999e-03
   1.4427200000000001e-02
  -3.3035249999999999e-03
  -1.9920350000000000e-02
  -1.6189550000000000e-02
   5.2032499999999995e-03
   1.1390674999999999e-02
  -4.1732699999999998e-03
  -1.7982499999999998e-02
  -1.4198320000000000e-02
   8.8806150000000014e-03
   2.2750900000000001e-02
   9.7656099999999992e-03
  -1.5205400000000001e-02
  -2.2140500000000000e-02
  -2.5024425000000003e-03
   2.7008065000000002e-03
  -8.9263699999999994e-03
  -1.9996649999999998e-02
  -1.5205399999999999e-02
   7.6675200000000006e-03
   2.5596599999999997e-02
   1.6159050000000001e-02
  -4.8217750000000004e-03
  -1.3725299999999999e-02
  -9.1323900000000006e-03
   5.8135755000000002e-03
   4.1961999999999989e-04
  -2.0561199999999998e-02
  -3.3515900000000001e-02
  -7.5835999999999994e-03
   1.5663125000000000e-02
   1.9638050000000001e-02
  -1.4495850000000002e-03
  -1.2733459999999999e-02
  -7.2479099999999998e-03
   1.0757434999999999e-02
   1.8280000000000001e-02
  -2.7236750000000001e-03
  -1.9500700000000003e-02
  -1.7242399999999998e-02
   9.6587949999999995e-03
   2.2293049999999998e-02
   8.3160500000000002e-04
  -2.3162849999999999e-02
  -1.4999350000000000e-02
   1.2626670000000000e-02
   2.0866400000000000e-02
   4.7378300000000002e-03
  -6.3171350000000006e-03
  -2.9602055000000002e-03
   2.2506699999999998e-02
   4.0489200000000003e-02
   2.5115999999999999e-02
   2.2354149999999997e-03
  -8.2779150000000003e-03
   1.1840795000000001e-02
   2.6313799999999998e-02
   1.3275150000000001e-02
  -7.5149695000000004e-03
  -1.3702380000000000e-02
   6.9580099999999997e-03
   2.1514900000000000e-02
   1.5670799999999999e-02
   1.2970000000000002e-03
  -3.1204230500000000e-03
   1.4740000000000000e-02
   2.7671849999999998e-02
   2.7214050000000000e-02
   6.6833355000000001e-03
  -1.9607550000000002e-03
   8.9111099999999999e-03
   2.6023850000000001e-02
   3.3065799999999999e-02
   1.6296405000000000e-02
   7.4768100000000004e-03
   2.0606949999999999e-02
   3.3485399999999998e-02
   4.0847800000000004e-02
   2.2193900000000003e-02
   4.9438499999999996e-03
   7.7590950000000006e-03
   2.1324200000000001e-02
   2.5665300000000002e-02
   9.9563550000000001e-03
  -9.7274900000000001e-03
  -6.8893449999999998e-03
   9.4909499999999997e-03
   2.1774300000000000e-02
   6.8664729999999997e-03
  -4.9667595000000000e-03
  -3.0975349999999998e-03
   2.2209199999999998e-02
   3.6102300000000004e-02
   2.1644600000000000e-02
   2.0980850000000000e-03
   3.1661999999999997e-03
   2.4559000000000001e-02
   4.4288649999999999e-02
   3.1517000000000003e-02
   5.2566399999999999e-03
  -3.4103415000000001e-03
   1.2352015000000001e-02
   1.6883844999999998e-02
   1.1306770000000001e-02
  -1.0986320000000001e-02
  -1.9050600000000001e-02
  -1.1367799999999998e-03
   1.8287700000000000e-02
   1.1230469999999999e-02
  -1.5251140000000000e-02
  -1.9401550000000000e-02
   5.5695000000000007e-04
   1.7646800000000001e-02
   2.3368850000000000e-02
  -5.9356749999999996e-03
  -1.9310000000000001e-02
  -3.5095199999999999e-03
   1.5922550000000001e-02
   1.9256599999999999e-02
  -2.3956500000000000e-03
  -1.3549809999999999e-02
  -3.3340450000000003e-03
   1.6487100000000001e-02
   2.8251650000000000e-02
   8.6440809999999996e-03
  -1.1207565000000001e-02
  -1.2275695000000000e-02
   1.2954715000000000e-02
   1.9706750000000002e-02
   7.6827850000000001e-03
  -1.2756344999999999e-02
  -1.7173799999999999e-02
   2.1362499999999984e-04
   1.5968300000000001e-02
   4.1503950000000003e-03
  -9.7427450000000006e-03
  -1.1512755000000000e-02
   1.1543260000000000e-02
   2.4200450000000002e-02
   1.5396095000000000e-02
  -2.1667349999999995e-03
  -1.3572680000000000e-02
   4.7378740000000004e-03
   1.3877855000000000e-02
   4.8675450000000000e-03
  -1.2710550000000001e-02
  -1.6807549999999997e-02
  -9.0026999999999989e-04
   1.1146560000000000e-02
   8.1558150000000003e-03
  -1.4259355000000000e-02
  -2.5474549999999999e-02
  -4.0435799999999997e-03
   1.6380314999999999e-02
   2.2453299999999999e-02
  -2.2885000000000266e-05
  -6.2866199999999997e-03
   2.8610225000000001e-03
   2.1293650000000001e-02
   3.1875600000000004e-02
   1.0726940000000001e-02
  -1.0353080000000001e-02
   1.6937299999999998e-03
   3.0494700000000000e-02
   3.8085950000000000e-02
   2.1545399999999999e-02
   2.2888000000000032e-04
   1.6174300000000000e-03
   1.9660950000000000e-02
   3.0120850000000001e-02
   1.8096950000000001e-02
   2.8381350000000003e-03
   1.6784649999999999e-03
   2.5657650000000001e-02
   3.0975349999999999e-02
   1.2413010000000000e-02
  -5.8898700000000002e-03
  -1.2245199999999999e-02
   5.3329450000000004e-03
   2.1713300000000001e-02
   2.0675650000000000e-02
   1.0063185000000001e-02
   9.2162949999999993e-03
   2.8739950000000000e-02
   4.5097350000000001e-02
   4.1084300000000004e-02
   1.9691449999999999e-02
   1.2313859999999999e-02
   2.9960649999999998e-02
   3.9634699999999995e-02
   3.3493049999999996e-02
   1.1596695000000001e-02
   1.1444500000000013e-04
   1.2626650000000000e-02
   1.9737250000000001e-02
   1.8440225000000001e-02
  -6.4086895000000001e-03
  -1.6647349999999998e-02
  -6.6452049999999995e-03
   1.2145985000000000e-02
   1.2809770000000000e-02
  -1.1291490000000000e-02
  -2.3941049999999998e-02
  -1.1421225000000000e-02
   1.8707249999999998e-02
   3.3302300000000000e-02
   1.7692599999999999e-02
   3.0212399999999997e-03
   1.2535100000000000e-02
   2.7069099999999999e-02
   3.4484849999999997e-02
   1.6944905000000000e-02
  -4.0283225000000006e-03
  -7.9803449999999998e-03
   8.6669950000000003e-03
   1.8859850000000001e-02
   3.0517700000000001e-03
  -2.1949799999999998e-02
  -2.6412949999999998e-02
  -2.2811899999999998e-03
   9.3841600000000008e-03
   2.2201450000000002e-03
  -1.9111599999999999e-02
  -1.9058249999999999e-02
   1.3122600000000002e-03
   1.7242425000000002e-02
   2.0568850000000000e-02
   4.4403100000000003e-03
  -1.7242400000000001e-03
   1.0879504999999999e-02
   2.5009150000000001e-02
   1.6906749999999998e-02
  -5.1421899999999996e-03
  -1.6090400000000001e-02
   2.4185200000000000e-03
   2.1446250000000000e-02
   2.7061450000000001e-02
  -7.6294000000000015e-04
  -1.5724200000000001e-02
  -5.3024250000000004e-03
   1.0208150000000001e-02
   1.3984695000000000e-02
  -1.0368370000000000e-02
  -2.6916499999999999e-02
  -2.1026650000000001e-02
   6.4086920000000006e-03
   1.6670230000000001e-02
  -7.1182199999999998e-03
  -1.7326399999999999e-02
  -1.4724745000000001e-02
   5.7296585000000001e-03
   2.1957399999999998e-02
  -4.1199000000000010e-04
  -2.2750850000000000e-02
  -2.1964999999999998e-02
   1.0528600000000001e-03
   1.4221194999999999e-02
   3.4256099999999995e-03
  -2.3292550000000002e-02
  -2.5505050000000001e-02
  -5.7143999999999997e-03
   7.0953564999999994e-03
  -6.8649999999999961e-05
  -2.0919799999999999e-02
  -2.5215149999999999e-02
   4.8217859999999998e-03
   1.9950849999999999e-02
   4.6539399999999996e-03
  -1.1894225000000000e-02
  -2.0225500000000000e-02
  -5.7144150000000005e-03
  -1.1291500000000002e-03
  -1.5335250000000000e-03
  -2.1003750000000002e-02
  -2.2445649999999998e-02
  -1.3732999999999974e-04
   1.3748180000000000e-02
   1.5342715000000000e-02
  -4.7226000000000004e-03
  -1.6212450000000000e-02
  -8.3999649999999988e-03
   4.9438499999999996e-03
   5.3863399999999999e-03
  -1.6090400000000001e-02
  -2.4375899999999999e-02
  -1.2275690000000001e-02
   8.6974849999999996e-03
   1.1543260000000000e-02
  -3.8146950000000003e-03
  -1.8508900000000002e-02
  -1.7608650000000000e-02
   3.2959000000000000e-03
   1.4564529999999999e-02
  -6.5917850000000002e-03
  -2.5627150000000001e-02
  -2.4948100000000001e-02
   3.4179750000000002e-03
   2.6435850000000000e-02
   1.5556350000000000e-02
  -2.5863650000000002e-03
  -5.5160550000000006e-03
   1.2443530000000000e-02
   2.1446250000000000e-02
   6.9885099999999999e-03
  -1.2893669999999999e-02
  -1.7570499999999999e-02
   2.9678350000000003e-03
   1.8989550000000001e-02
   1.7410300000000000e-02
   4.9743649999999997e-03
  -4.7912600000000003e-03
   3.9443999999999998e-03
   1.1604324999999999e-02
   5.8288799999999998e-03
  -1.6342144999999999e-02
  -2.4200449999999998e-02
  -1.3099679999999999e-02
   2.0751950000000002e-03
   3.6773599999999997e-03
  -1.1375415000000000e-02
  -2.1324150000000000e-02
  -6.0577399999999998e-03
   1.3214105000000000e-02
   2.1240249999999999e-02
   8.4609844999999993e-03
  -1.0009755000000000e-02
  -1.2252809999999999e-02
   5.8212185000000001e-03
   1.1138914999999999e-02
  -6.1416500000000002e-03
  -2.0111100000000000e-02
  -1.2619030000000000e-02
   1.7112749999999999e-02
   2.5802649999999996e-02
   4.1656699999999998e-03
  -1.6830450000000000e-02
  -1.2077350000000001e-02
   1.4633175000000002e-02
   1.8623364999999999e-02
   7.7056649999999996e-03
  -1.6288759999999999e-02
  -2.1697999999999999e-02
   5.1803834999999999e-03
   2.0240749999999998e-02
   8.3312995000000001e-03
  -1.3046285000000001e-02
  -2.1072399999999998e-02
  -2.6931749999999999e-03
   1.5914899999999999e-02
   1.5502925000000001e-02
  -4.7454920000000005e-03
  -7.2326650000000001e-03
   1.5029899999999999e-02
   3.4553500000000001e-02
   3.3172599999999997e-02
   1.2680060000000000e-02
   2.9754499999999997e-04
   1.2588520000000001e-02
   2.7603150000000000e-02
   2.4383550000000000e-02
   5.5313099999999994e-03
  -1.1039714999999999e-02
  -1.9683850000000004e-03
   1.0070780000000000e-02
   1.0185240000000000e-02
  -9.3536250000000008e-03
  -1.8844600000000003e-02
  -2.4566639999999999e-03
   1.9210800000000000e-02
   2.6870749999999999e-02
   5.3787049999999993e-03
  -8.6441050000000009e-03
  -3.9291359999999997e-03
   1.5678400000000002e-02
   2.3605349999999997e-02
   8.1024050000000000e-03
  -1.1230489999999999e-02
  -1.1421199999999999e-02
   1.1184705000000000e-02
   1.8783550000000000e-02
   6.2561049999999997e-03
  -1.3221725000000000e-02
  -1.6906700000000000e-02
  -3.6849949999999999e-03
   9.3536200000000000e-03
   4.2724500000000014e-04
  -1.6098049999999999e-02
  -2.7069099999999999e-02
  -1.1169425000000000e-02
   9.3154899999999992e-03
   4.3792550000000003e-03
  -1.1993419999999999e-02
  -1.8493650000000000e-02
   6.6376000000000022e-04
   1.8699600000000000e-02
   1.6822790000000001e-02
  -6.3247885000000002e-03
  -2.1011349999999998e-02
  -5.9051550000000005e-03
   1.4762890000000001e-02
   1.6761785000000001e-02
   1.8310500000000025e-04
  -1.4495850000000001e-02
  -3.5858135000000004e-03
   1.2580875000000000e-02
   1.4801020000000002e-02
  -1.3214090000000001e-02
  -3.1951899999999998e-02
  -2.0736700000000000e-02
   6.5612799999999992e-03
   1.2184150000000001e-02
  -1.8035869999999999e-02
  -2.6664750000000001e-02
  -6.4697299999999999e-03
   2.1141050000000002e-02
   3.2409700000000000e-02
   1.8363950000000000e-02
  -5.1422150000000003e-03
  -8.7127850000000007e-03
   1.0978695000000000e-02
   1.9966100000000001e-02
  -4.0664450000000001e-03
  -2.2056600000000003e-02
  -1.9912750000000000e-02
   9.9182000000000003e-04
   1.1901860000000000e-02
  -6.1035000000000082e-05
  -2.0202600000000001e-02
  -2.8663649999999999e-02
  -6.8054450000000002e-03
   8.9416749999999996e-03
   7.7361900000000004e-03
  -1.3824465000000001e-02
  -2.3986800000000003e-02
  -1.3420085000000000e-02
   1.6021750000000001e-02
   2.0378100000000000e-02
   2.2735600000000000e-03
  -2.0523049999999999e-03
   9.5978000000000001e-03
   2.3925750000000003e-02
   1.2634280000000001e-02
  -2.9830949999999998e-03
  -1.6128549999999998e-02
  -1.2771629999999999e-02
  -9.4604499999999996e-04
   2.0675700000000003e-03
  -1.9729600000000000e-02
  -3.0746450000000002e-02
  -1.7814650000000001e-02
   4.1198500000000013e-04
   1.4480580000000000e-02
  -5.2566505000000005e-03
  -2.3353550000000001e-02
  -1.9470200000000000e-02
   3.3187849999999999e-03
   1.4808644999999999e-02
   1.2741100000000002e-03
  -2.8007499999999998e-02
  -3.2318100000000002e-02
  -2.6702999999999970e-04
   1.6807549999999997e-02
   5.5999650000000002e-03
  -1.1405965000000001e-02
  -1.4030450000000000e-02
   8.0032400000000000e-03
   2.1041850000000001e-02
   3.3569250000000002e-03
  -2.3132300000000001e-02
  -2.9541000000000001e-02
  -3.9138799999999998e-03
   1.0139479999999999e-02
  -9.1552499999999993e-04
  -3.1204250000000003e-02
  -4.1244550000000005e-02
  -2.0690950000000000e-02
   9.3078499999999995e-04
  -1.7623899999999995e-03
  -2.0797699999999999e-02
  -2.6733399999999997e-02
  -1.3565049999999999e-02
   5.0964530499999997e-03
   9.7274549999999994e-03
  -7.0953400000000003e-03
  -1.9279450000000000e-02
  -6.4392049999999999e-03
   1.2847880000000001e-02
   1.4060965000000002e-02
  -4.9514699999999995e-03
  -1.8943799999999997e-02
  -1.4015210000000000e-02
   2.4719200000000003e-03
   9.6893099999999996e-03
  -7.2021519999999999e-03
  -2.7046199999999999e-02
  -2.7809149999999998e-02
  -9.3917849999999997e-03
  -1.7013549999999999e-03
  -1.9264199999999999e-02
  -2.9693600000000001e-02
  -2.0896950000000001e-02
   4.9896250000000001e-03
   1.4930724999999999e-02
  -8.3465420000000002e-03
  -2.8167699999999997e-02
  -2.2933950000000002e-02
   3.9596550000000003e-03
   1.8203749999999998e-02
   5.0811750000000003e-03
  -1.5724149999999999e-02
  -1.8936149999999999e-02
  -7.4005250000000011e-04
   5.3024155000000002e-03
  -2.0370449999999999e-03
  -2.9678349999999999e-02
  -3.6125199999999996e-02
  -1.7028800000000000e-02
  -1.6021700000000004e-03
   1.5260000000000447e-05
  -2.4139399999999998e-02
  -3.3485399999999998e-02
  -1.9439699999999997e-02
  -7.5530999999999992e-04
   3.4027300000000001e-03
  -1.5693680000000002e-02
  -2.4719249999999998e-02
  -1.4190660000000001e-02
   2.6626399999999995e-03
   1.2496945000000001e-02
  -8.2855175000000007e-03
  -1.7105100000000002e-02
  -1.1032090000000001e-02
   6.2713750000000000e-03
   1.0467550000000001e-02
  -1.2588515000000000e-02
  -3.6163299999999995e-02
  -3.5675050000000000e-02
  -1.5319820000000001e-02
  -1.0787954999999998e-02
  -2.2888200000000001e-02
  -3.8352949999999997e-02
  -2.9006950000000004e-02
  -4.0435749999999998e-03
   3.8376050000000000e-03
  -9.2239465000000000e-03
  -2.7267450000000002e-02
  -2.8381350000000000e-02
  -5.7830850000000003e-03
   5.6228800000000002e-03
  -8.0795469500000005e-03
  -3.1707800000000001e-02
  -3.4194950000000002e-02
  -3.8070700000000001e-03
   1.7135649999999999e-02
   3.4637399999999999e-03
  -1.6654950000000002e-02
  -2.7954099999999999e-02
  -1.1589050000000000e-02
  -9.1552500000000037e-04
  -4.7149449999999999e-03
  -2.3704500000000003e-02
  -2.9411350000000003e-02
  -5.6152505000000002e-03
   1.6059895000000001e-02
   1.5502920000000000e-02
  -5.2414000000000002e-03
  -1.5815750000000000e-02
  -2.9907235000000000e-03
   1.4946005000000002e-02
   2.0256000000000000e-02
   2.4185199999999995e-03
  -1.2298574999999999e-02
  -2.0980840000000001e-03
   1.2008669999999999e-02
   2.0660399999999999e-02
   1.1840844999999999e-02
  -6.9427499999999984e-04
   6.4544800000000003e-03
   3.0349750000000002e-02
   3.9161649999999999e-02
   2.0912150000000001e-02
   2.7618405000000000e-03
   6.2332150000000003e-03
   2.7000400000000001e-02
   3.4538299999999994e-02
   2.3605350000000001e-02
   2.1591200000000000e-03
   1.6632060000000000e-03
   1.7135650000000002e-02
   3.0006399999999999e-02
   1.7295850000000002e-02
  -4.6691889999999998e-03
  -8.1329349999999991e-03
   1.4419550000000000e-02
   2.6283250000000001e-02
   1.7547600000000000e-02
  -6.6833650000000001e-03
  -1.5899699999999999e-02
   1.3305700000000000e-02
   3.2798750000000002e-02
   2.7404800000000000e-02
   5.2490420000000006e-03
   1.8386850000000001e-03
   1.6113300000000001e-02
   2.9762299999999998e-02
   2.6062000000000002e-02
   3.9520200000000005e-03
  -7.7285899999999996e-03
   6.5460349999999995e-03
   2.8869599999999999e-02
   2.7931250000000001e-02
   6.9351199999999995e-03
  -1.2603779999999998e-02
  -7.8124965000000001e-03
   1.3870260000000001e-02
   1.7761229999999999e-02
   7.7820000000000016e-04
  -1.1306755000000000e-02
  -4.2266834999999999e-03
   9.7808649999999997e-03
   1.8348700000000003e-02
  -2.6550100000000002e-03
  -1.7631550000000003e-02
  -1.4533999999999998e-02
   7.9193300000000005e-03
   2.0400999999999999e-02
   1.0490420000000000e-02
  -2.1438590000000001e-03
   5.5084250000000000e-03
   2.8823849999999998e-02
   3.8070699999999999e-02
   2.1430999999999999e-02
  -4.5776480000000001e-03
  -1.4572135000000000e-02
   5.8059634999999997e-03
   2.1507249999999999e-02
   1.0238624999999999e-02
  -8.6364649999999994e-03
  -1.7890949999999999e-02
   2.1667499999999998e-03
   1.7456035000000002e-02
   1.4587420000000000e-02
  -1.0353079999999999e-02
  -2.4742100000000000e-02
  -3.8223260000000005e-03
   2.0385750000000001e-02
   1.9882199999999999e-02
   1.1367800000000000e-03
  -9.1476649999999993e-03
   5.6838999999999995e-03
   2.8411849999999999e-02
   3.5461399999999997e-02
   8.2168729999999995e-03
  -9.6893099999999996e-03
   1.2512200000000002e-03
   1.3900780000000000e-02
   2.3826600000000003e-02
   3.7231350000000002e-03
  -1.5449549999999999e-02
  -4.5623759999999999e-03
   1.3443000000000000e-02
   2.1347049999999999e-02
   6.4850000000000020e-04
  -2.3712150000000001e-02
  -2.4398799999999998e-02
  -3.1509400000000005e-03
   1.3427700000000001e-03
  -6.7977710000000002e-03
  -1.6906749999999998e-02
  -1.4602700000000000e-02
   1.3504035000000001e-02
   2.6458750000000003e-02
   8.5601618000000004e-03
  -1.3732925000000000e-02
  -1.7234800000000002e-02
   4.8294063500000000e-03
   1.9737249999999998e-02
   5.1498399999999993e-03
  -2.1347049999999999e-02
  -2.9342650000000001e-02
  -9.3154850000000001e-03
   1.1978149999999996e-03
  -7.0266479999999999e-03
  -2.9335000000000000e-02
  -3.6910999999999999e-02
  -2.1507249999999999e-02
  -1.7700199999999998e-03
  -4.1656480000000001e-03
  -3.2966599999999999e-02
  -4.7843949999999996e-02
  -3.0891399999999999e-02
  -7.2021350000000001e-03
   3.6163400000000000e-03
  -1.5388499999999999e-02
  -2.8900149999999999e-02
  -2.0874049999999998e-02
  -1.9760099999999998e-03
   1.2206999999999999e-03
  -1.9744900000000003e-02
  -3.6705000000000002e-02
  -3.1402600000000003e-02
  -1.2794480000000000e-02
  -8.8500999999999988e-04
  -1.9233699999999999e-02
  -3.0715949999999999e-02
  -2.7320850000000001e-02
  -3.7841805000000000e-03
   1.7013549999999999e-03
  -2.0309450000000000e-02
  -3.8795499999999997e-02
  -4.2915350000000005e-02
  -2.0980800000000001e-02
  -1.2184120000000001e-02
  -2.3216250000000001e-02
  -3.1906150000000001e-02
  -2.2209149999999997e-02
   9.0637050000000000e-03
   2.8305100000000000e-02
   1.5571610000000001e-02
  -1.4846780000000000e-02
  -2.6565550000000000e-02
  -1.1329670000000000e-02
  -5.6915349999999993e-03
  -1.6448955000000001e-02
  -3.6491400000000000e-02
  -4.7317499999999998e-02
  -2.9388399999999999e-02
  -6.2560999999999997e-03
  -8.8882300000000004e-03
  -3.2409700000000000e-02
  -4.8446650000000001e-02
  -2.9746999999999999e-02
  -7.5072999999999997e-03
  -2.6092550000000004e-03
  -1.7700199999999999e-02
  -3.5812399999999994e-02
  -2.9235850000000001e-02
  -3.6926250000000002e-03
   7.0495699999999998e-03
  -9.2239149999999992e-03
  -2.0828250000000000e-02
  -1.7395000000000001e-02
   6.8283099999999998e-03
   1.4579765000000000e-02
  -6.9351299999999994e-03
  -2.3452750000000001e-02
  -2.5978099999999997e-02
  -5.6076049999999999e-03
   6.1874420000000005e-03
  -1.4793405000000001e-02
  -3.2714849999999997e-02
  -3.0609150000000002e-02
  -3.1127945000000001e-03
   9.7427399999999997e-03
  -7.6141149999999994e-03
  -2.7679449999999998e-02
  -2.8121950000000000e-02
  -4.2877185000000000e-03
   5.2795199999999994e-03
  -6.0806200000000001e-03
  -1.8074050000000001e-02
  -2.1820100000000002e-02
  -5.1117000000000003e-04
   9.5978000000000001e-03
   5.0506449999999994e-03
  -1.3122550000000000e-02
  -2.8327950000000001e-02
  -8.9416400000000007e-03
   8.8348549999999991e-03
   5.6076299999999997e-03
  -1.5594450000000001e-02
  -2.8091450000000000e-02
  -1.1192299999999999e-02
   1.1787410000000000e-02
   9.7198349999999996e-03
  -1.2664804999999999e-02
  -2.7900700000000001e-02
  -1.1894249999999999e-02
   9.8572000000000000e-03
   2.0072949999999999e-02
  -1.0528599999999996e-03
  -1.7883299999999998e-02
  -1.5090949999999999e-02
   9.1171099999999995e-03
   2.4108899999999999e-02
   9.7655999999999993e-03
  -3.9672856000000003e-03
  -3.8757349999999999e-03
   1.4099100000000000e-02
   2.2590650000000000e-02
   9.1550000000000138e-05
  -1.7677300000000000e-02
  -1.6708399999999998e-02
   4.7683700000000001e-03
   1.5365595000000001e-02
  -1.6937299999999996e-03
  -2.0790099999999999e-02
  -2.0423850000000000e-02
  -4.1732804999999994e-03
   1.6372695000000000e-02
   8.6669699999999995e-03
  -6.5536700000000002e-03
  -1.5777600000000003e-02
   7.3699949999999990e-03
   2.1690350000000001e-02
   8.2168399999999996e-03
  -1.6448950000000000e-02
  -1.5602100000000001e-02
   9.2925799999999999e-03
   3.1166050000000001e-02
   2.0652750000000001e-02
  -1.9760100000000003e-03
  -1.1428814999999998e-02
   7.4157750000000003e-03
   2.3788450000000003e-02
   2.3879999999999998e-02
  -8.5220495000000000e-03
  -2.1934550000000001e-02
  -1.1566175000000000e-02
   1.6418450000000001e-02
   1.9554099999999998e-02
  -9.4909429999999999e-03
  -1.9485499999999999e-02
  -1.0597255000000000e-02
   9.5214700000000006e-03
   1.5678399999999999e-02
  -5.0964550000000006e-03
  -2.4330150000000002e-02
  -2.2712750000000000e-02
  -3.3645655000000001e-03
   2.0927399999999999e-02
   6.9579969499999998e-03
  -6.3018900000000001e-03
  -5.9204100000000001e-03
   1.2954690000000000e-02
   1.9981400000000000e-02
   7.6446550000000002e-03
  -1.7051649999999998e-02
  -1.6670250000000001e-02
   9.6283150000000001e-03
   2.3162849999999999e-02
   1.6807550000000001e-02
  -6.0653874999999999e-03
  -9.9487099999999995e-03
   1.3458250000000001e-02
   2.5955199999999998e-02
   2.0584100000000001e-02
   1.0070800000000000e-03
  -1.1276265000000001e-02
   1.2207005000000000e-02
   2.3200999999999999e-02
   1.8867479999999999e-02
  -3.5247700000000004e-03
  -8.5754200000000003e-03
   1.3809195000000000e-02
   2.8182949999999998e-02
   2.4681100000000001e-02
  -2.8686599999999999e-03
  -1.5228250000000000e-02
  -6.3552649999999997e-03
   1.4701820000000001e-02
   1.5541095000000000e-02
  -9.7427549999999988e-03
  -2.2163400000000000e-02
  -9.6664449999999992e-03
   1.1978150000000000e-02
   1.9020050000000000e-02
  -3.1356649999999997e-03
  -1.6571050000000000e-02
  -1.0658274999999998e-02
   8.6441049999999992e-03
   1.9142150000000000e-02
  -2.5024150000000000e-03
  -1.7105150000000000e-02
  -2.1240249999999999e-02
   6.1798000000000018e-04
   1.1787414999999999e-02
   8.6213499999999998e-04
  -1.2001055000000000e-02
  -1.5037550000000000e-02
   8.1481950000000004e-03
   1.7608624999999999e-02
   2.8762600000000003e-03
  -1.3244650000000000e-02
  -2.1301250000000001e-02
  -6.4086999999999998e-04
   1.4617920000000000e-02
   6.5688949999999999e-03
  -1.3694775000000001e-02
  -1.3916004999999999e-02
   1.0894770000000000e-02
   2.6336650000000000e-02
   1.6448995000000001e-02
  -4.3182350000000001e-03
  -1.3801569999999999e-02
  -2.4413999999999990e-04
   1.7601000000000002e-02
   1.3290380000000001e-02
  -1.1726404999999999e-02
  -2.8495800000000002e-02
  -1.1238105000000000e-02
   1.0444630000000000e-02
   1.9470200000000000e-02
  -4.4097750000000003e-03
  -1.7448399999999999e-02
  -8.0032449999999991e-03
   1.2077330000000001e-02
   1.8852234999999998e-02
  -4.5750000000000651e-05
  -1.1329650000000000e-02
  -9.9639900000000007e-03
   1.4869680000000000e-02
   2.2010849999999998e-02
   2.8381449999999998e-03
  -2.0858799999999997e-02
  -2.2247349999999999e-02
  -5.6610254999999998e-03
   9.9945099999999999e-03
  -2.5711049999999997e-03
  -2.7961699999999999e-02
  -3.0426050000000000e-02
  -3.1585700000000003e-03
   1.4167775000000001e-02
   2.6473900000000003e-03
  -1.3046270000000000e-02
  -1.3397199999999998e-02
   1.0345480000000001e-02
   2.8213500000000002e-02
   1.2352014999999999e-02
  -9.0332149999999990e-03
  -1.5831000000000001e-02
   2.8228750000000005e-04
   1.0330185000000000e-02
   4.9514900000000002e-03
  -8.6593650000000005e-03
  -2.0873999999999997e-02
  -2.2277850000000004e-03
   1.7806985000000001e-02
   1.9195549999999999e-02
  -3.3111349999999998e-03
  -1.9989050000000001e-02
  -9.5749000000000008e-03
   7.2326550000000002e-03
   7.1411350000000007e-03
  -1.8524180000000001e-02
  -3.2318100000000002e-02
  -1.8440249999999998e-02
   1.0170004999999999e-02
   1.9477849999999998e-02
   7.7285900000000005e-03
  -1.0566704999999999e-02
  -9.4985850000000004e-03
   6.7367349999999998e-03
   1.8112160000000002e-02
  -2.6321399999999994e-03
  -1.9088700000000000e-02
  -1.2840250000000001e-02
   2.7160600000000002e-03
   1.2596119999999999e-02
   3.0515999999999963e-04
  -1.6212484999999999e-02
  -1.3336185000000000e-02
   3.6849999999999999e-03
   1.7631500000000001e-02
   6.4315650000000002e-03
  -8.1863400000000003e-03
  -1.0063155000000001e-02
   1.1825600000000000e-03
   1.2710579999999999e-02
   1.1444090000000001e-02
  -8.2550100000000001e-03
  -1.2893700000000001e-02
   1.2145969999999999e-02
   2.1698000000000002e-02
   1.8661484999999998e-02
  -3.6468490000000002e-03
  -1.4930750000000000e-02
   3.4561160000000000e-03
   2.1331800000000001e-02
   1.7692599999999999e-02
  -2.2583049999999995e-03
  -2.1926899999999999e-02
  -5.4092293999999999e-03
   1.2435915000000001e-02
   1.8257145000000002e-02
  -1.4724750000000000e-03
  -1.4266950000000000e-02
  -5.0354000000000006e-03
   1.8020649999999999e-02
   2.6260400000000000e-02
  -1.8463149999999998e-03
  -2.4429300000000001e-02
  -2.0240800000000000e-02
   5.0277949999999998e-03
   2.1011350000000002e-02
   1.2298560000000000e-02
  -1.0322550000000000e-02
  -1.1657714999999999e-02
   1.2207025000000000e-02
   1.4907830000000000e-02
  -2.9220449999999999e-03
  -2.3841849999999998e-02
  -3.3058150000000001e-02
  -7.8430200000000009e-03
   6.5994500000000006e-03
  -3.3950600000000001e-03
  -2.2224450000000000e-02
  -2.7572649999999997e-02
  -9.1476500000000002e-03
   8.2015804999999997e-03
   3.7078799999999998e-03
  -1.8356350000000000e-02
  -2.5840749999999999e-02
  -1.3114925000000001e-02
   5.0353999999999980e-04
  -2.2659099999999999e-03
  -1.8806450000000002e-02
  -2.3025549999999999e-02
  -4.8828099999999996e-03
   8.3083949999999997e-03
   9.4070199999999986e-03
  -1.2275685000000000e-02
  -1.8341049999999998e-02
  -2.1209710000000001e-03
   2.0591749999999999e-02
   1.6342155000000001e-02
  -6.5765375000000001e-03
  -1.6372700000000000e-02
  -1.2336750000000000e-02
   5.4168570000000006e-03
   1.4572119999999999e-02
  -9.5672650000000001e-03
  -2.4154650000000000e-02
  -2.1041850000000001e-02
  -2.2354099999999997e-03
   1.3336165000000001e-02
  -6.4620909999999997e-03
  -2.6313799999999998e-02
  -2.4665850000000003e-02
   5.9662085000000004e-03
   2.2254949999999999e-02
   1.1581444999999999e-02
  -2.3040750000000000e-03
  -8.5525700000000007e-03
   1.4946000000000001e-02
   2.5764500000000003e-02
   1.3328554999999999e-02
  -9.6969750000000000e-03
  -1.8096899999999999e-02
   3.3874532000000000e-03
   1.4076215000000000e-02
   1.7089650000000002e-03
  -1.7616250000000000e-02
  -2.4681100000000001e-02
  -2.6016250000000002e-03
   1.7379775000000000e-02
   9.9106049999999994e-03
  -1.3824460000000000e-02
  -2.2041300000000000e-02
  -6.4697100000000000e-03
   8.4380855000000012e-03
   2.4414250000000001e-03
  -1.9088750000000002e-02
  -2.5955199999999998e-02
  -5.5847150000000005e-03
   1.5502950000000000e-02
   2.5398249999999997e-02
   7.1105850000000000e-03
  -2.9220549999999998e-03
   8.4075799999999996e-03
   1.7372150000000003e-02
   1.8142690000000000e-02
  -5.2490050000000002e-03
  -1.7593350000000001e-02
  -9.5825000000000007e-03
   1.1306785000000000e-02
   2.1507300000000000e-02
   3.4789850000000004e-03
  -1.2756335000000001e-02
  -1.1482215000000000e-02
   4.8446632000000000e-03
   1.1741620000000001e-02
  -3.9215050000000005e-03
  -1.7944349999999998e-02
  -1.8432600000000000e-02
   3.2653800000000000e-03
   2.3452750000000001e-02
   9.8342789999999996e-03
  -4.7073509999999994e-03
  -1.1093144999999999e-02
   4.7302480000000003e-03
   2.2834800000000002e-02
   1.7974859999999999e-02
  -3.7155000000000005e-03
  -5.9432950000000003e-03
   8.6440790000000007e-03
   1.9989014999999999e-02
   1.0208150000000001e-02
  -1.5914899999999999e-02
  -1.7028850000000002e-02
  -1.1596649999999998e-03
   1.2039164999999999e-02
   8.5144299999999999e-03
  -1.0246280000000000e-02
  -1.8341099999999999e-02
  -7.2326700000000001e-03
   4.3716600000000003e-03
   6.6528100000000003e-03
  -1.5571604999999999e-02
  -2.4566650000000002e-02
  -6.4697250000000000e-03
   1.3671885000000000e-02
   2.2583000000000002e-02
   1.4419450000000000e-03
  -1.1672955000000000e-02
  -5.1193249999999992e-03
   8.7585249999999996e-03
   2.1530199999999999e-02
   7.6751459999999999e-03
  -8.8348149999999993e-03
  -3.6087050000000002e-03
   2.0965600000000001e-02
   3.1257649999999998e-02
   2.3338350000000001e-02
   2.0141600000000001e-03
   1.3809250000000001e-03
   1.6723650000000000e-02
   1.8547100000000000e-02
   5.7525749999999994e-03
  -1.2451175000000000e-02
  -1.9966100000000001e-02
  -2.0370485000000002e-03
   5.1879750000000001e-03
   4.3487499999999950e-04
  -1.3107305000000000e-02
  -1.5357950000000000e-02
   5.5694600000000000e-03
   1.9927950000000000e-02
   1.6159040000000000e-02
   3.4103369999999998e-03
  -3.9443999999999998e-03
   8.1558150000000003e-03
   1.6609200000000001e-02
   1.4755245000000000e-02
  -5.8746145000000000e-03
  -1.9783000000000002e-02
   4.4479350000000001e-03
   2.3628250000000000e-02
   2.2766099999999997e-02
  -9.9944950000000008e-03
  -2.1812449999999997e-02
  -1.0528589999999999e-02
   6.7748894999999998e-03
   8.1786999999999988e-03
  -1.3923629999999999e-02
  -1.5670799999999999e-02
  -2.3879985000000003e-03
   1.5037550000000000e-02
   2.2468599999999998e-02
   2.4490450000000000e-03
  -1.1062630000000000e-02
  -5.9127800000000003e-03
   1.3313274999999999e-02
   2.1865849999999999e-02
   1.0986315000000000e-02
  -8.5449150000000001e-03
  -1.5518199999999999e-02
  -5.5694500000000010e-04
   1.8157940000000001e-02
   1.1581410000000000e-02
  -3.2806375000000000e-03
  -6.4773550000000006e-03
   1.3236999999999999e-02
   2.5741550000000002e-02
   1.6242995000000000e-02
  -7.4768100000000004e-03
  -1.7799400000000000e-02
   3.6621500000000014e-04
   1.4259355000000000e-02
   1.6067520000000002e-02
   7.6751500000000004e-03
   8.6975000000000008e-04
   1.7196650000000001e-02
   2.7420050000000001e-02
   2.9319800000000000e-02
   9.8876900000000011e-03
  -9.6130500000000008e-04
   1.4633199999999999e-02
   3.2440200000000002e-02
   3.3126799999999998e-02
   9.4833199999999999e-03
  -1.9531235000000001e-03
   6.4849500000000002e-04
   1.5975955000000000e-02
   1.6036995000000002e-02
  -7.5607475000000002e-03
  -2.0011950000000001e-02
  -9.7579999999999993e-03
   1.2596150000000000e-02
   1.7295854999999999e-02
  -1.0757449999999995e-03
  -1.1337305000000001e-02
  -3.8757305000000001e-03
   1.6174315000000002e-02
   2.7221650000000000e-02
   9.5672793999999999e-03
  -4.9514855000000000e-03
  -3.8223299999999997e-03
   2.2163400000000000e-02
   2.9678349999999999e-02
   8.0108850000000006e-03
  -8.6822500000000007e-03
  -1.2634260000000000e-02
   6.2484935000000005e-03
   1.8470759999999999e-02
   7.3928699999999993e-03
  -9.2620749999999998e-03
  -1.4747600000000000e-02
   3.6315905999999998e-03
   1.4862074999999999e-02
   1.2527459999999999e-02
  -5.4779049999999999e-03
  -2.0736700000000000e-02
  -9.6969450000000002e-03
   9.8266399999999993e-03
   1.4350875000000001e-02
  -3.2806400000000000e-03
  -9.4451800000000009e-03
   8.3694599999999987e-03
   2.3048400000000000e-02
   2.2430400000000000e-02
   2.9830899999999999e-03
  -1.1001585000000001e-02
  -3.1433120000000001e-03
   7.9498349999999988e-03
   7.8964449999999985e-03
  -9.5672644999999987e-03
  -1.9950900000000001e-02
  -1.0192850000000000e-02
   7.2784579999999998e-03
   1.3221745000000000e-02
  -2.4261449999999998e-03
  -1.6220100000000001e-02
  -1.7623899999999998e-02
  -9.2315500000000016e-04
   5.1879800000000000e-03
  -1.0131820999999999e-02
  -2.9724100000000000e-02
  -2.3109450000000000e-02
   3.8452149999999999e-03
   1.7700219999999999e-02
   5.2566749999999997e-03
  -1.2275715000000000e-02
  -1.3450600000000000e-02
   2.9907199999999997e-03
   1.3748175000000000e-02
   5.8899099999999999e-03
  -1.2313820000000000e-02
  -1.5892000000000000e-02
  -3.3569499999999990e-04
   1.3572685000000001e-02
   6.6680899999999989e-03
  -8.3008000000000005e-03
  -1.2321455000000000e-02
   4.4250499999999994e-04
   1.4099100000000000e-02
   8.7890399999999997e-03
  -7.1410909999999996e-03
  -1.1611949999999999e-02
  -9.9184999999999898e-05
   7.6751909999999996e-03
   1.3381954999999999e-02
  -9.8419500000000021e-04
  -5.2413900000000003e-03
   6.8435650000000002e-03
   1.8585200000000000e-02
   1.8814100000000000e-02
   3.1280500000000020e-04
  -1.3565100000000000e-02
   2.2735550000000000e-03
   1.6311645000000000e-02
   2.3590099999999999e-02
   2.5634549999999996e-03
  -1.3984690000000001e-02
  -7.3699799999999999e-03
   1.0765080000000000e-02
   1.7929049999999998e-02
   4.8904249999999986e-03
  -1.1070240000000000e-02
  -1.0002140000000000e-02
   1.0559104999999999e-02
   1.4686579999999999e-02
   1.1520200000000001e-03
  -2.3857099999999999e-02
  -3.0105550000000002e-02
  -1.2512200000000002e-03
   1.5243550000000000e-02
   6.7062650000000003e-03
  -9.5062050000000002e-03
  -1.6876200000000001e-02
   2.1896369999999999e-03
   1.4930730000000000e-02
   1.1001590000000000e-02
  -1.0658279999999999e-02
  -1.9783050000000000e-02
  -2.3574824999999999e-03
   9.9716049999999997e-03
   7.2174100000000005e-03
  -1.4968865000000000e-02
  -2.5947600000000001e-02
  -1.2290960000000000e-02
   8.4762450000000003e-03
   1.0643003500000000e-02
  -6.7291154999999997e-03
  -1.8959049999999998e-02
  -1.1329655000000001e-02
   1.9912699999999998e-03
   5.3863650000000006e-03
  -5.7906950000000002e-03
  -1.6952550000000000e-02
  -3.3264150000000001e-03
   7.9116750000000000e-03
   1.7318899999999998e-03
  -1.1825570000000001e-02
  -2.1545399999999999e-02
  -2.5436399999999998e-02
  -9.4604299999999988e-03
  -8.8653770000000007e-03
  -2.4978649999999998e-02
  -4.3815599999999996e-02
  -4.7279349999999998e-02
  -2.5955200000000001e-02
  -1.3000480000000000e-02
  -2.5718700000000001e-02
  -4.1259749999999998e-02
  -3.8719200000000002e-02
  -1.3961770000000000e-02
   9.9180500000000012e-04
  -1.1344888000000001e-02
  -2.7854949999999996e-02
  -3.0548100000000002e-02
  -8.8958600000000002e-03
   1.1070264999999999e-02
   2.5177000000000012e-04
  -1.5098560000000000e-02
  -2.5886550000000001e-02
  -2.8533945000000002e-03
   1.4923120000000000e-02
   1.2947094999999999e-02
  -6.0806499999999999e-03
  -1.4999400000000000e-02
  -6.3552850000000004e-03
   5.2642850000000005e-03
  -9.6130999999999994e-04
  -1.8966700000000000e-02
  -2.9640199999999998e-02
  -1.9744900000000003e-02
  -2.8915399999999997e-03
  -6.5765449999999996e-03
  -4.0008550000000004e-02
  -6.9816550000000005e-02
  -6.3041650000000005e-02
  -5.7212799999999994e-02
  -6.0485849999999994e-02
  -8.6227400000000010e-02
  -1.0166915000000000e-01
  -9.9349849999999990e-02
  -8.2489000000000007e-02
  -7.6919550000000003e-02
  -9.7633350000000008e-02
  -1.1522700000000000e-01
  -1.2273400000000000e-01
  -9.5825149999999998e-02
  -8.7402350000000004e-02
  -1.0534645000000001e-01
  -1.1048900000000000e-01
  -1.1386099999999999e-01
  -8.5670499999999997e-02
  -7.7651999999999999e-02
  -9.3261949999999996e-02
  -1.0712450000000000e-01
  -1.2098700000000001e-01
  -8.5136400000000001e-02
  -7.5271599999999994e-02
  -5.7128900000000003e-02
  -7.3356649999999995e-02
  -9.7526649999999993e-02
  -7.6072699999999993e-02
  -5.5160550000000003e-02
  -4.4563300000000000e-02
  -6.0989399999999999e-02
  -8.5388199999999997e-02
  -5.5587749999999998e-02
  -2.9403650000000000e-02
  -1.2840255000000000e-02
  -1.8669100000000001e-02
  -2.6382450000000002e-02
  -3.4561150000000001e-03
   1.7433150000000001e-02
   1.5823382000000000e-02
   4.3334999999999997e-03
  -9.1552650000000010e-03
  -2.7923599999999998e-03
   2.9640199999999998e-02
   3.0181850000000003e-02
   7.4920899999999999e-03
   4.0283050000000003e-03
   1.3793959999999999e-02
   3.4530649999999996e-02
   4.5539850000000000e-02
   2.7633649999999999e-02
   2.2125249999999999e-02
   2.6710499999999998e-02
   4.7050499999999995e-02
   5.8792100000000000e-02
   4.8721349999999997e-02
   3.8009649999999999e-02
   3.4439100000000000e-02
   5.4191600000000006e-02
   7.1090700000000007e-02
   5.7823149999999997e-02
   3.9390549999999996e-02
   4.4792199999999997e-02
   6.4033549999999995e-02
   6.7932149999999997e-02
   7.0343000000000003e-02
   5.6289649999999997e-02
   4.4517500000000002e-02
   6.2881450000000005e-02
   7.5225849999999997e-02
   6.9953899999999999e-02
   5.3062449999999997e-02
   4.2236300000000004e-02
   5.9944150000000002e-02
   6.9122299999999998e-02
   6.5284700000000001e-02
   4.2861949999999996e-02
   2.5581399999999997e-02
   3.5896299999999999e-02
   4.8484799999999995e-02
   5.2093500000000001e-02
   2.2613500000000002e-02
   8.5373150000000002e-03
   1.7280549999999999e-02
   3.4835800000000000e-02
   4.2388900000000000e-02
   2.3788449999999999e-02
   1.1459354999999999e-02
   9.4604500000000005e-03
   3.1631500000000000e-02
   3.7544250000000001e-02
   2.5573749999999999e-02
   2.5253299999999997e-03
   9.8876899999999993e-03
   3.2432549999999997e-02
   3.9932250000000002e-02
   2.4856549999999998e-02
   7.7590799999999998e-03
   4.6539310000000000e-03
   3.0006400000000003e-02
   5.1239000000000007e-02
   5.0857500000000000e-02
   2.2857700000000002e-02
   2.3170500000000000e-02
   5.2764900000000003e-02
   5.8769200000000008e-02
   4.9270599999999998e-02
   3.0517549999999997e-02
   2.4787900000000002e-02
   4.2953450000000004e-02
   5.3169250000000001e-02
   4.5059200000000001e-02
   3.0853250000000002e-02
   2.2926349999999998e-02
   3.1311050000000000e-02
   4.5593250000000002e-02
   4.7180149999999997e-02
   2.7626049999999999e-02
   1.3908400000000000e-02
   2.8312700000000000e-02
   3.8711549999999997e-02
   3.7277249999999998e-02
   1.9020099999999998e-02
   9.6283099999999993e-03
   1.8150349999999999e-02
   3.2798750000000002e-02
   3.3569349999999998e-02
   2.4032550000000000e-02
   1.2672425000000001e-02
   1.9905100000000002e-02
   4.0069549999999995e-02
   4.8721299999999995e-02
   3.1982450000000003e-02
   1.4625550000000001e-02
   1.9409150000000000e-02
   3.6048900000000002e-02
   3.5339349999999999e-02
   2.1789549999999998e-02
   5.0506650000000002e-03
   9.0942400000000000e-03
   2.4665850000000000e-02
   4.0718100000000000e-02
   3.3370949999999996e-02
   1.5823385000000002e-02
   7.4844300000000002e-03
   2.5703400000000001e-02
   4.4891349999999997e-02
   4.5631400000000003e-02
   2.1606449999999999e-02
   1.0147085000000000e-02
   2.9647850000000000e-02
   4.2770400000000000e-02
   3.4370449999999997e-02
   1.8890350000000000e-02
   2.0751954999999999e-03
   1.7166149999999998e-02
   3.3630350000000003e-02
   2.7397149999999999e-02
   1.4274575000000001e-02
   4.2800900000000003e-03
   1.5106200000000000e-02
   2.5589000000000001e-02
   2.0805350000000000e-02
   2.7771000000000002e-03
  -5.7525649999999994e-03
   4.7531099999999996e-03
   2.7015700000000000e-02
   3.1425450000000001e-02
   1.2390129999999999e-02
  -1.0299680000000000e-03
   1.0948190000000000e-02
   2.9266350000000000e-02
   3.4141550000000000e-02
   1.0848999999999999e-02
  -4.0130600000000006e-03
  -3.5781850000000002e-03
   1.2779244999999998e-02
   1.4060959999999999e-02
   1.0604850000000003e-03
  -5.3863549999999998e-03
  -2.6931799999999999e-03
   1.7112749999999999e-02
   2.3849450000000001e-02
   1.1466980000000000e-02
   3.6621000000000006e-04
   1.7471300000000000e-03
   2.5672899999999998e-02
   4.2076099999999998e-02
   3.3775349999999996e-02
   1.5129100000000001e-02
  -9.3841499999999984e-04
   9.5443549999999992e-03
   2.1873500000000001e-02
   1.4770515000000001e-02
  -1.5182500000000003e-03
  -5.4550150000000006e-03
   1.1001610000000000e-02
   2.3048400000000000e-02
   2.0271299999999999e-02
   6.4086999999999998e-04
  -1.1024454999999999e-02
   1.7089849999999997e-03
   1.5769965000000000e-02
   2.6451100000000002e-02
   1.4137250000000001e-02
  -1.9683850000000000e-03
   5.1803600000000002e-03
   2.2720299999999999e-02
   2.6008600000000000e-02
   2.6550300000000001e-03
  -1.0673540000000000e-02
  -4.0283200000000002e-03
   1.2748735000000001e-02
   1.8470750000000001e-02
   4.4326764999999997e-03
  -6.8969700000000005e-03
  -8.3084149999999996e-03
   1.6700750000000000e-02
   2.6649500000000000e-02
   8.2244799999999993e-03
  -7.4691899999999997e-03
  -8.7280300000000012e-03
   1.0627724999999999e-02
   2.6298550000000000e-02
   1.8218999999999999e-02
   3.0136099999999999e-03
  -2.4948110000000000e-03
   2.0591749999999999e-02
   2.7107249999999999e-02
   1.7623884999999999e-02
  -4.7454824999999994e-03
  -1.2443565000000000e-02
   2.0141600000000001e-03
   1.8257150000000000e-02
   1.7257695000000000e-02
  -2.6168799999999998e-03
  -6.5002450000000000e-03
   1.4968875000000000e-02
   2.4810800000000001e-02
   1.6006474999999999e-02
  -1.1413550000000000e-02
  -1.8363950000000000e-02
  -1.3580299999999999e-03
   2.2338850000000000e-02
   1.6922000000000000e-02
   2.0523049999999999e-03
  -3.7002550000000000e-03
   1.1314375000000000e-02
   1.3954164999999999e-02
   1.6799950000000001e-02
  -3.4942649999999999e-03
  -2.2781400000000000e-02
  -1.2512200000000001e-02
   1.0826115000000001e-02
   1.9615199999999999e-02
   9.4606500000000027e-04
  -8.8119299999999991e-03
  -1.1672975000000000e-02
   6.9809049999999999e-03
   2.3330700000000003e-02
   7.5607435000000006e-03
  -1.1985800000000001e-02
  -1.2695300000000000e-02
   5.7372810000000003e-03
   1.3656610000000000e-02
  -5.4931499999999987e-04
  -1.9271850000000000e-02
  -2.1186850000000000e-02
   2.0523049999999999e-03
   7.3699799999999999e-03
  -3.8604700000000000e-03
  -2.0790099999999999e-02
  -2.0568850000000000e-02
   3.2424950000000002e-03
   2.1781900000000000e-02
   1.3710045000000001e-02
  -8.1023950000000001e-03
  -1.4640850000000000e-02
   7.7056750000000004e-03
   3.2882700000000001e-02
   4.1450500000000001e-02
   1.5777550000000001e-02
   4.7454799999999998e-03
