  -5.6381199999999999e-03
  -2.2583015000000001e-03
   9.1552849999999991e-03
   1.2138389999999999e-02
   1.0971095000000000e-02
   5.2871719999999997e-03
   4.8370399999999999e-03
   9.2620849999999998e-03
   7.5225850000000000e-03
   2.7160650000000001e-03
  -7.8659049999999994e-03
  -7.0953349999999995e-03
  -5.4016100000000003e-03
  -4.7302250000000002e-03
  -9.0713600000000005e-03
  -1.3702405000000001e-02
  -1.6227699999999998e-02
  -8.3160400000000002e-03
  -1.7394995000000000e-03
   3.5095249999999999e-03
   1.5945450000000002e-03
   1.0299700000000000e-02
   1.6265849999999998e-02
   2.2377049999999999e-02
   2.6702900000000002e-02
   1.7005949999999999e-02
   8.4762350000000004e-03
   1.0604880499999999e-03
   3.7231450000000002e-03
   1.6784685000000000e-03
  -3.8146949999999999e-03
  -3.0975349999999998e-03
  -2.8686524999999999e-03
   3.5552970000000002e-03
   7.0953350000000004e-03
   8.5448999999999985e-04
  -2.9831150000000002e-03
  -1.1970540000000000e-02
   1.8768300000000001e-03
   1.2390140000000001e-02
   1.1795060000000001e-02
   1.2985240000000000e-02
   1.2329090000000001e-02
   1.6227699999999998e-02
   1.8341049999999998e-02
   1.1772160000000000e-02
   3.2043499999999999e-04
  -1.2588479999999999e-02
  -1.0482795000000000e-02
  -7.8735400000000001e-03
  -5.1727300000000004e-03
  -5.0582900000000000e-03
  -4.2648299999999998e-03
   3.2272329999999999e-03
   2.9754499999999997e-04
  -3.9062513499999998e-03
  -1.5625000000000000e-02
  -1.6326899999999998e-02
  -6.6604649999999991e-03
  -1.1749250000000001e-03
   3.3264150000000001e-03
  -5.4245150000000004e-03
  -1.2741049999999998e-03
   2.7694700000000000e-03
   5.4931649999999995e-03
   7.6446600000000002e-03
  -6.0043459999999998e-03
  -7.8430200000000009e-03
  -4.6310400000000003e-03
   2.3193379999999998e-03
   6.3018800000000002e-03
   3.0822749999999998e-03
   7.6293999999999993e-04
  -1.5258799999999999e-03
   5.5694500000000010e-04
  -4.2953495000000001e-03
  -7.0495699999999998e-03
  -5.9738059999999999e-03
   5.9051549999999996e-03
   1.4579800000000000e-02
   2.0912149999999997e-02
   2.0675650000000000e-02
   8.1634315000000002e-03
   4.5166149999999999e-03
   8.8500850000000006e-03
   1.0093715000000000e-02
   9.6130499999999997e-04
  -3.9062494999999994e-03
  -4.9133300000000005e-03
  -1.2588500000000002e-03
   3.9138793999999996e-03
   3.2424949999999998e-03
  -4.6615800000000002e-03
  -1.0231030000000000e-02
  -1.1146555000000001e-02
  -8.2092150000000006e-03
  -2.7618399999999998e-03
  -8.1405849999999988e-03
  -1.0261510000000000e-02
  -1.3702400000000000e-02
  -1.1657700000000000e-02
  -1.2191790000000001e-02
  -2.2438050000000001e-02
  -2.4803150000000003e-02
  -2.0751949999999998e-02
  -1.4099135000000000e-02
  -1.2481704999999999e-02
  -1.8890350000000000e-02
  -1.6052219999999999e-02
  -1.3679485000000002e-02
  -4.5013409999999998e-03
  -1.7166150000000003e-03
  -6.1264150000000005e-03
  -4.0893449999999994e-03
   1.3732999999999974e-04
   8.8882249999999996e-03
   5.2795275000000006e-03
  -5.6533735000000003e-03
  -1.3687129999999999e-02
  -9.6969550000000002e-03
  -4.7378534999999999e-03
  -4.2953499999999999e-03
  -1.3717665000000000e-02
  -1.8814075000000000e-02
  -1.7875655000000001e-02
  -1.2016310000000001e-02
  -1.0414115000000000e-02
  -1.0185244999999999e-02
  -1.4602649999999998e-02
  -9.8419400000000004e-03
  -5.2566499999999999e-03
  -6.9351050000000004e-03
  -7.2936874999999998e-03
  -8.8501199999999995e-03
  -9.4986150000000002e-03
  -3.4103400000000000e-03
  -3.5858175000000000e-03
  -6.4697374999999994e-03
  -1.0711650000000000e-02
  -1.3847365000000000e-02
  -9.9716049999999997e-03
  -5.1040649999999996e-03
  -3.0212395000000000e-03
  -9.4604249999999997e-03
  -1.0101310000000000e-02
  -7.3165800000000005e-03
  -6.6147050000000002e-03
  -9.0255500000000002e-03
  -1.5861549999999999e-02
  -2.0217900000000000e-02
  -2.3071299999999999e-02
  -1.8028249999999999e-02
  -1.1779800000000000e-02
  -8.7356550000000002e-03
  -1.4007575000000001e-02
  -1.8653900000000001e-02
  -1.3046270000000000e-02
  -1.2092610000000000e-02
  -1.5823384999999999e-02
  -2.0812950000000000e-02
  -1.8035900000000001e-02
  -7.3395000000000005e-03
  -6.6147050000000002e-03
  -7.4844449999999993e-03
  -1.5342700000000001e-02
  -1.7860399999999998e-02
  -1.1024470000000000e-02
  -5.5999600000000002e-03
  -8.2550200000000001e-03
  -1.5007035000000000e-02
  -1.2870805000000001e-02
  -1.4038100000000001e-03
   4.8370365000000000e-03
   3.3721950000000001e-03
  -2.8152450000000001e-03
  -6.2866299999999996e-03
   1.2054449999999999e-03
   4.1198706000000005e-03
   6.0272199999999998e-03
  -4.1961654999999997e-03
  -7.0419149999999993e-03
  -2.9373189999999999e-03
  -2.5176999999999990e-04
  -1.6326909999999999e-03
  -5.6457599999999997e-03
  -3.3035263499999997e-03
  -1.0986300000000000e-03
   4.5776350000000000e-03
   2.6016249999999998e-03
   1.8463149999999998e-03
   4.5700100000000002e-03
   3.8528450000000001e-03
   7.5530849999999993e-03
   5.0048814999999998e-03
  -1.0299699999999998e-03
  -4.1427599999999997e-03
  -5.5465588000000003e-03
  -9.8419000000000002e-04
  -4.9362154999999996e-03
  -9.7732399999999990e-03
  -1.1001580000000000e-02
  -1.3488780000000001e-02
  -2.1972650000000003e-03
   2.4566650000000002e-03
   7.9955900000000003e-03
   7.6065250000000003e-03
   3.8452150000000004e-03
   9.9105849999999995e-03
   1.3412449999999999e-02
   1.1627200000000001e-02
   8.9416600000000006e-03
   4.8141449999999997e-03
   6.7977899999999997e-03
   8.1634650000000000e-03
   7.1487499999999997e-03
   4.1122449999999996e-03
   5.6457500000000032e-04
   6.2179599999999998e-03
   6.9808949999999991e-03
   7.1029911999999995e-03
   2.6855600000000000e-03
   1.9073500000000004e-03
   8.8805949999999998e-03
   1.0444640000000000e-02
   7.2173874999999993e-03
   4.5623599999999997e-03
  -2.4261450000000002e-03
  -1.5869100000000000e-03
   8.7204199999999996e-03
   1.4854410000000002e-02
   1.2176530000000000e-02
   7.6980349999999998e-03
   8.0947950000000001e-03
   1.2153634999999999e-02
   1.5563950000000000e-02
   6.3628969499999995e-03
   5.6915354999999999e-03
   3.0670150000000002e-03
   6.0882599999999999e-03
   3.0517549999999997e-03
  -3.5400400000000004e-03
  -8.5601699999999989e-03
  -1.2184149999999999e-02
  -3.5705559999999999e-03
  -3.2196050000000004e-03
  -7.9498050000000008e-03
  -1.0055530000000000e-02
  -3.6621115000000002e-03
   7.2174099999999996e-03
   1.2069699999999999e-02
   4.1503905000000001e-03
   4.2877100000000001e-03
   6.7139000000000001e-04
   6.9046000000000003e-03
   1.0284435000000000e-02
   4.1885399999999993e-03
  -3.3721900000000006e-03
  -9.7198349999999996e-03
  -3.7689199999999998e-03
  -6.2637100000000005e-03
  -7.6522949999999999e-03
  -1.3732925000000000e-02
  -1.7807049999999998e-02
  -1.2527485000000000e-02
  -1.0276810000000001e-02
  -6.0806050000000002e-03
  -9.3536599999999998e-03
  -1.4877300000000000e-03
   4.1198715000000004e-03
   7.4539199999999993e-03
   7.0648350000000002e-03
  -1.1749250000000003e-03
  -6.7367475000000001e-03
  -1.0276779999999999e-02
  -8.1024249999999999e-03
  -9.9182300000000001e-03
  -1.6723635000000001e-02
  -1.6403214999999999e-02
  -1.6021700000000000e-02
  -4.6920759999999999e-03
  -1.6403199999999998e-03
  -3.7460400000000000e-03
  -1.2084984999999999e-02
  -1.3732885000000000e-02
  -3.6621500000000003e-04
   5.4626449999999995e-03
   5.1651049999999997e-03
   3.8150000000000683e-05
   3.8528450000000006e-03
   9.3841800000000006e-03
   1.0009790000000001e-02
   3.4027099999999998e-03
  -5.5008000000000001e-03
  -3.6392199999999999e-03
   3.3569354999999999e-03
   7.9574799999999994e-03
   8.1329239999999997e-03
   6.4163150000000006e-03
   3.9672900000000001e-03
   5.2185000000000000e-03
   6.3476610000000001e-03
  -5.3404999999999859e-05
  -6.1950500000000006e-03
  -3.2043350000000000e-03
   8.1176655000000011e-03
   1.9668599999999998e-02
   2.6687650000000000e-02
   2.1736150000000003e-02
   1.4488194999999999e-02
   1.1344915000000001e-02
   1.1062610000000000e-02
   6.8664999999999872e-05
  -9.3917784999999997e-03
  -1.6044630000000001e-02
  -1.1749289999999999e-02
  -6.7901350000000001e-03
  -5.4474050000000006e-03
  -6.4315800000000001e-03
  -9.0942499999999999e-03
  -1.1383080000000000e-02
  -5.7373049999999998e-03
  -3.1127899999999998e-03
  -2.5253299999999997e-03
  -4.4555549999999999e-03
   2.6092600000000000e-03
   3.9978050000000001e-03
   1.0383630000000001e-02
   8.3542099999999991e-03
   7.1563560000000000e-03
   4.3792749999999993e-03
   9.5596299999999995e-03
   1.1703469999999999e-02
   1.0887145000000001e-02
   3.5476550000000003e-03
   4.0435949999999997e-03
   1.4350900000000000e-02
   1.3069160000000000e-02
   1.5258774999999999e-02
   8.9340250000000000e-03
   4.2190600000000002e-03
   6.3095050000000000e-03
   1.2214679999999999e-02
   1.8997199999999999e-02
   1.1993429999999999e-02
   4.7226000000000004e-03
   9.4528400000000005e-03
   1.1680594999999998e-02
   1.3259890000000000e-02
  -1.0147099999999998e-03
  -8.4762399999999995e-03
  -7.0495600000000007e-03
  -8.2015899999999999e-03
  -2.0065300000000003e-03
  -8.4228299999999992e-03
  -1.6265860000000000e-02
  -6.6680810000000002e-03
  -9.1553000000000012e-04
  -4.5318625000000000e-03
  -1.4076215000000000e-02
  -1.2191755000000000e-02
  -7.5683799999999996e-03
   1.9378649999999998e-03
   2.0751950000000002e-03
  -6.0348319999999995e-03
  -5.5999830000000002e-03
  -6.8588345000000000e-03
   9.4299299999999996e-03
   1.1199944999999999e-02
   1.1535630000000000e-02
   4.2419400000000005e-03
  -4.9591499999999998e-04
   1.0284425000000000e-02
   3.7231449999999998e-03
   7.0952999999999988e-04
   2.0828250000000004e-03
  -6.5612500000000002e-04
   1.2969950000000000e-03
   5.1956240000000002e-03
   5.1421950000000004e-03
   7.6751950000000001e-03
   8.0566449999999994e-03
   1.7433150000000001e-02
   1.8363950000000000e-02
   1.7166149999999998e-02
   1.0818470000000000e-02
   9.4146700000000000e-03
   1.3359049999999999e-02
   1.8600450000000001e-02
   1.4930715000000001e-02
   3.3722150000000000e-03
   5.3404999999999859e-05
   2.4108900000000002e-03
   7.3776450000000004e-03
   6.8053950000000005e-03
   5.1422244999999997e-03
   2.3193350000000001e-03
   5.0582900000000000e-03
   1.3328550000000000e-02
   1.7677300000000000e-02
   1.4991755000000001e-02
   1.4877319999999999e-02
   1.3534545000000000e-02
   1.5319850000000001e-02
   1.3099665000000000e-02
   1.0681150000000000e-02
   5.3558245000000001e-03
   3.1890850000000004e-03
   9.2468399999999992e-03
   9.7350949999999992e-03
   6.1187625000000004e-03
   2.9296850000000000e-03
   1.8234250000000000e-03
   6.8740950000000002e-03
   6.7138649999999994e-03
   4.3182400000000001e-03
  -2.4032599999999999e-03
  -7.9956200000000002e-03
   3.5629285000000001e-03
   1.0543840000000001e-02
   6.3858199999999995e-03
   2.8076149999999999e-03
   1.6708350000000001e-03
   1.4228849999999999e-02
   1.6395550000000002e-02
   1.6227700000000001e-02
   1.2359599999999999e-03
  -3.0822749999999998e-03
   1.7623899999999997e-03
   6.1798249999999999e-03
   9.8418999999999980e-04
  -4.2419249999999997e-03
  -2.3956299999999997e-03
   2.0599349999999997e-03
   5.3558349999999998e-03
   3.9291399999999994e-03
  -3.4408549999999996e-03
  -8.6212000000000007e-04
   3.4637449999999998e-03
   9.2163049999999993e-03
   8.6288249999999997e-03
   1.4495850000000002e-03
  -7.3242500000000009e-04
   9.2316000000000013e-04
   4.9056985000000006e-03
   4.4784800000000000e-03
  -2.4337950000000003e-03
  -2.4719399999999997e-03
  -7.6217699999999999e-03
  -1.5487699999999999e-03
   7.3623550000000001e-03
   4.6615749999999994e-03
  -1.0833749999999997e-03
  -5.1880149999999998e-03
   2.2885000000000266e-05
   9.0713299999999990e-03
   6.4621150000000000e-03
   1.8844599999999999e-03
   1.0986300000000002e-03
   7.5683599999999997e-03
   1.0131820000000000e-02
   1.0047935000000001e-02
  -5.4168500000000052e-04
  -3.7231399999999998e-03
  -3.7383999999999985e-04
  -3.3798199999999995e-03
  -4.1732649999999998e-03
  -1.2542725000000001e-02
  -1.4518725000000000e-02
  -7.0877300000000004e-03
  -4.7759850000000000e-03
  -1.3961800000000003e-03
  -9.1171399999999993e-03
  -1.0620100000000000e-02
  -6.1950845000000006e-03
  -8.4686000000000028e-04
   4.5779999999999606e-05
  -6.4391900000000000e-03
  -5.8975000000000000e-03
  -1.6403200000000000e-03
   4.9591000000000001e-04
   3.0364999999999997e-03
  -7.7514495000000003e-03
  -1.2794489999999999e-02
  -9.9029549999999997e-03
  -6.1874200000000008e-03
  -3.6773799999999996e-03
  -1.2924209999999998e-02
  -1.8943800000000000e-02
  -1.6937250000000001e-02
  -8.9416549999999997e-03
  -9.2849899999999999e-03
  -1.3328560000000000e-02
  -1.4205940000000000e-02
  -4.8751649999999999e-03
   1.2474070000000000e-02
   1.9592249999999999e-02
   1.0246277000000000e-02
   6.9732849999999992e-03
   3.3416599999999998e-03
   8.1481875000000009e-03
   6.9656435000000003e-03
   1.2207049999999994e-03
  -4.7302500000000018e-04
  -7.7819849999999999e-03
  -5.5846949999999998e-03
  -6.5918095000000003e-03
  -9.7655999999999958e-04
  -5.8440949999999997e-03
  -7.3242249999999993e-03
  -4.2266800000000000e-03
  -3.4637450000000003e-03
  -1.5335050000000001e-03
  -3.6850199999999998e-03
   4.2724500000000014e-04
   6.6451999999999995e-03
   9.2468050000000003e-03
   1.2870770000000000e-02
   5.4473949999999998e-03
   5.1193250000000001e-03
   9.3307649999999995e-03
   7.5683650000000005e-03
   3.1127899999999998e-03
  -7.1945294000000000e-03
  -7.6980400000000006e-03
  -5.7525509999999998e-03
  -4.8827999999999979e-04
   1.0215760000000001e-02
   3.3035249999999994e-03
  -1.9455099999999997e-03
  -3.4179849999999997e-03
   7.3547600000000001e-03
   1.3504010000000000e-02
   7.3013250000000000e-03
   3.3645750000000003e-03
   6.1035000000000082e-05
   1.2557970000000000e-02
   1.0581995000000000e-02
   2.4795400000000001e-03
   1.0299699999999998e-03
  -6.3323749999999995e-03
  -6.5460350000000004e-03
  -5.9128000000000002e-03
  -5.6533594999999999e-03
  -1.0269165000000000e-02
  -1.2161270000000000e-02
  -6.9427500000000027e-04
   3.8528450000000001e-03
   1.3656599999999994e-03
  -7.3242000000000012e-04
   5.7754749999999995e-03
   1.4030475000000001e-02
   2.1446199999999999e-02
   2.1362300000000001e-02
   8.7051382000000004e-03
   9.0789549999999997e-03
   1.0864260000000001e-02
   1.3015769999999999e-02
   1.0551435000000001e-02
   3.1280300000000000e-03
   3.4027200000000001e-03
   6.7138535000000003e-03
   1.1100750000000000e-02
   9.6664254999999991e-03
  -2.0370599999999998e-03
  -1.3435360000000000e-02
  -8.0490349999999995e-03
   1.9073500000000001e-03
   1.4419550000000000e-03
  -3.0517499999999998e-04
   3.8528300000000002e-03
   1.0642990000000000e-02
   1.0780359999999999e-02
   1.2100240000000000e-02
   4.3411300000000003e-03
  -1.3046249999999998e-03
  -3.8757550000000003e-03
   4.6463015000000000e-03
   2.0294200000000001e-03
  -5.3405980000000002e-03
  -8.2473700000000004e-03
  -9.1018499999999999e-03
  -2.7999899999999996e-03
  -2.0904500000000002e-03
  -4.6081300000000002e-03
  -8.3770949999999993e-03
  -1.3030984999999998e-02
  -7.2936750000000003e-03
   5.7983499999999990e-04
  -6.2560999999999997e-04
   4.5776499999999973e-04
  -2.8991549999999996e-03
   3.8909900000000000e-03
   3.5171499999999997e-03
  -2.6626550000000003e-03
  -1.9103999999999999e-02
  -2.2850050000000000e-02
  -1.9981350000000002e-02
  -1.5617350000000000e-02
  -1.3206460000000000e-02
  -1.7684914999999999e-02
  -1.3389610000000000e-02
  -1.1993400000000000e-02
  -4.2343249999999997e-03
  -2.1972649999999999e-03
  -1.1238099999999999e-02
  -6.9046149999999994e-03
  -3.4027049999999998e-03
   1.2207050000000003e-03
   3.5629300000000006e-03
   8.6974999999999986e-04
   7.5530999999999992e-04
   8.8272149999999994e-03
   1.5426625000000001e-02
   1.3458270000000001e-02
   1.2947080000000000e-02
   1.3099659999999999e-02
   1.1512755000000000e-02
   1.8981950000000001e-02
   2.0927450000000000e-02
   1.7578150000000001e-02
   1.1558545000000000e-02
   1.4106759999999999e-02
   1.7723050000000001e-02
   2.3193400000000003e-02
   2.6985149999999999e-02
   2.2613550000000000e-02
   2.0454400000000001e-02
   2.7824399999999999e-02
   2.5444049999999999e-02
   2.3963950000000001e-02
   1.3854964999999999e-02
   7.2936800000000003e-03
   9.3078750000000002e-03
   7.6141559999999995e-03
   2.5940049999999995e-03
  -1.7318999999999998e-03
  -1.7166249999999994e-03
  -1.7318950000000002e-03
   3.1890849999999995e-03
   5.3329699999999994e-03
  -2.5329350000000000e-03
  -5.3024300000000003e-03
  -1.3122550000000000e-03
   6.2179374999999995e-03
   1.0192854999999999e-02
   1.9531250000000004e-03
   6.8664999999999872e-05
   6.0272499999999970e-04
   1.0360724999999999e-02
   7.2860805000000001e-03
   3.5552900000000000e-03
   2.1361999999999987e-04
  -2.5176750000000000e-03
   2.3880099999999999e-03
   6.7596549999999990e-03
   6.9275050000000005e-03
   6.6681050000000006e-03
   7.2478999999999998e-03
   1.5876774999999999e-02
   1.4602665000000001e-02
   5.2947949999999997e-03
  -2.5634800000000004e-03
  -4.4860850000000008e-03
   6.8359349999999996e-03
   4.1503850000000004e-03
   4.6539499999999996e-04
  -2.8991600000000000e-03
  -1.0833749999999997e-03
   1.0589609999999999e-02
   1.5167250000000000e-02
   9.7045899999999991e-03
   2.6092549999999996e-03
  -1.3961799999999999e-03
   1.5411399999999999e-03
   1.9607550000000002e-03
  -2.5939950000000000e-03
  -7.9574550000000004e-03
  -1.3160715000000000e-02
  -1.0963450000000000e-02
  -1.2367254999999999e-02
  -6.8893209999999995e-03
  -6.2561200000000004e-03
   2.3651250000000000e-03
   9.3688799999999996e-03
   1.3687154999999999e-02
   1.4602640000000000e-02
   5.4702850000000001e-03
  -5.2413800000000003e-03
  -5.0964354999999996e-03
  -1.4572149999999998e-03
  -5.2490469499999999e-03
  -1.1589030000000000e-02
  -1.1306739999999999e-02
  -9.2925899999999999e-03
  -6.5612600000000002e-03
  -6.9885293999999995e-03
  -8.0566400000000003e-03
  -8.7890419999999986e-03
  -1.1520405000000001e-02
   2.5939499999999994e-04
   7.0876999999999997e-03
   7.7895995000000001e-03
   7.8735139999999999e-03
   6.1798050000000000e-03
   8.2244950000000001e-03
   1.1772160000000000e-02
   3.7002550000000000e-03
  -4.8827999999999979e-04
  -1.4953650000000002e-03
   3.7536624999999998e-03
   7.8735249999999993e-03
   6.8435914999999993e-03
   1.9835999999999986e-04
  -7.7057000000000011e-03
  -2.5405899999999997e-03
  -1.1443999999999994e-04
  -2.1438550000000001e-03
  -1.1123645000000000e-02
  -8.6135650000000001e-03
  -6.4086700000000000e-03
   4.7531145000000007e-03
   1.3107279999999999e-02
   6.4239420000000002e-03
   1.8844599999999999e-03
   3.5400350000000004e-03
   7.4157650000000004e-03
   5.8822874999999997e-03
  -1.6632049999999996e-03
  -6.6833414999999995e-03
  -8.1176600000000005e-03
   1.7547600000000000e-03
   6.7520176000000001e-03
  -1.2209999999999999e-04
   3.0515000000000056e-05
  -4.0741150000000005e-03
   1.2588500000000002e-03
   3.4866250000000001e-03
  -5.1193100000000002e-03
  -1.0803215000000000e-02
  -1.0826120000000000e-02
   6.1034999999999996e-04
   4.9209750000000002e-03
  -1.0681500000000056e-04
  -8.9263499999999970e-04
  -1.7318749999999999e-03
   6.4010650000000001e-03
   4.7455099999999997e-03
  -5.4550050000000006e-03
  -1.1032120000000001e-02
  -1.6151449999999998e-02
  -8.0642949999999991e-03
   1.0070800000000000e-03
   3.5095199999999995e-03
  -1.5869100000000000e-03
  -9.7046019999999997e-03
  -1.2817400000000000e-03
   4.8065149999999999e-03
   2.1514949999999998e-03
  -3.2806450000000000e-03
  -5.1727300000000004e-03
  -3.3493049999999999e-03
  -1.5182500000000001e-03
  -3.4027100000000002e-03
  -1.1383035000000000e-02
  -1.2741070000000000e-02
  -3.3035299999999998e-03
   2.5329599999999999e-03
   4.4250474999999994e-03
  -6.5612499999999959e-04
  -3.9520300000000005e-03
  -2.7847299999999996e-03
   3.9825420000000004e-03
   1.1596680000000000e-02
  -3.3035500000000001e-03
  -4.0283100000000002e-03
  -1.8310550000000003e-03
   1.0581965000000000e-02
   9.5291349999999993e-03
   3.0059949999999996e-03
  -2.2354249999999997e-03
  -4.7759999999999999e-03
   1.9760150000000002e-03
   4.5775000000000069e-05
  -7.1640189999999998e-03
  -7.4081440000000002e-03
  -7.4310110000000004e-03
   2.8991700000000004e-03
   5.4702965000000001e-03
   8.2854999999999995e-03
  -2.4872000000000002e-03
  -5.2795450000000001e-03
  -3.1280500000000020e-04
  -3.5858500000000024e-04
  -3.8375849999999997e-03
  -8.1253149999999993e-03
  -5.4779199999999998e-03
   7.3013100000000001e-03
   1.0665895000000000e-02
   6.3629030500000003e-03
  -6.2408304999999999e-03
  -6.7291149999999999e-03
  -5.1422150000000003e-03
  -5.6533999999999994e-03
  -1.0963455000000000e-02
  -1.2634260000000001e-02
  -1.0299680000000000e-02
  -3.6773650000000001e-03
   5.0125105000000001e-03
   9.7046099999999989e-03
   1.6174299999999998e-03
  -4.4250299999999999e-03
  -6.4162999999999998e-03
  -4.7912600000000003e-03
  -1.6174350000000000e-03
   7.9345499999999977e-04
   5.1727480000000004e-03
   6.7901500000000000e-03
   1.4846789999999999e-02
   1.3748155000000000e-02
   7.1182118000000004e-03
   2.2964500000000002e-03
  -2.7084600000000002e-03
   1.6174350000000000e-03
   2.4795450000000001e-03
   7.0190500000000006e-04
   1.4038099999999997e-03
   1.4419550000000000e-03
   1.0177595000000001e-02
   1.1093159999999999e-02
   6.0424914999999994e-03
   3.6926250000000002e-03
  -2.2888500000000029e-04
   9.2620800000000007e-03
   1.8882750000000000e-02
   1.9317649999999999e-02
   1.8249499999999998e-02
   2.1690350000000001e-02
   2.1591199999999998e-02
   2.5817850000000000e-02
   1.9653350000000000e-02
   8.9340019999999999e-03
   8.3923550000000006e-03
   6.4849900000000004e-03
   8.3618099999999990e-03
   6.7825239999999998e-03
  -2.3803700000000001e-03
  -2.6397700000000001e-03
   6.7443649999999996e-03
   4.5013429999999997e-03
  -1.2512199999999999e-03
  -4.5165850000000000e-03
  -1.0604849999999999e-03
   7.5073499999999994e-03
   1.3908410000000000e-02
   1.7280549999999999e-02
   6.1645500000000004e-03
  -7.7819499999999975e-04
  -2.7313250000000002e-03
   2.0751949999999997e-03
   7.7056500000000040e-04
  -8.1711049999999997e-03
  -1.2489335000000001e-02
  -1.1085505000000001e-02
  -7.0190600000000006e-03
  -5.6991365000000002e-03
  -1.2176495000000001e-02
  -9.8495700000000002e-03
  -3.2806450000000004e-03
   6.8359175000000001e-03
   8.7661794000000008e-03
   1.0871905500000001e-02
   9.0255685000000009e-03
   5.1269350000000000e-03
   1.0261535000000000e-02
   6.3018950000000001e-03
   3.8986199999999998e-03
   3.9901699999999995e-03
  -6.6451949999999996e-03
  -8.4914999999999990e-03
  -1.7013535000000000e-03
  -2.0828250000000000e-03
  -1.1772174999999999e-02
  -1.4678940000000001e-02
  -8.7966699999999995e-03
  -9.1247399999999992e-03
  -6.5383736500000001e-03
  -1.0612489999999999e-02
  -1.6044599999999999e-02
  -7.2708099999999999e-03
  -6.6375500000000003e-04
   2.5024400000000003e-03
  -1.1291500000000002e-03
  -4.9438449999999997e-03
  -7.6904450000000006e-03
   7.1716499999999986e-04
   2.5253300000000001e-03
  -4.8065180499999999e-03
  -1.0650655000000000e-02
  -9.9639700000000008e-03
  -4.8980700000000000e-03
  -6.3400399999999999e-03
  -9.8571549999999994e-03
  -1.3313275000000001e-02
  -1.3038640000000001e-02
  -4.6386700000000001e-03
  -3.8681049999999997e-03
  -4.8599150000000002e-03
  -8.3923549999999989e-03
  -4.4555675000000003e-03
  -3.6010749999999996e-03
  -2.7160650000000001e-03
  -1.1833214999999999e-02
  -1.4869690000000000e-02
  -1.8699634999999999e-02
  -1.5167250000000000e-02
  -1.1939999999999999e-02
  -9.3536200000000000e-03
  -1.3603210000000001e-02
  -1.2489294999999999e-02
  -4.8370599999999998e-03
  -4.5394800000000003e-03
  -4.6920650000000005e-03
  -6.7748799999999996e-03
  -6.9045914999999996e-03
  -1.0299699999999998e-03
   1.7547599999999997e-03
   2.9296850000000004e-03
  -2.5787150000000001e-03
   1.0757449999999999e-03
   2.9296850000000000e-03
  -1.9073500000000004e-04
  -4.8065499999999997e-04
  -3.7536500000000003e-03
  -3.3187874999999999e-03
  -5.1421949999999996e-03
   4.0130600000000006e-03
   3.2120000000000000e-03
  -2.6397700000000001e-03
  -4.7759850000000000e-03
  -2.9983549999999999e-03
   4.0283200000000002e-03
   8.0871450000000004e-03
   1.2664799999999999e-03
  -1.0528550000000001e-03
  -2.5482186500000001e-03
   6.9503700000000000e-03
   1.7379749999999999e-02
   1.7890900000000001e-02
   1.7799349999999999e-02
   1.6502400000000000e-02
   1.8325800000000000e-02
   2.0301800000000002e-02
   1.8249500000000002e-02
   7.4310450000000007e-03
  -1.8310550000000001e-03
   3.8146994000000001e-03
   2.3040750000000000e-03
  -5.2490000000000002e-03
  -7.3700049999999998e-03
  -9.6588100000000003e-03
  -1.2893649999999998e-03
  -2.9296855000000002e-03
  -8.1710949999999997e-03
  -1.5563950000000000e-02
  -1.1291505000000000e-02
   4.9743650000000006e-03
   8.3160300000000003e-03
   9.9487450000000002e-03
   1.3504049999999998e-03
  -4.7683650000000001e-03
   2.8991999999999993e-04
   3.6621100000000001e-03
   3.7383999999999985e-04
  -6.2866249999999997e-03
  -1.0581950000000000e-02
  -7.8811750000000007e-03
  -2.1667480000000000e-03
   1.9073500000000004e-04
  -6.2256050000000004e-03
  -7.4310549999999998e-03
  -1.4495850000000000e-03
  -4.3640120000000004e-03
   3.8986184999999997e-03
   9.3078499999999995e-04
   7.5607450000000007e-03
   8.2168799999999993e-03
   1.4060949999999999e-02
   1.1260974999999999e-02
   4.5471174999999996e-03
   1.7852800000000000e-03
  -5.0354095000000000e-03
  -6.2560999999999975e-04
  -1.7013550000000001e-03
  -5.3177024999999994e-03
  -9.6206850000000003e-03
  -9.6893099999999996e-03
   2.2888499999999985e-04
   3.2424918000000000e-03
   5.9585600000000008e-03
  -7.2479499999999987e-04
  -4.8065174999999995e-03
   2.6550250000000001e-03
   2.9373150000000002e-03
   1.2771600000000001e-02
   3.9138749999999998e-03
   1.1901900000000000e-03
   2.4795549999999996e-03
   1.0971050000000000e-02
   1.0711689999999999e-02
   3.5324085000000001e-03
   2.6168849999999998e-03
   4.9896200000000002e-03
   7.1792599999999998e-03
   1.0627765000000001e-02
   4.0588350000000002e-03
   9.7579850000000003e-03
   1.2527475000000000e-02
   2.0172150000000000e-02
   1.9775399999999999e-02
   1.0589615000000000e-02
   9.1399949999999997e-03
   1.1611944999999999e-02
   2.2010849999999998e-02
   2.5360149999999998e-02
   1.7105100000000002e-02
   1.3740565000000000e-02
   1.1604305000000001e-02
   1.9325250000000002e-02
   1.9470200000000000e-02
   9.0789800000000004e-03
   7.0952999999999988e-04
   1.5640249999999997e-03
   7.9803249999999999e-03
   1.1451699999999999e-02
   8.4457500000000001e-03
   1.7013549999999999e-03
   4.3411235000000003e-03
   8.3160450000000011e-03
   5.2719105000000000e-03
   7.4920849999999999e-03
   7.8888085000000004e-03
   1.2191770000000001e-02
   1.8196150000000001e-02
   1.6891500000000000e-02
   1.1581415000000001e-02
   2.1514899999999998e-03
  -2.5787350000000004e-03
   3.5400399999999999e-03
   1.2680050000000000e-02
   1.2397765000000000e-02
   4.0054399999999999e-03
   1.2664800000000004e-03
   2.6397700000000001e-03
   5.4931649999999995e-03
   3.8909890000000001e-03
  -1.0116580000000000e-02
  -1.2573225000000000e-02
  -7.5912449999999999e-03
  -4.1351299999999999e-03
   6.5612999999999999e-04
  -1.2512199999999997e-03
  -5.4702750000000001e-03
  -6.6299699999999998e-03
  -9.3078650000000002e-04
  -4.8065000000000000e-04
  -4.5242300000000006e-03
  -6.2103400000000000e-03
  -3.7384060000000001e-03
   1.2054444999999999e-03
  -3.0059794999999999e-03
  -5.9127790000000000e-03
  -4.4174200000000000e-03
  -5.1117035000000002e-03
   1.5258500000000000e-04
   3.6239630500000002e-03
  -4.4555643999999997e-03
  -9.5443550000000009e-03
  -9.0713500000000006e-03
   1.0757449999999999e-03
   7.2784300000000007e-03
   2.5787399999999999e-03
  -1.1215200000000002e-03
  -5.5389200000000001e-03
  -5.1422150000000003e-03
  -1.4495850000000001e-02
  -1.8867499999999999e-02
  -2.0233149999999998e-02
  -2.9495250000000001e-02
  -2.2499100000000001e-02
  -1.6845699999999998e-02
  -1.7684950000000001e-02
  -2.7618400000000001e-02
  -3.2928449999999998e-02
  -3.4851099999999996e-02
  -3.8948049999999998e-02
  -4.1435250000000000e-02
  -4.0596049999999995e-02
  -4.0847800000000004e-02
  -4.3182350000000001e-02
  -3.5858149999999998e-02
  -3.5179099999999998e-02
  -4.3319700000000003e-02
  -5.1391600000000003e-02
  -5.4328899999999999e-02
  -4.3205300000000002e-02
  -4.7950750000000000e-02
  -5.5000300000000002e-02
  -4.8438999999999996e-02
  -3.7261950000000002e-02
  -4.2289750000000001e-02
  -3.9093000000000003e-02
  -3.8940450000000001e-02
  -3.5652150000000001e-02
  -2.8686549999999998e-02
  -2.0340000000000000e-02
  -1.8852250000000001e-02
  -2.0706150000000000e-02
  -1.4160140000000000e-02
  -1.5548700000000000e-02
  -9.4909899999999995e-03
  -7.7667400000000003e-03
  -1.2176510000000001e-02
  -1.1833179999999999e-02
  -8.9721850000000006e-03
  -2.0523049999999999e-03
   6.7062140000000003e-03
   2.8686300000000001e-03
  -2.4414000000000033e-04
   2.6016250000000002e-03
   1.0055564999999999e-02
   1.1756880000000001e-02
   1.2893700000000001e-02
   6.2408550000000000e-03
   6.0882530499999999e-03
   8.0489899999999989e-03
   1.1734024999999999e-02
   1.8966650000000002e-02
   1.5075680000000001e-02
   1.8943800000000000e-02
   3.0204749999999999e-02
   2.1804799999999999e-02
   2.0195000000000001e-02
   2.0706150000000000e-02
   1.8440249999999998e-02
   1.5861509999999999e-02
   1.7028800000000000e-02
   1.8875150000000000e-02
   2.0042400000000002e-02
   2.0339950000000002e-02
  -3.9825449999999997e-03
  -1.8142700000000001e-02
  -1.1543280000000000e-02
  -1.0314935000000001e-02
  -4.8141499999999997e-03
  -2.3345950000000001e-03
   7.7743750000000000e-03
   1.1787400000000000e-02
   5.4931640000000000e-03
  -3.2043499999999999e-04
   1.3580350000000001e-03
   6.3858000000000005e-03
   1.2687650000000000e-02
   1.2611404999999999e-02
   1.8768349999999999e-03
   2.9678345000000001e-03
   1.5045200000000000e-02
   2.0469700000000000e-02
   1.7967199999999999e-02
   1.6746499999999997e-02
   1.9462600000000000e-02
   2.6619000000000004e-02
   3.2127400000000000e-02
   2.9274000000000001e-02
   2.5283850000000000e-02
   2.7404800000000000e-02
   3.1112649999999999e-02
   3.5636899999999999e-02
   3.4545899999999997e-02
   2.8587350000000001e-02
   2.8060950000000001e-02
   3.3264149999999999e-02
   2.5650050000000001e-02
   3.4507750000000004e-02
   2.2857650000000000e-02
   3.9108249999999997e-02
  -3.1280499999999977e-04
   3.1051644999999998e-03
   2.3994450000000001e-02
  -1.6250600000000002e-03
   9.6740550000000008e-03
  -6.2408650000000000e-03
   5.3253399999999996e-03
   1.6082800000000001e-02
   1.1177049999999999e-02
   6.6528118000000001e-03
   5.9509206000000004e-03
   1.2702939999999999e-02
   1.6326899999999998e-02
   1.1795030000000001e-02
   6.9122293999999999e-03
   1.1596684999999999e-02
   1.9538899999999998e-02
   2.3033150000000002e-02
   1.0368345000000001e-02
   6.1798000000000018e-04
   5.2719100000000003e-03
   2.0599500000000005e-04
  -8.5754400000000001e-03
  -1.4434849999999999e-02
  -3.4423849999999999e-02
  -4.8233050000000000e-02
  -5.1208500000000004e-02
  -4.3373099999999998e-02
  -6.2660250000000001e-02
  -8.2008350000000008e-02
  -9.0255749999999996e-02
  -8.4289549999999991e-02
  -8.4838899999999995e-02
  -9.2681900000000011e-02
  -9.9868550000000000e-02
  -1.0066975000000000e-01
  -9.8396299999999992e-02
  -1.0610950000000000e-01
  -1.0572050000000000e-01
  -9.3200649999999996e-02
  -9.2109650000000001e-02
  -8.8203449999999989e-02
  -8.5548399999999997e-02
  -8.6196899999999993e-02
  -9.1476399999999999e-02
  -9.1545100000000004e-02
  -9.3284599999999995e-02
  -8.0940249999999991e-02
  -7.9452500000000009e-02
  -7.8857399999999994e-02
  -6.7970299999999997e-02
  -6.3659700000000000e-02
  -5.4107650000000000e-02
  -5.5625899999999999e-02
  -6.1218250000000002e-02
  -6.0592649999999998e-02
  -5.0552349999999996e-02
  -3.6155699999999999e-02
  -3.0639650000000001e-02
  -2.5756800000000000e-02
  -2.4169900000000001e-02
  -2.4421699999999998e-02
  -1.2886050000000000e-02
  -4.7149649999999998e-03
  -6.7596649999999998e-03
  -1.2969979999999999e-02
  -8.1329300000000000e-03
   2.8228775000000003e-03
   7.4386599999999997e-03
   1.2657160000000001e-02
   3.2119850000000001e-03
  -6.6375999999999978e-04
   7.3623750000000000e-03
   1.5113800000000000e-02
   2.1179200000000002e-02
   1.6227745000000002e-02
   1.7501849999999999e-02
   2.0355249999999998e-02
   2.5215149999999999e-02
   2.3231500000000002e-02
   1.7807000000000000e-02
   2.2544849999999998e-02
   3.1120300000000004e-02
   4.0100100000000000e-02
   4.0954599999999994e-02
   3.4416200000000001e-02
   3.3309949999999998e-02
   4.0374750000000001e-02
   3.4637450000000000e-02
   3.0189549999999999e-02
   2.2033700000000000e-02
   2.3467999999999999e-02
   2.6649449999999998e-02
   3.8185100000000000e-02
   4.6409649999999997e-02
