   1.0055555000000001e-02
   1.2428280000000000e-02
   1.7723050000000001e-02
   1.4335655000000001e-02
   2.9602150000000000e-03
  -1.1505110000000001e-02
  -4.9819969999999993e-03
   8.5449150000000001e-03
   9.0789850000000012e-03
  -2.4719399999999997e-03
  -2.4566400000000000e-03
   1.6555800000000000e-03
   1.2481675000000001e-02
   1.8447900000000000e-02
   4.5089550000000003e-03
  -7.2555450000000004e-03
  -1.0650645000000000e-02
   7.0037799999999994e-03
   1.2542710000000000e-02
   9.0942149999999992e-03
   4.6310600000000002e-03
   4.8752040000000002e-03
   1.4503450000000001e-02
   1.5411370000000001e-02
   5.1193149999999993e-03
  -3.9291150000000004e-03
  -1.1169455000000000e-02
  -1.1062600000000000e-03
   5.6915300000000002e-03
  -6.9427300000000003e-03
  -7.7133094999999995e-03
  -4.8522974999999999e-03
   4.7378550000000000e-03
   2.7618399999999998e-03
   7.1716500000000008e-04
  -6.6833750000000001e-03
  -6.2026814999999996e-03
  -6.7139000000000001e-04
   4.8294080000000003e-03
   9.0865900000000003e-03
   1.8234150000000001e-03
  -1.3275150000000000e-03
  -3.7002580500000003e-03
  -1.7700200000000000e-03
   2.7542099999999996e-03
  -7.2403199999999997e-03
  -1.2222279999999999e-02
  -1.5281699999999999e-02
  -9.1629250000000006e-03
  -1.9378699999999995e-03
  -2.2812000000000002e-03
  -1.0086035000000000e-02
  -1.2168865000000001e-02
  -2.4490349999999996e-03
   1.0971069999999999e-02
   2.7618650000000001e-03
  -2.5558500000000001e-03
  -9.4909550000000006e-03
  -5.8746349999999996e-03
  -8.4686500000000003e-04
  -6.3324100000000001e-03
  -1.5632645000000001e-02
  -2.0538300000000002e-02
  -6.4086949999999998e-03
   8.1634499999999979e-04
  -6.1950449999999997e-03
  -1.2603740000000000e-02
  -1.0635350000000000e-02
   2.7465499999999995e-04
   1.9454950000000002e-03
  -8.0642760000000004e-03
  -1.8798849999999999e-02
  -1.8379199999999998e-02
  -6.3629150000000002e-03
   6.4163049999999998e-03
   6.5765499999999996e-03
  -2.7237150000000003e-03
  -7.2479499999999987e-04
   1.1634835000000000e-02
   1.4640790000000001e-02
   1.0627730000000000e-02
  -6.8817000000000001e-03
  -1.5205365000000000e-02
  -1.5029900000000001e-02
  -5.7525600000000003e-03
   5.4931499999999987e-04
  -1.0246285000000001e-02
  -1.1047385000000000e-02
  -8.8043200000000009e-03
  -6.4849999999999999e-04
   2.2125249999999999e-03
  -9.8953050000000001e-03
  -1.0398859999999999e-02
  -5.7144199999999996e-03
   1.1192299999999999e-02
   4.6234249999999996e-03
   1.9912649999999999e-03
  -3.1814599999999997e-03
  -9.4604500000000005e-03
  -4.2877209999999995e-03
  -6.8283055000000004e-03
  -1.6288775000000002e-02
  -2.7916000000000000e-02
  -2.3727450000000001e-02
  -1.1703489999999999e-02
  -1.2817350000000000e-03
  -4.2419450000000004e-03
  -1.3877865000000000e-02
  -1.9073500000000000e-02
  -1.2626655000000001e-02
  -8.0566600000000002e-03
  -4.5699850000000004e-03
  -1.2191749999999999e-02
  -1.5075649999999999e-02
  -8.5754550000000009e-03
   2.5177000000000003e-03
   3.5324100000000006e-03
  -3.4256000000000000e-03
  -8.6593399999999997e-03
  -1.0833750000000000e-02
  -9.5901500000000004e-03
  -9.7961500000000000e-03
  -2.0446750000000000e-02
  -2.6275650000000001e-02
  -1.8081649999999998e-02
  -6.3400269999999998e-03
  -5.7830850000000003e-03
  -1.4190680000000001e-02
  -1.1589060000000000e-02
  -2.2354150000000001e-03
   1.0986345000000000e-02
   1.5327455000000000e-02
   2.4948000000000001e-03
   3.1433099999999999e-03
  -2.8228999999999971e-04
   1.0559100000000000e-02
   8.4915049999999999e-03
   2.2888350000000003e-03
  -4.3258450000000000e-03
   8.6212000000000007e-04
   1.2870795000000001e-02
   1.4198279999999999e-02
   9.5138350000000000e-03
   3.6010549999999997e-03
  -4.5013399999999995e-03
  -8.1634500000000000e-04
   5.9509400000000000e-03
  -4.0741099999999997e-03
  -4.3335100000000005e-03
  -3.0518000000000038e-04
   1.1276234999999999e-02
   1.6777049999999998e-02
   1.5647910000000001e-02
   7.5530949999999993e-03
  -2.6626599999999999e-03
   5.5236800000000004e-03
   1.4404299999999998e-02
   4.9591040000000006e-03
  -7.3013499999999999e-03
  -4.8294050000000002e-03
   3.7155150000000000e-03
   1.3481150000000001e-02
   1.6807550000000001e-02
   1.1817945000000000e-02
   1.4648450000000000e-02
   8.5220350000000007e-03
   1.6067550000000000e-02
   1.7143249999999999e-02
   1.6578650000000000e-02
   9.6282799999999995e-03
   9.5214900000000005e-03
   1.9676249999999999e-02
   1.3931269999999999e-02
   6.4315990000000005e-03
  -3.8604715000000000e-03
   9.8419000000000002e-04
   2.7465499999999995e-04
   6.7139000000000001e-04
  -3.0593850000000004e-03
  -7.0800849999999999e-03
  -9.8342750000000000e-03
   2.2890000000000237e-05
   4.5547459999999993e-03
   5.1879499999999985e-04
  -6.1111618000000006e-03
  -9.0942250000000009e-03
   3.9062500000000000e-03
   1.4045700000000001e-02
   1.3748159999999999e-02
  -1.0147099999999998e-03
   3.6239624999999998e-03
   1.0253920000000000e-02
   1.1291485000000000e-02
   6.2484610000000003e-03
  -8.1100284999999998e-03
  -8.9721449999999991e-03
  -2.5634799999999999e-03
   5.6839200000000003e-03
   8.7661639999999999e-03
   3.0746449999999995e-03
   7.4004999999999991e-04
   2.5405889999999998e-03
   4.4479345000000003e-03
   2.5634849999999999e-03
  -5.8594000000000007e-03
  -2.1514899999999998e-03
   1.0856609999999999e-02
   1.7509449999999999e-02
   1.6113300000000001e-02
   8.3465550000000003e-03
   3.0364995000000000e-03
   7.0114150000000000e-03
   1.0482785000000000e-02
   1.2619035000000001e-02
  -6.1798000000000018e-04
  -5.7220675000000006e-03
  -6.2942450000000004e-03
   6.2560999999999997e-04
   9.1552999999999990e-04
  -6.9580200000000005e-03
  -9.6130499999999997e-03
  -8.0566349999999995e-03
  -2.5177015000000000e-03
   5.9890610000000004e-03
   1.1306755000000000e-02
   5.6304965000000002e-03
   5.3863715000000006e-03
   8.8348349999999992e-03
   1.7730699999999999e-02
   9.1400300000000004e-03
  -1.0910049999999995e-03
  -7.0953299999999995e-03
   2.2506695000000000e-03
   4.6615614999999996e-03
   5.7219999999999971e-04
  -5.5389549999999999e-03
  -1.3008095000000001e-02
  -2.6474005000000000e-03
   4.7988900000000001e-03
   3.4027000000000003e-03
  -1.2664820000000000e-02
  -1.5007050000000001e-02
  -7.7056699999999995e-03
   4.0893574999999998e-03
   5.3481881999999994e-03
  -3.1890650000000005e-03
  -9.3841549999999999e-03
  -5.8059699999999997e-03
   3.2348650000000000e-03
   6.3324174999999996e-03
  -3.6926250000000006e-03
  -1.1619580000000001e-02
  -1.1489869999999999e-02
   5.3405499999999986e-04
   6.4086999999999955e-04
  -8.0795315000000006e-03
  -1.1260995000000001e-02
  -8.5678200000000003e-03
  -3.9673000000000009e-04
  -2.1362500000000027e-04
  -7.0113899999999993e-03
  -7.0190679999999998e-03
  -4.0664674000000000e-03
   3.9520249999999996e-03
   9.4223199999999997e-03
  -1.3503800000000004e-03
  -9.2162890000000008e-03
  -3.7078750000000002e-03
   1.0818470000000000e-02
   1.5525819999999999e-02
   1.2283305000000001e-02
   1.5563999999999999e-03
  -5.5542000000000005e-03
   2.4185200000000000e-03
   7.2021599999999991e-03
   1.3221739999999999e-02
   4.7683650000000001e-03
   2.5405895000000000e-03
   5.3176899999999999e-03
   7.1029450000000003e-03
   7.6293950000000006e-03
  -1.0223400000000001e-03
  -3.9978015000000002e-03
   3.7841799999999998e-03
   9.7122249999999997e-03
   1.7509450000000003e-02
   6.1416500000000002e-03
   2.3880000000000004e-03
   3.3035299999999998e-03
   1.0849025000000000e-02
   7.0266495000000000e-03
   6.7902000000000023e-04
   1.2893700000000002e-03
  -9.9182000000000003e-04
   1.0162350000000001e-02
   1.3229345000000000e-02
   3.6773900000000000e-03
  -3.9901850000000003e-03
  -8.1634650000000000e-03
   4.1656469999999998e-03
   1.3435360000000000e-02
   1.5197749999999999e-02
   7.6904100000000000e-03
   3.2577505000000000e-03
   1.5296899999999999e-02
   1.5045199999999998e-02
   2.6703100000000000e-03
  -1.9378649999999996e-03
  -4.6005070000000002e-03
   3.6697400000000003e-03
   7.2250500000000002e-03
  -8.1710789999999995e-03
  -1.1367809999999999e-02
  -1.0673535000000000e-02
   2.6016200000000002e-03
   6.0043435000000003e-03
   2.1820000000000003e-03
  -4.4555700000000007e-03
  -2.3727400000000004e-03
   1.2245170000000000e-02
   1.1299149999999999e-02
   5.9204150000000001e-03
  -4.6233899999999998e-03
  -1.3771060000000002e-02
  -9.4757050000000009e-03
  -1.3504000000000001e-03
  -3.6239449999999999e-03
  -1.7082190000000001e-02
  -2.0805350000000000e-02
  -1.7982499999999998e-02
  -8.0795450000000005e-03
  -2.1820049999999994e-03
  -1.1352530000000000e-02
  -1.1039725000000000e-02
  -5.5084200000000000e-03
   2.1361999999999987e-04
   4.3182350000000001e-03
   3.3645600000000004e-03
  -8.5449000000000028e-04
  -3.1356849999999996e-03
   5.4473654999999998e-03
   7.3852319999999994e-03
   2.6092399999999996e-03
  -6.1034949999999996e-03
  -5.1269350000000000e-03
  -2.2048950000000001e-03
   3.4332500000000023e-04
  -7.1258739999999999e-03
  -1.1062630000000000e-02
  -9.2544450000000000e-03
  -1.7395025000000001e-03
   7.2937100000000001e-03
   7.2784594999999999e-03
   2.3422250000000003e-03
  -2.0599350000000006e-03
   3.2958950000000001e-03
   8.3847249999999991e-03
   1.6815200000000002e-02
   9.0179500000000003e-03
   4.1275009999999996e-03
   7.4386549999999997e-03
   1.6128549999999998e-02
   2.2079450000000000e-02
   1.8310500000000025e-04
  -1.1459330000000000e-02
  -4.2572015000000001e-03
   8.3925000000000102e-05
   3.7612950000000000e-03
  -4.8294090000000007e-03
  -1.1932385000000000e-02
  -3.2119770000000000e-03
   3.4332280000000000e-03
   4.8751824999999993e-03
  -1.1405940000000000e-02
  -1.5762300000000000e-02
  -7.6828199999999999e-03
   2.3193344999999999e-03
   9.1552800000000000e-03
   5.8593899999999999e-03
   1.1443999999999994e-04
  -1.0375949999999999e-03
   8.8500799999999998e-03
   1.4121995000000000e-02
   6.3705429999999993e-03
  -1.2054450000000001e-03
  -4.1198750000000003e-03
   3.4561150000000001e-03
   8.3694600000000004e-03
   3.1967150000000001e-03
  -5.1879900000000000e-03
  -8.0795299999999997e-03
   3.4027099999999998e-03
  -5.4931999999999984e-04
   1.0986299999999997e-03
   8.3847300000000000e-03
   1.4144899999999998e-02
   2.2964449999999997e-02
   2.3956300000000000e-02
   1.5098550000000001e-02
   6.0348499999999996e-03
  -7.6675449999999996e-03
  -1.4267000000000001e-03
   4.1503894999999997e-03
   3.5705550000000000e-03
   4.3029785000000004e-03
   3.3798206000000002e-03
   1.7952000000000003e-02
   1.7402649999999999e-02
   7.2631700000000002e-03
  -8.1634500000000000e-04
  -3.5400399999999995e-03
  -3.5095199999999999e-03
   6.1187749999999999e-03
   1.4144895000000001e-02
   1.3168320000000001e-02
   9.8113799999999998e-03
   7.6065049999999995e-03
   8.3847100000000001e-03
   8.4533899999999999e-03
  -2.6092500000000000e-03
  -9.6817199999999996e-03
  -5.3100600000000001e-03
   1.6784999999999999e-04
   3.9291400000000002e-03
  -1.2588500000000002e-03
  -6.2789899999999999e-03
  -1.0490405000000000e-02
  -2.7084349999999999e-03
   9.3078499999999995e-04
  -4.9133099999999997e-03
  -1.1383060000000000e-02
  -1.1474620000000000e-02
   1.4267000000000001e-03
   1.0108930000000000e-02
   6.5536270000000002e-03
  -4.9285909999999995e-03
  -1.5541049999999999e-02
  -3.7765495000000003e-03
   2.2354149999999997e-03
   2.5177000000000012e-04
  -1.1375405000000000e-02
  -1.5388465000000000e-02
  -8.1100649999999996e-03
  -5.7754499999999997e-03
  -3.4484699999999999e-03
  -1.8981949999999997e-02
  -1.6807550000000001e-02
  -7.1716400000000000e-03
  -1.1444100000000002e-03
  -4.2648449999999997e-03
  -1.2222304999999999e-02
  -8.9111465000000015e-03
   4.1275050000000001e-03
   1.6784650000000002e-02
   2.2430449999999998e-02
   1.3763415000000001e-02
   9.0789900000000003e-03
   7.4005049999999999e-03
   1.1268620000000000e-02
   6.6986100000000007e-03
  -5.2643000000000004e-03
  -1.0971065000000000e-02
  -1.2542744999999999e-02
  -9.7732549999999998e-03
  -1.9912749999999998e-03
  -7.8582819999999994e-03
  -1.7364500000000001e-02
  -2.0599350000000002e-02
  -1.6105649999999999e-02
  -5.1193150000000002e-03
  -7.0342850000000004e-03
  -5.9280365000000000e-03
  -3.0212399999999997e-03
   5.1345799999999997e-03
   6.3018706000000004e-03
   2.8533900000000004e-03
  -8.1100239999999987e-03
  -1.0940555000000001e-02
  -7.6675249999999997e-03
  -5.0964249999999999e-03
  -3.8833800000000005e-03
  -2.2483800000000002e-02
  -1.6456600000000002e-02
  -9.2468050000000003e-03
  -4.3487499999999993e-04
  -4.2037849999999998e-03
  -1.3076795000000000e-02
  -1.5068075000000000e-02
  -8.3847149999999992e-03
   2.9602049999999996e-03
   1.3916019999999999e-02
   9.9487550000000001e-03
   6.7901849999999998e-03
   1.1497520000000001e-02
   1.2786885000000001e-02
   1.2138370000000001e-02
   3.1204249999999996e-03
  -7.2021400000000001e-03
  -8.7890599999999996e-03
  -6.6375499999999981e-04
  -2.0828250000000000e-03
  -7.3165849999999996e-03
  -8.9492800000000004e-03
  -1.9073499999999997e-03
  -7.6295000000000095e-05
   4.7454950000000006e-03
  -6.7672899999999996e-03
  -1.3061514999999999e-02
  -1.8386850000000001e-03
   1.2161240000000000e-02
   1.7456100000000002e-02
   1.1398310000000000e-02
   8.8043250000000000e-03
   8.5677949999999996e-03
   1.1070274999999999e-02
   1.4656075000000001e-02
   7.0876899999999998e-03
  -1.3046450000000001e-03
  -2.8305050000000001e-03
   3.1738249999999999e-03
   5.7830649999999996e-03
   6.3171300000000007e-03
   9.9185000000000332e-05
  -5.5007749999999994e-03
   5.2719129999999996e-03
   1.9378649999999998e-03
   6.0730100000000002e-03
   4.4250299999999999e-03
   4.6615650000000003e-03
   9.0408099999999998e-03
   9.6664500000000000e-03
   1.7364500000000001e-02
   3.7994406000000001e-03
  -8.7356699999999992e-03
  -5.2108749999999994e-03
   2.6397700000000001e-03
   7.2555750000000002e-03
   6.9427499999999984e-04
  -2.9678349999999994e-03
   5.3863499999999998e-03
   1.3473549999999999e-02
   1.5632614999999999e-02
   8.1024310000000002e-03
   3.5705599999999995e-03
   5.9890750000000000e-03
   9.3536450000000007e-03
   1.2298595000000001e-02
   9.5291000000000004e-03
  -6.7901999999999980e-04
  -1.5716550000000001e-03
   8.5373099999999993e-03
   1.2542700000000000e-02
   1.2306235000000000e-02
   9.2773649999999992e-03
   5.9738050000000004e-03
   1.0040265000000000e-02
   8.2168399999999996e-03
   2.4490350000000004e-03
  -7.0037619999999993e-03
  -8.3160650000000010e-03
  -7.1716500000000008e-04
   2.4490350000000004e-03
  -5.1727509999999997e-03
  -1.0353085000000001e-02
   9.1553000000000012e-04
   9.2620649999999999e-03
   7.5149450000000003e-03
   3.3950899999999999e-03
  -1.3656600000000003e-03
  -3.3950825000000004e-03
   3.2119749999999997e-03
   6.8206600000000001e-03
  -6.5612999999999999e-04
  -1.3465864999999999e-02
  -1.2687660000000000e-02
  -5.1040650000000005e-03
   6.1264049999999997e-03
   1.2145979999999999e-02
   1.3816809999999999e-02
   1.8562300000000000e-02
   1.3847350000000000e-02
   2.6321420000000001e-03
   8.3770950000000011e-03
  -3.0136099999999999e-03
  -1.3442990000000002e-02
  -1.7181399999999999e-02
  -1.5914900000000003e-02
  -2.6260350000000002e-02
  -4.1038550000000000e-02
  -5.7273900000000003e-02
  -6.4544649999999995e-02
  -6.2057450000000000e-02
  -7.3791499999999996e-02
  -8.0024700000000004e-02
  -9.5527450000000000e-02
  -9.5886449999999998e-02
  -8.9393599999999990e-02
  -8.7165800000000002e-02
  -9.2369100000000010e-02
  -1.0453029999999999e-01
  -1.0545350000000001e-01
  -9.1796900000000001e-02
  -8.4266649999999998e-02
  -9.1316000000000008e-02
  -9.4367800000000002e-02
  -9.4978449999999992e-02
  -8.2664500000000002e-02
  -7.6225249999999994e-02
  -7.4295050000000001e-02
  -7.6232899999999992e-02
  -7.5523399999999991e-02
  -6.1805699999999998e-02
  -4.6333300000000001e-02
  -4.2007450000000002e-02
  -5.8311500000000002e-02
  -5.0804100000000005e-02
  -3.6468500000000001e-02
  -2.8930650000000002e-02
  -2.1408099999999999e-02
  -1.7379749999999999e-02
  -1.7555250000000001e-02
  -7.8735500000000000e-03
   1.2031575000000001e-02
   2.0828250000000000e-02
   1.3336199999999999e-02
   1.7410300000000000e-02
   2.1606399999999998e-02
   3.5743700000000003e-02
   3.0464150000000002e-02
   3.2241850000000002e-02
   3.2173149999999998e-02
   3.4988400000000003e-02
   4.2976349999999996e-02
   5.0193799999999997e-02
   4.6104449999999998e-02
   4.0473900000000000e-02
   3.3462550000000001e-02
   4.5219449999999994e-02
   5.3886400000000001e-02
   4.3937650000000002e-02
   3.4522999999999998e-02
   4.1030899999999995e-02
   5.7479849999999999e-02
   6.1462400000000000e-02
   4.7752400000000000e-02
   3.2768249999999999e-02
   1.7875700000000001e-02
   3.0136099999999999e-02
   4.2137149999999998e-02
   4.1458099999999998e-02
   3.4576400000000000e-02
   2.0950299999999998e-02
   2.1781900000000000e-02
   3.4553550000000002e-02
   2.9945350000000003e-02
   1.2565605000000001e-02
   5.5160374999999994e-03
   1.1260974999999999e-02
   2.0256050000000001e-02
   1.6349784999999999e-02
   5.4931550000000004e-03
  -2.5177000000000012e-04
   5.9738150000000004e-03
   1.6677850000000001e-02
   1.7448399999999999e-02
   9.2086600000000005e-03
   4.1809100000000004e-03
   1.0818500000000000e-02
   1.6479500000000001e-02
   6.1797900000000001e-03
   6.3324000000000019e-04
  -2.7465999999999992e-04
   2.2964449999999998e-03
   1.4495850000000001e-02
   2.5489800000000000e-02
   1.0665875000000002e-02
  -2.0751950000000002e-03
   2.2582999999999995e-03
   1.4892600000000001e-02
   2.0248400000000000e-02
   2.3094150000000001e-02
   2.0523050000000001e-02
   1.7272949999999999e-02
   9.4299250000000005e-03
   2.0080549999999999e-02
   4.1885400000000003e-02
   3.4446699999999997e-02
   2.8518650000000000e-02
   3.0487100000000003e-02
   3.0517550000000001e-02
   5.5221550000000001e-02
   2.0477300000000000e-02
   7.7057100000000002e-03
   8.9340250000000000e-03
   1.7982499999999998e-02
   2.5886550000000001e-02
   2.1484349999999999e-02
   2.2796600000000000e-02
   2.9983550000000001e-02
   4.6134950000000001e-02
   4.6546950000000004e-02
   2.7885449999999999e-02
   1.9828800000000001e-02
   2.1202050000000000e-02
   3.3142100000000001e-02
   3.6430400000000002e-02
   1.9134550000000000e-02
   1.7066950000000001e-02
   1.4434800000000001e-02
   2.5611849999999999e-02
   3.5263050000000004e-02
   2.7496300000000001e-02
   2.6046750000000000e-02
   2.8350800000000002e-02
   4.6890299999999996e-02
   3.7063600000000002e-02
   2.6412949999999998e-02
   1.0398844999999999e-02
   1.4900199999999999e-02
   4.1709900000000001e-02
   4.2648300000000000e-02
   3.4034750000000003e-02
   2.3918149999999999e-02
   2.2987400000000002e-02
   3.6048900000000002e-02
   4.5082100000000000e-02
   3.0189499999999998e-02
   2.7900700000000001e-02
   2.4055500000000000e-02
   2.5444050000000003e-02
   2.6046750000000000e-02
   3.3302300000000000e-02
   1.1459370000000000e-02
   1.1253350000000001e-02
   2.2155750000000002e-02
   2.9678349999999999e-02
   2.2979750000000000e-02
   1.5678410000000000e-02
   1.9012450000000000e-02
   2.2369400000000001e-02
   2.8656000000000001e-02
   2.0484900000000000e-02
   5.7143899999999997e-03
   5.6457300000000007e-03
   2.0126350000000001e-02
   1.0818490000000000e-02
   1.6830450000000000e-02
   7.3776490000000000e-03
   3.1204199999999996e-03
   3.9215106000000007e-03
   8.7051400000000001e-03
   4.1809199999999994e-03
  -8.7127639999999996e-03
  -1.4167764999999999e-02
  -6.5231350000000002e-03
   5.9967164999999998e-03
   2.5382999999999999e-02
   1.9271850000000000e-02
   2.2583000000000004e-03
   8.5144000000000001e-03
   1.7120349999999999e-02
   1.9515999999999999e-02
   1.4389030000000001e-02
   3.2806399999999996e-03
   6.3552850000000004e-03
   1.5602149999999999e-02
   2.4772650000000000e-02
   2.2567750000000001e-02
   1.0490440000000000e-02
   8.9111399999999997e-03
   1.3488779999999999e-02
   2.0362850000000002e-02
   1.9126899999999999e-02
   1.0375970000000000e-02
   1.3946500000000001e-02
   9.7808800000000005e-03
   1.4946000000000001e-02
   1.2580845000000000e-02
   9.6969465000000012e-03
   6.6223030500000002e-03
   1.4785800000000000e-02
   2.2506749999999999e-02
   1.8325800000000000e-02
   7.6293799999999998e-03
   6.5918200000000000e-03
   9.4604700000000003e-03
   1.4923075000000001e-02
   1.1405960000000000e-02
   7.0266499999999997e-03
   1.9989000000000005e-03
   9.5214900000000005e-03
   2.0233149999999998e-02
   2.5611900000000000e-02
   1.1520400000000000e-02
   7.9193000000000006e-03
   1.0765094999999999e-02
   3.0281050000000000e-02
   3.1173699999999999e-02
   1.7410274999999999e-02
   1.3122560000000000e-02
   6.8664499999999962e-04
   7.3166049999999995e-03
   2.1102900000000001e-02
   1.4045715000000000e-02
   2.8457650000000001e-03
  -3.7231424999999998e-03
   1.0017385000000000e-02
   1.8226650000000000e-02
   1.0948190000000000e-02
   7.7819500000000019e-04
  -8.0414049999999997e-03
   4.2572000000000000e-03
   3.5324100000000002e-03
   6.7902000000000023e-04
  -2.1286049999999996e-03
  -6.2560950000000001e-04
  -1.2451149999999999e-02
   9.6892999999999979e-04
  -8.9797904999999994e-03
  -1.6212444999999999e-02
  -1.8257150000000000e-02
  -3.8681025000000006e-03
   2.6092550000000000e-03
   5.0735485000000004e-03
  -2.5482149999999999e-03
  -6.0653610000000000e-03
   1.1596680000000000e-03
   1.9683855000000002e-03
   5.1345749999999997e-03
  -9.0484450000000004e-03
  -6.8283299999999996e-03
   7.0037735000000002e-03
   1.2344335000000000e-02
   7.8430184999999999e-03
  -2.0797750000000000e-02
  -2.9274000000000001e-02
  -2.6252750000000002e-02
  -8.9111299999999997e-03
   1.8157949999999998e-03
  -1.7044055000000002e-02
  -2.1141050000000002e-02
  -8.8348599999999999e-03
  -5.6839000000000004e-03
  -1.4137270000000000e-02
  -1.5228260000000000e-02
  -1.4160155000000001e-02
  -2.3826600000000000e-02
  -2.9579149999999998e-02
  -2.5985700000000000e-02
  -1.8272400000000001e-02
  -2.5894149999999998e-02
  -2.5962849999999999e-02
  -1.8135100000000001e-02
  -1.4129625000000000e-02
  -1.4373770000000001e-02
  -2.9144300000000001e-02
  -2.5054949999999999e-02
  -2.4711600000000000e-02
  -1.8631000000000002e-02
  -2.6916499999999999e-02
  -3.5179149999999999e-02
  -3.2180750000000001e-02
  -2.7214050000000000e-02
  -2.3185750000000001e-02
  -1.7402649999999999e-02
  -3.2699550000000001e-02
  -3.6308300000000002e-02
  -3.0151350000000000e-02
  -1.8348700000000003e-02
  -2.0370500000000000e-02
  -3.5301199999999998e-02
  -3.2180750000000001e-02
  -2.8251650000000003e-02
  -1.6059850000000001e-02
  -1.0124214999999999e-02
  -2.0660400000000002e-02
  -3.0639649999999997e-02
  -3.2447799999999999e-02
  -1.5357950000000000e-02
  -1.2054459999999999e-02
  -2.7847250000000000e-02
  -3.4462000000000000e-02
  -3.4591700000000003e-02
  -3.0242949999999998e-02
  -2.3040749999999999e-02
  -2.9014600000000002e-02
  -2.7977000000000002e-02
  -1.4595010000000002e-02
  -1.4945969999999999e-02
  -8.3770850000000011e-03
  -1.5541090000000000e-02
  -2.1263100000000000e-02
  -1.8844600000000000e-02
  -1.6189550000000000e-02
  -1.1054995000000001e-02
   1.8463150000000003e-03
  -4.5774999999999635e-05
   1.1650105000000001e-02
   1.8760699999999998e-02
   2.0927450000000000e-02
   1.2756344999999999e-02
  -2.6016349999999997e-03
  -8.6288600000000003e-03
  -4.7836300000000005e-03
  -3.1738270000000002e-03
   3.1356800000000001e-03
  -3.9138800000000007e-03
  -5.2948010000000000e-03
  -1.5945449999999997e-03
   1.6403200000000002e-03
   1.4114399999999999e-03
  -9.5596499999999994e-03
  -5.3253149999999997e-03
  -7.4920600000000000e-03
  -3.5095240000000000e-03
  -6.0272499999999992e-04
  -1.4259335000000001e-02
  -1.8325800000000000e-02
  -1.3412495000000000e-02
   2.2277855000000001e-03
   1.2092565000000000e-02
   3.0364999999999997e-03
   2.5024449999999998e-03
  -3.0517550000000002e-03
   3.2043450000000004e-03
   4.7378550000000000e-03
   4.9133300000000005e-03
  -1.0414145000000000e-02
  -2.1560699999999999e-02
  -1.3740545000000000e-02
  -2.7542100000000000e-03
   6.1950700000000004e-03
  -1.8997199999999997e-03
  -2.9449450000000000e-03
   3.3187850000000003e-03
  -1.2207000000000016e-04
   9.9179999999999928e-05
  -3.0670150000000002e-03
  -3.4255959999999999e-03
   2.2125500000000006e-04
   9.5977900000000001e-03
   5.7373099999999998e-03
   1.3122549999999996e-03
   6.7825349999999993e-03
   7.4768049999999996e-03
   1.8798799999999997e-02
   1.8295249999999999e-02
   1.2550329999999998e-02
   2.4948130500000000e-03
   1.2161250000000000e-02
   2.3963949999999998e-02
   2.0111100000000000e-02
   5.8746000000000059e-04
  -3.1738449999999998e-03
  -4.4250500000000016e-04
   8.2473900000000003e-03
   1.6014100000000000e-02
   8.9645250000000010e-03
  -1.2969950000000002e-03
  -6.8130499999999993e-03
   5.5923450000000003e-03
   1.1459350000000000e-02
   4.5776499999999999e-03
  -6.8664999999999872e-05
   5.1269445000000002e-03
   1.9653350000000000e-02
   2.4673450000000000e-02
   1.9599900000000000e-02
   6.3705699999999999e-03
   4.5089720000000000e-03
   1.5052799999999998e-02
   2.3590099999999999e-02
   2.1270749999999998e-02
   7.2784382000000000e-03
   4.6768349999999998e-03
   1.2870790000000000e-02
   1.6235340000000001e-02
   1.9096399999999999e-02
   6.6833293999999993e-03
   3.3111549999999997e-03
   1.2191785000000000e-02
   2.3544299999999997e-02
   1.6250600000000000e-02
   1.0025025000000000e-02
   4.8217859999999998e-03
   8.2854999999999995e-03
   7.8354050000000001e-03
   7.7209549999999998e-03
   7.2021654999999997e-03
   2.0614650000000002e-02
   2.1797199999999999e-02
   2.3933400000000001e-02
   2.0668050000000000e-02
   1.4671299999999998e-02
   8.9874350000000002e-03
   1.2680070000000000e-02
   2.1530150000000001e-02
   3.1730649999999999e-02
   1.5281650000000001e-02
   1.4007600000000000e-02
   3.6315900000000001e-03
   7.1258549999999995e-03
   4.8294009999999997e-03
  -1.0597249999999999e-02
  -1.2802145000000001e-02
  -8.8119649999999997e-03
   5.2108800000000002e-03
   9.6893550000000002e-03
   2.0675550000000004e-03
  -6.2027150000000010e-03
  -1.8310550000000002e-02
  -4.9514850000000003e-03
   5.9509500000000035e-04
  -1.4495999999999997e-04
  -4.4708400000000002e-03
  -2.0370250000000000e-03
   1.2298585000000001e-02
   2.4215700000000000e-02
   1.9393950000000000e-02
   1.0421751000000000e-02
   6.9274760000000001e-03
   1.4991750000000002e-02
   2.1697999999999999e-02
   2.2995000000000002e-02
