   1.7623899999999998e-02
   2.3674000000000001e-02
   1.9393899999999999e-02
  -8.3313099999999998e-03
  -1.8615699999999999e-02
  -5.6991550000000000e-03
   1.0971050000000000e-02
   1.1184675000000002e-02
  -8.0871750000000003e-03
  -1.8783550000000003e-02
  -6.1416600000000002e-03
   1.4480600000000000e-02
   1.5892045000000000e-02
  -3.4713650000000006e-03
  -1.0360729999999999e-02
  -3.5553000000000000e-03
   2.2048949999999998e-02
   3.1761150000000002e-02
   1.2817390000000000e-02
  -7.9345700000000002e-03
  -6.4086899999999999e-03
   1.2527460000000001e-02
   2.3696900000000000e-02
   7.9116899999999990e-03
  -8.6059550000000002e-03
  -6.9732649999999993e-03
   3.9825425000000001e-03
   8.1100324999999994e-03
   4.7988900000000001e-03
  -6.6680750000000007e-03
  -1.1161799999999999e-02
   3.7078860000000001e-03
   1.0940544999999999e-02
   8.2550104999999999e-03
  -3.8528460000000000e-03
  -1.2519849999999999e-02
   9.6054000000000000e-03
   2.2872950000000000e-02
   1.4709449999999999e-02
  -7.2860700000000004e-03
  -1.8325800000000000e-02
  -3.3721943999999999e-03
   9.7503850000000003e-03
   7.1487499999999997e-03
  -6.2637230000000006e-03
  -1.5670750000000001e-02
  -6.5765349999999997e-03
   6.4086760000000003e-03
   9.6435500000000007e-03
  -1.0009785000000000e-02
  -2.8900100000000001e-02
  -2.4513250000000000e-02
   1.7089849999999999e-03
   1.1375420000000001e-02
  -6.7901499999999939e-04
  -9.9410950000000005e-03
  -3.0212399999999997e-03
   1.4892565000000000e-02
   1.9668550000000000e-02
   3.5934549999999997e-03
  -1.4274580000000000e-02
  -2.1980300000000001e-02
  -3.4484850000000003e-03
   7.2631950000000001e-03
  -5.5923300000000004e-03
  -2.1347049999999999e-02
  -2.1682750000000001e-02
  -2.1514899999999998e-03
   2.2430200000000001e-03
  -1.2329105000000000e-02
  -2.4681099999999997e-02
  -2.8083799999999999e-02
   2.5177000000000012e-04
   1.1741625000000000e-02
   8.1176534999999987e-03
  -1.1024460000000000e-02
  -1.3954150000000000e-02
  -2.3422249999999999e-03
   5.9585550000000008e-03
  -3.7841550000000000e-03
  -2.7549749999999998e-02
  -3.3409149999999999e-02
  -1.5197749999999999e-02
   3.0515000000000056e-05
   2.7466000000000005e-03
  -1.3877865000000000e-02
  -2.1987949999999999e-02
  -1.1909450000000000e-02
   1.1596699999999998e-03
   4.3945099999999999e-03
  -1.7417900000000000e-02
  -2.2712699999999999e-02
  -1.3938900000000001e-02
   3.3950650000000001e-03
   6.3705250000000001e-03
  -1.0528559999999999e-02
  -2.1949749999999997e-02
  -1.8234250000000000e-02
   4.7683715000000002e-03
   8.5906899999999998e-03
  -9.3460060000000005e-03
  -2.2125249999999999e-02
  -1.7272950000000002e-02
  -2.1362300000000002e-03
   4.4021800000000003e-03
  -1.1459344999999999e-02
  -3.2356250000000003e-02
  -3.8558999999999996e-02
  -1.6601550000000000e-02
   4.2037949999999998e-03
  -1.1291499999999998e-03
  -1.0719310000000001e-02
  -1.3351450000000001e-02
   3.4637435000000002e-03
   1.6433725000000000e-02
   7.0800650000000000e-03
  -8.9950749999999999e-03
  -2.0469700000000000e-02
  -5.0964349999999999e-03
   2.7923599999999998e-03
  -9.7657500000000036e-04
  -1.3427725000000000e-02
  -2.2804300000000000e-02
  -4.1427600000000005e-03
   1.1390660000000000e-02
   8.6288519999999994e-03
  -1.3961800000000000e-02
  -2.5688150000000000e-02
  -2.7542100000000000e-03
   1.7875650000000000e-02
   2.3628250000000000e-02
   5.5847085000000005e-03
  -7.3089599999999998e-03
   1.7089830000000001e-03
   1.7723050000000001e-02
   2.4314900000000000e-02
   5.7983300000000000e-03
  -9.5825200000000006e-03
  -1.3732905000000001e-03
   1.8508900000000002e-02
   2.5772099999999999e-02
   8.9034900000000000e-03
   3.0517550000000004e-04
   3.7689200000000003e-03
   2.2369399999999998e-02
   2.5711049999999999e-02
   9.2391999999999995e-03
  -2.3422240000000000e-03
  -2.9449459999999999e-03
   1.4335614999999999e-02
   3.2043500000000003e-02
   1.9767750000000001e-02
   3.8223299999999997e-03
  -4.0741000000000006e-03
   1.3755800000000000e-02
   2.5520349999999997e-02
   1.2603785000000001e-02
  -3.6697399999999999e-03
  -1.0215800000000001e-02
   5.5694600000000000e-03
   2.2537250000000002e-02
   2.0217900000000000e-02
   6.1034999999999996e-04
  -8.3236849999999991e-03
   9.6588000000000004e-03
   2.5192249999999999e-02
   2.4749750000000001e-02
   1.8692000000000001e-03
  -5.6381199999999999e-03
   1.3969450000000001e-02
   2.9693650000000002e-02
   3.4606899999999996e-02
   2.2003200000000001e-02
   1.3359050000000001e-02
   1.6052250000000001e-02
   3.0128499999999999e-02
   3.1608549999999999e-02
   8.6669850000000003e-03
  -1.7929050000000000e-03
   1.9989040000000001e-03
   1.9332900000000000e-02
   2.5482150000000002e-02
   3.9825299999999998e-03
  -1.3137804999999999e-02
  -8.8730000000000007e-03
   1.1680589999999999e-02
   1.9950890000000002e-02
   7.4386849999999987e-03
  -6.3705500000000000e-03
  -2.6397694999999999e-03
   1.2153605000000000e-02
   1.8287640000000001e-02
   4.4479150000000002e-03
  -1.3969425000000001e-02
  -1.8249550000000000e-02
   3.8909999999999986e-04
   6.0119450000000003e-03
  -1.4801000000000003e-03
  -1.8943800000000000e-02
  -2.4497999999999999e-02
  -1.3992299999999999e-02
  -4.8217549999999996e-03
  -8.3770530499999996e-03
  -1.9332900000000000e-02
  -2.3452799999999999e-02
  -5.2108750000000002e-03
   1.3000505000000001e-02
   1.0719279999999999e-02
  -5.9814450000000002e-03
  -2.4810800000000001e-02
  -1.3397200000000000e-02
   3.7765525000000000e-03
   2.9144300000000000e-03
  -1.3015730000000000e-02
  -1.6082750000000000e-02
  -8.2397549999999996e-04
   1.4656050000000000e-02
   1.8707249999999998e-02
  -2.9144300000000004e-03
  -1.4152500000000000e-02
  -1.4755249999999999e-02
   5.6991676000000000e-03
   1.5693650000000000e-02
   4.5776500000000017e-04
  -5.6839000000000004e-03
  -3.0899059999999999e-03
   1.7288200000000000e-02
   2.2567749999999998e-02
   1.1703500000000000e-02
  -1.3961799999999999e-03
  -1.7776500000000000e-03
   1.4846800000000000e-02
   1.7364500000000001e-02
   4.6081650000000000e-03
  -8.0947799999999993e-03
  -1.2611399999999998e-02
   4.9438450000000005e-03
   1.5960715000000000e-02
   3.8909999999999986e-04
  -1.4579775000000000e-02
  -1.9554149999999999e-02
  -4.8522931999999998e-03
   2.8991549999999996e-03
  -3.3035249999999994e-03
  -1.9012450000000000e-02
  -2.4597150000000002e-02
  -6.5841700000000003e-03
   9.5062350000000000e-03
   8.1939450000000011e-03
  -8.0718844999999994e-03
  -2.1019000000000003e-02
  -1.3931300000000001e-02
   4.2877000000000002e-03
   2.8610450000000000e-03
  -1.4602640000000000e-02
  -2.2109950000000000e-02
  -8.0947799999999993e-03
   6.3934381999999996e-03
   1.5678415000000001e-02
  -8.2015765000000001e-03
  -2.0477300000000000e-02
  -1.0520935000000000e-02
   8.1405449999999990e-03
   6.5155099999999995e-03
  -1.1383059999999999e-02
  -2.3864749999999997e-02
  -1.5853849999999999e-02
  -1.7395000000000002e-03
   6.1569299999999997e-03
  -7.6904354999999995e-03
  -2.1575950000000000e-02
  -1.2374874999999999e-02
   8.4686099999999997e-03
   1.8486030000000001e-02
   5.3482099999999999e-03
  -9.0713249999999999e-03
  -1.7608650000000000e-02
  -8.2397500000000001e-04
   8.9492549999999997e-03
   8.0795499999999996e-03
  -5.7678199999999999e-03
  -8.6364749999999994e-03
   1.4144900000000000e-02
   2.8419500000000000e-02
   1.4755255000000000e-02
   6.7138999999999979e-04
  -1.1138950000000000e-02
   2.7999894999999999e-03
   8.8119499999999990e-03
   3.5247650000000004e-03
  -9.0560850000000002e-03
  -1.9103999999999999e-02
  -9.1247450000000001e-03
   5.4015999999999995e-03
   6.7215050000000000e-03
  -1.0719299999999999e-02
  -2.5184650000000003e-02
  -1.2672425000000001e-02
   1.0299680000000000e-02
   1.2306204999999999e-02
  -4.3945314999999999e-03
  -1.7349250000000000e-02
  -1.0391214999999999e-02
   4.7607500000000002e-03
   7.7591150000000005e-03
  -1.0833755000000000e-02
  -2.5711049999999999e-02
  -2.4276750000000000e-02
  -1.0368324999999999e-02
  -3.4789850000000000e-03
  -1.8325785000000001e-02
  -3.0410750000000000e-02
  -2.7099600000000001e-02
  -5.0964299999999999e-03
   4.2190700000000001e-03
  -1.1215190000000000e-02
  -2.0072949999999999e-02
  -1.2382504999999999e-02
   8.9797749999999989e-03
   1.9332864999999998e-02
   7.8735100000000002e-03
  -8.4762700000000010e-03
  -1.1077900000000000e-02
   4.0359509999999994e-03
   1.9554149999999999e-02
   9.7121950000000016e-03
  -6.3934414999999994e-03
  -1.5457149999999999e-02
  -2.9907200000000001e-03
   9.2086850000000012e-03
   7.6675169999999996e-03
  -1.6082750000000000e-02
  -2.6832550000000000e-02
  -1.0833735000000001e-02
   4.0435799999999997e-03
   5.7373099999999998e-03
  -1.0375994999999999e-02
  -9.5520050000000006e-03
   8.4381300000000003e-03
   2.5558450000000000e-02
   2.6725750000000000e-02
   7.9193060000000010e-03
  -8.4991300000000006e-03
  -1.1215200000000000e-03
   1.4121994999999998e-02
   1.9989014999999999e-02
   2.5024650000000002e-03
  -7.4005199999999998e-03
   7.2478999999999990e-04
   1.9264199999999999e-02
   3.0616750000000002e-02
   9.5825206000000000e-03
  -5.2871699999999999e-03
  -1.7799349999999999e-02
   6.8665000000000089e-05
   1.4030475000000001e-02
   3.0059850000000001e-03
  -5.8364850000000006e-03
  -7.7743550000000002e-03
   1.1154150000000000e-02
   2.3590050000000001e-02
   1.1970540000000000e-02
  -1.0917645000000000e-02
  -2.1682750000000001e-02
  -9.1629099999999998e-03
   1.3580350000000001e-03
  -5.4626650000000002e-03
  -2.1812450000000001e-02
  -2.8175350000000002e-02
  -7.1105900000000000e-03
   8.0642549999999993e-03
   5.6381050000000000e-03
  -1.7166100000000000e-02
  -2.3803700000000001e-02
  -2.9983500000000003e-03
   1.7089850000000000e-02
   2.0729100000000000e-02
  -2.0141600000000001e-03
  -8.5296649999999988e-03
   5.1116950000000003e-03
   1.7387400000000001e-02
   1.7417900000000000e-02
  -1.9302349999999998e-03
  -2.1087599999999998e-02
  -1.6403200000000000e-02
   2.2735600000000000e-03
   1.0635400000000000e-02
  -5.9280530499999998e-03
  -1.4427150000000000e-02
  -1.3282749999999999e-02
   4.4631949999999997e-03
   1.0566700000000000e-02
   2.2888500000000029e-04
  -5.0048849999999997e-03
   5.8059700000000006e-03
   2.2720350000000000e-02
   2.9075600000000000e-02
   1.8508900000000002e-02
   3.1738265000000000e-03
  -1.3656630000000000e-03
   1.8394450000000000e-02
   2.8381350000000000e-02
   1.9561799999999997e-02
   1.5258800000000001e-03
  -1.8692050000000001e-03
   1.4610300000000000e-02
   2.3551949999999999e-02
   1.1466980000000000e-02
  -1.2077340000000001e-02
  -1.8920900000000001e-02
  -1.5869150000000002e-03
   1.5678385000000000e-02
   2.0462049999999999e-02
   2.4871800000000003e-03
  -6.5002450000000000e-03
   6.6070749999999996e-03
   2.0881650000000002e-02
   1.7868034999999997e-02
  -6.3705400000000001e-03
  -1.6983050000000000e-02
  -7.8887950000000005e-03
   2.8305050000000001e-03
   1.2435890000000000e-02
  -1.7089850000000001e-03
  -1.0299700000000000e-02
  -1.6250650000000000e-03
   1.8775950000000000e-02
   1.7021170000000002e-02
  -6.5078764999999998e-03
  -1.9172700000000001e-02
  -1.4373750000000001e-02
   9.5825249999999997e-03
   1.8012995000000000e-02
   4.4326650000000006e-03
  -1.3679500000000001e-02
  -9.1629049999999990e-03
   9.5825049999999998e-03
   1.4556870000000000e-02
  -2.5253300000000001e-03
  -2.0393399999999999e-02
  -2.5718700000000001e-02
  -3.9062504999999997e-03
  -4.4250500000000016e-04
  -1.1238095000000000e-02
  -2.2232050000000000e-02
  -2.4414050000000000e-02
  -3.2806400000000000e-03
   4.7760149999999998e-03
  -6.6528500000000001e-03
  -1.5480049999999999e-02
  -1.6128549999999998e-02
   1.7547584999999999e-03
   1.3305680000000000e-02
   8.2473500000000005e-03
  -1.2664780000000000e-02
  -1.8959049999999998e-02
  -8.5601849999999997e-03
   2.7313249999999997e-03
   1.3885500000000001e-03
  -1.6365049999999999e-02
  -2.6420600000000002e-02
  -1.5342700000000001e-02
   2.6550300000000001e-03
   8.5906790000000004e-03
  -1.3565049999999999e-02
  -3.0067400000000001e-02
  -2.2331250000000000e-02
  -3.2043449999999999e-03
   6.2484799999999998e-03
  -3.8986400000000001e-03
  -1.3961800000000000e-02
  -8.8424650000000007e-03
   7.5225650000000002e-03
   4.8675400000000001e-03
  -1.0086080000000001e-02
  -2.8205849999999998e-02
  -2.3956300000000000e-02
  -5.8746550000000003e-03
  -9.4604499999999996e-04
  -9.5367500000000001e-03
  -2.8175350000000002e-02
  -2.9411349999999999e-02
  -5.7754500000000005e-03
   8.7509249999999997e-03
  -3.6010700000000005e-03
  -1.6967750000000000e-02
  -2.2720350000000000e-02
  -8.9264100000000001e-04
   2.1919250000000001e-02
   1.6311650000000000e-02
  -3.2959000000000000e-03
  -5.5236800000000004e-03
   7.3318500000000000e-03
   2.2422800000000000e-02
   1.8318149999999998e-02
  -1.0833750000000001e-03
  -1.3320950000000000e-02
  -1.9302345000000000e-03
   9.6359200000000009e-03
   7.3547414999999994e-03
  -6.5460149999999996e-03
  -1.2962350000000001e-02
  -5.0735499999999996e-03
   8.1100249999999999e-03
   6.1493095000000001e-03
  -1.2817390000000001e-02
  -1.9660950000000000e-02
  -5.4626450000000003e-03
   1.7906149999999999e-02
   3.1333899999999998e-02
   9.3841549999999999e-03
  -6.7291299999999998e-03
  -4.1275000000000001e-03
   1.4823935000000000e-02
   1.9226100000000003e-02
   4.1961999999999989e-04
  -7.4462800000000004e-03
  -6.1874399999999998e-03
   8.1634749999999999e-03
   1.1566145000000000e-02
  -1.3046249999999998e-03
  -1.4984150000000000e-02
  -1.7135649999999999e-02
   7.9269249999999996e-03
   2.6222249999999999e-02
   1.9393930000000000e-02
   9.6512050000000012e-03
   5.1651149999999996e-03
   2.1545450000000001e-02
   3.1143150000000001e-02
   1.8089314999999998e-02
   1.8386800000000001e-03
  -3.0746455000000002e-03
   5.3482099999999999e-03
   1.5869149999999999e-02
   1.4015190000000000e-02
  -4.8675500000000000e-03
  -1.0284419999999999e-02
   3.9749145000000001e-03
   2.0553550000000000e-02
   1.3755779999999999e-02
  -1.9760150000000002e-03
  -1.1825550000000001e-02
   5.4168500000000008e-04
   1.4160140000000000e-02
   1.7890940000000001e-02
   5.4015899999999995e-03
  -4.1885400000000001e-03
   3.6010755000000002e-03
   2.1980300000000001e-02
   1.5579229999999999e-02
  -9.4909550000000006e-03
  -2.3231500000000002e-02
  -1.8028250000000003e-02
   2.6321399999999998e-03
   1.1299115000000000e-02
  -2.3117049999999998e-03
  -1.2107870000000000e-02
  -7.1868750000000006e-03
   1.6380300000000000e-02
   2.6512100000000000e-02
   1.1100775000000000e-02
  -4.0359481999999993e-03
  -1.7242449999999997e-03
   1.1581440000000000e-02
   1.9050600000000001e-02
   6.1568999999999999e-03
  -1.0391250000000001e-02
  -9.2086800000000003e-03
   8.6288549999999995e-03
   1.8013000000000001e-02
   8.5372912000000016e-03
  -1.2741104999999999e-02
  -1.5464749999999999e-02
   2.8381350000000003e-03
   1.2992870000000000e-02
   9.5596204999999993e-03
  -6.5078940000000002e-03
  -1.5739450000000002e-02
  -6.9656499999999994e-03
   5.2947799999999998e-03
   9.1857915000000002e-03
  -3.2577500000000002e-03
  -6.0958850000000005e-03
   1.4877299999999998e-03
   1.8592850000000001e-02
   1.9065840000000001e-02
  -5.5847199999999996e-03
  -1.5686050000000000e-02
  -5.1040649999999996e-03
   5.8669999999999998e-03
   8.2168400000000013e-03
  -1.0780350000000001e-02
  -1.7982499999999998e-02
  -1.3717644999999999e-02
   4.8522850000000005e-03
   7.7819700000000000e-03
  -5.5999500000000002e-03
  -1.9287100000000001e-02
  -1.2916600000000000e-02
   4.5089709999999996e-03
   1.6738915000000000e-02
   7.7896145000000000e-03
   1.2283300000000001e-03
   2.5940000000000002e-04
   1.6342150000000000e-02
   2.1789550000000001e-02
   4.2877250000000000e-03
  -1.4732354999999999e-02
  -1.9332900000000000e-02
  -1.4572149999999996e-03
   9.6511624999999993e-03
  -1.6250700000000002e-03
  -2.2048949999999998e-02
  -2.7229299999999998e-02
  -7.4768199999999995e-03
   4.6768000000000001e-03
  -2.0904399999999998e-03
  -1.8936149999999999e-02
  -2.4147000000000002e-02
  -4.6920800000000004e-03
   1.7745999999999998e-02
   1.8768299999999998e-02
  -6.5460349999999995e-03
  -1.4946000000000001e-02
  -6.5689049999999999e-03
   7.3929034999999999e-03
   9.0561144999999985e-03
  -1.0223395000000000e-02
  -2.4215700000000000e-02
  -1.2321449999999999e-02
   7.9498199999999998e-03
   1.4839155000000000e-02
   1.3580300000000005e-03
  -1.0353075000000000e-02
  -4.5852649999999998e-03
   1.4678945000000001e-02
   1.1680609999999999e-02
  -2.3422200000000003e-03
  -5.9967225000000001e-03
   1.4648449999999998e-03
   2.0751949999999998e-02
   3.2051049999999998e-02
   2.3468000000000003e-02
   4.1122450000000005e-03
  -1.8539419999999999e-03
   1.8959049999999998e-02
   2.8289750000000002e-02
   1.0925309999999999e-02
  -4.0893599999999993e-03
  -4.9285879999999994e-03
   1.5319849999999999e-02
   3.0288700000000002e-02
   1.6899120000000000e-02
   1.6021700000000000e-03
  -7.1029649999999993e-03
   8.6059499999999994e-03
   2.4208100000000000e-02
   2.3071299999999999e-02
   3.2653800000000000e-03
  -4.5318600000000004e-03
   1.0444655000000001e-02
   2.4879449999999997e-02
   2.7633700000000001e-02
   6.5994349999999998e-03
  -2.2964500000000002e-03
   8.6974949999999995e-03
   1.9096399999999999e-02
   1.6830419999999999e-02
  -3.4408799999999999e-03
  -1.9325249999999999e-02
  -6.7367550000000005e-03
   8.6364800000000002e-03
   1.0536195999999999e-02
  -3.7460549999999999e-03
  -2.4368299999999999e-02
  -7.3699950000000007e-03
   1.6532900000000000e-02
   1.9210850000000002e-02
   5.6304800000000002e-03
  -8.6059450000000003e-03
  -5.4016150000000002e-03
   1.2138349999999999e-02
   1.7013529999999999e-02
   4.7301999999999978e-04
  -1.8493650000000000e-02
  -1.4839200000000000e-02
   3.8604724999999999e-03
   1.8547050000000002e-02
   3.4027100000000002e-03
  -8.6059650000000001e-03
  -1.0543805000000000e-02
   8.0490099999999988e-03
   1.3900750000000000e-02
   1.0093699999999999e-02
  -1.8310550000000001e-03
  -4.3640129999999999e-03
   1.5220599999999999e-02
   2.4978650000000002e-02
   1.6372669999999999e-02
   1.2893699999999998e-03
  -1.9760150000000002e-03
   1.1733984999999999e-02
   2.4597200000000000e-02
   2.1736099999999998e-02
   8.2778809999999991e-03
  -1.8013000000000001e-02
  -8.4457400000000002e-03
   1.2825035000000000e-02
   1.2290964999999999e-02
  -1.1161819999999999e-02
  -3.3325199999999999e-02
  -3.2150249999999998e-02
  -1.7990100000000002e-02
  -1.6700730000000000e-02
  -3.0799850000000004e-02
  -4.0222149999999998e-02
  -3.8795450000000002e-02
  -2.6138349999999998e-02
  -2.6542650000000001e-02
  -4.6585100000000004e-02
  -6.4857499999999998e-02
  -6.7146299999999992e-02
  -5.6900050000000001e-02
  -6.2072749999999996e-02
  -8.0306999999999990e-02
  -9.7870100000000002e-02
  -1.0503400000000000e-01
  -1.0004405000000000e-01
  -9.1064449999999991e-02
  -9.9319699999999997e-02
  -1.1409000000000000e-01
  -1.1929350000000000e-01
  -9.9243300000000007e-02
  -9.5962300000000000e-02
  -1.0700220000000001e-01
  -1.1746200000000000e-01
  -1.2480950000000000e-01
  -9.4505149999999996e-02
  -9.7274899999999997e-02
  -1.0695645000000001e-01
  -1.2885300000000000e-01
  -1.2603750000000000e-01
  -1.1100000000000000e-01
  -8.5426349999999998e-02
  -8.1489549999999994e-02
  -9.5359949999999999e-02
  -1.0061650000000000e-01
  -8.7944049999999996e-02
  -5.9234599999999998e-02
  -5.9112550000000000e-02
  -6.4674399999999993e-02
  -9.1224650000000004e-02
  -7.0465050000000001e-02
  -3.4149150000000003e-02
  -2.3994450000000001e-02
  -3.9550750000000003e-02
  -3.6254849999999998e-02
  -2.0492549999999998e-02
   1.4564505000000000e-02
   2.1827700000000002e-02
   1.0345443999999999e-02
   2.6626599999999999e-03
   1.1550899999999999e-02
   2.9960649999999998e-02
   3.5881049999999998e-02
   1.7166145000000001e-02
   2.2964500000000002e-03
   1.1993385000000001e-02
   2.5306700000000001e-02
   4.0954600000000001e-02
   3.5156250000000000e-02
   2.1331750000000000e-02
   2.8305049999999998e-02
   5.6274400000000002e-02
   5.5557250000000002e-02
   5.5702200000000007e-02
   3.6918649999999997e-02
   3.8078350000000004e-02
   5.1712000000000001e-02
   6.3392649999999995e-02
   5.0903299999999999e-02
   3.0311600000000001e-02
   2.3605349999999997e-02
   4.9919149999999995e-02
   7.6805100000000001e-02
   6.8641649999999998e-02
   3.9443949999999998e-02
   2.7526900000000000e-02
   4.8461900000000002e-02
   6.6787700000000005e-02
   6.0768149999999993e-02
   4.7302250000000004e-02
   2.6809699999999999e-02
   3.6369350000000002e-02
   4.7096299999999994e-02
   4.4837950000000001e-02
   1.8035909999999999e-02
   3.8452050000000000e-03
   1.0482800000000000e-02
   3.1715399999999998e-02
   4.3289200000000000e-02
   2.5047300000000002e-02
   1.6670200000000000e-02
   2.4086000000000000e-02
   4.3609599999999998e-02
   5.0064049999999999e-02
   3.6682099999999995e-02
   2.2224399999999998e-02
   2.6611299999999997e-02
   4.5158400000000001e-02
   6.0974149999999998e-02
   3.9894150000000003e-02
   2.3773150000000000e-02
   3.1509400000000000e-02
   6.6391000000000006e-02
   7.8620899999999994e-02
   6.0165400000000001e-02
   3.8383500000000001e-02
   2.9464700000000003e-02
   4.4677750000000002e-02
   5.5465700000000000e-02
   4.8461950000000004e-02
   2.7244549999999999e-02
   1.2496975000000000e-02
   3.2287600000000000e-02
   5.0544699999999998e-02
   5.1643399999999999e-02
   3.4591650000000002e-02
   2.7114849999999999e-02
   3.8558950000000002e-02
   5.0964349999999999e-02
   4.9751299999999998e-02
   2.1896350000000002e-02
   1.3237000000000001e-02
   2.6107749999999999e-02
   4.7920199999999996e-02
   4.6737650000000006e-02
   3.7216150000000003e-02
   2.4353050000000001e-02
   3.3447299999999999e-02
   5.3245550000000003e-02
   6.3949599999999995e-02
   4.9865699999999999e-02
   3.1982400000000001e-02
   3.0296299999999998e-02
   4.6028149999999997e-02
   4.4792150000000003e-02
   3.7269600000000000e-02
   1.6471850000000000e-02
   1.2191749999999999e-02
   3.7704450000000000e-02
   3.8391149999999999e-02
   1.1436480000000001e-02
  -3.8452299999999994e-03
  -2.7771020000000000e-03
   1.7440799999999999e-02
   2.5131199999999999e-02
   1.4404290000000000e-02
  -4.0435500000000012e-04
  -2.3803699999999997e-03
   2.1896350000000002e-02
   3.7002549999999995e-02
   2.5802600000000002e-02
  -1.4266999999999999e-03
  -7.5454700000000003e-03
   4.4631960000000000e-03
   1.1497499999999999e-02
   7.8124834999999991e-03
  -5.2185050000000000e-03
  -1.3999950000000001e-02
   1.3275150000000000e-03
   2.0980849999999999e-02
   2.1438600000000002e-02
   5.3405500000000029e-04
  -1.2863150000000000e-02
  -8.3160400000000002e-03
   2.0065299999999999e-03
   1.2985220000000000e-02
  -1.0146850000000004e-03
  -9.7961300000000001e-03
   9.3841499999999995e-04
   1.8325850000000001e-02
   3.3920300000000000e-02
   1.5312185000000001e-02
  -8.4075899999999995e-03
  -2.8381350000000003e-03
   7.3013499999999999e-03
   1.1474610000000000e-02
  -3.0288799999999999e-03
  -2.1881100000000001e-02
  -2.0545950000000000e-02
  -3.0899040000000001e-03
  -4.6157749999999999e-03
  -1.0162372999999999e-02
  -3.0090350000000002e-02
  -2.4421700000000001e-02
  -1.0147099999999998e-03
   1.1001570000000000e-02
   6.2561000000000040e-04
  -1.5090949999999999e-02
  -1.8516550000000000e-02
   6.2560999999999997e-04
   1.1093159999999999e-02
   6.1798000000000018e-04
  -1.5792850000000001e-02
  -1.6227749999999999e-02
   2.9602059999999999e-03
   1.8279999999999998e-02
   1.7303449999999998e-02
  -1.1138949999999999e-03
  -7.1868899999999996e-03
   4.7683700000000001e-03
   1.9294749999999999e-02
   1.0849000000000001e-02
  -7.5454649999999995e-03
  -1.9912699999999998e-02
  -3.7307700000000000e-03
   1.2023905000000000e-02
   1.7211915000000001e-02
  -7.8353845000000005e-03
  -1.5693650000000000e-02
  -4.1809099999999995e-03
   1.0345465000000000e-02
   2.2865299999999998e-02
   7.2174150000000005e-03
  -8.3465350000000004e-03
  -2.8305050000000001e-03
   1.3671875000000000e-02
   2.2048950000000001e-02
   1.4617900000000000e-02
   1.3198850000000000e-03
  -3.7078850000000002e-03
   1.6471900000000001e-02
   3.0174250000000000e-02
   1.2901325000000000e-02
  -7.7438600000000000e-03
  -8.6135850000000000e-03
   1.5464799999999999e-02
   2.6229849999999999e-02
   1.3793955000000000e-02
  -3.7002540000000000e-03
  -6.5689099999999999e-03
   1.2878415000000001e-02
   2.0355250000000002e-02
   1.7288225000000001e-02
  -3.4713750000000001e-03
  -1.1360200000000001e-02
   9.9334550000000008e-03
   3.1692550000000000e-02
   2.0240800000000000e-02
  -3.2348650000000004e-03
  -9.6664550000000009e-03
   5.1116949999999994e-03
   2.5482200000000000e-02
   2.8816200000000000e-02
   1.1283854999999999e-02
  -5.5847200000000005e-03
   6.2408450000000001e-03
   2.2102350000000000e-02
   2.5238000000000000e-02
  -5.7983500000000033e-04
  -1.1939999999999999e-02
  -3.1051600000000000e-03
   1.6159050000000001e-02
   1.5876780000000000e-02
  -4.0206894999999998e-03
  -1.7593399999999999e-02
  -1.4602700000000000e-02
   2.4337750000000000e-03
   8.7203799999999998e-03
  -3.9901500000000005e-03
  -2.4452200000000000e-02
  -2.0591749999999999e-02
  -2.1820050000000003e-03
   1.1207580000000000e-02
   6.7672534999999997e-03
  -6.0348349999999997e-03
  -8.3236650000000009e-03
   1.4663650000000000e-02
   2.7595500000000002e-02
   1.4556870000000000e-02
   1.6784499999999980e-04
  -8.6440900000000001e-03
   4.6615624999999999e-03
   1.3351430000000001e-02
   2.7008300000000000e-03
  -1.7265300000000001e-02
  -1.8150300000000001e-02
   4.3487499999999993e-04
   2.2018449999999998e-02
   1.0192880000000000e-02
  -1.3771040000000000e-02
  -1.8814100000000000e-02
  -1.0680999999999993e-04
   1.4823935000000000e-02
   1.5617390000000000e-02
  -1.0025019999999999e-02
  -1.4778150000000000e-02
   2.4032590000000000e-03
   2.8633150000000003e-02
   3.2226550000000000e-02
   8.2855059999999998e-03
  -4.0893559999999997e-03
   9.6740649999999991e-03
   2.8648400000000001e-02
   2.6527400000000000e-02
   3.3721900000000006e-03
  -1.1436445000000000e-02
  -1.5792849999999999e-03
   2.0202600000000001e-02
   2.4620050000000001e-02
   6.1874199999999999e-03
  -2.8610249999999997e-03
   2.3803700000000001e-03
   2.1385200000000000e-02
   2.2125249999999999e-02
   5.6610215000000002e-03
  -9.3993949999999996e-03
  -9.6740950000000006e-03
   7.9727400000000007e-03
   1.6029355000000002e-02
   9.8266599999999992e-03
  -2.2964450000000003e-03
