  -4.6768070000000007e-03
   8.7890650000000004e-03
   5.6152249999999997e-03
  -1.3259864999999999e-02
  -2.3979199999999999e-02
  -1.0421730000000001e-02
  -4.8828499999999976e-04
   4.5776250000000001e-03
  -3.8299550000000003e-03
  -9.6587900000000004e-03
  -3.8299550000000003e-03
   8.9874165000000013e-03
   9.7122149999999997e-03
  -9.0713249999999999e-03
  -1.9592249999999999e-02
  -1.3999950000000001e-02
  -4.2724500000000014e-04
   4.2724649999999996e-03
  -6.1798209999999994e-03
  -1.4709500000000000e-02
  -7.4005149999999999e-03
   6.2560999999999997e-04
   6.3400250000000000e-03
  -6.2713475000000006e-03
  -2.1568250000000001e-02
  -2.0706150000000000e-02
  -6.4010550000000001e-03
   5.6610300000000001e-03
  -1.2069680000000001e-02
  -2.8808599999999997e-02
  -2.8587350000000001e-02
  -7.7590845000000000e-03
   3.8376050000000000e-03
  -6.5612550000000002e-03
  -2.0011899999999999e-02
  -2.4734500000000000e-02
  -5.9814350000000002e-03
   6.3552950000000004e-03
  -8.1634469500000001e-03
  -2.3948700000000000e-02
  -2.1591199999999998e-02
   1.9836450000000000e-03
   2.0546000000000002e-02
   1.8173200000000000e-02
  -1.0604850000000001e-03
  -1.2107850000000000e-02
   1.4495875000000000e-03
   7.5683449999999998e-03
   4.2419549999999995e-03
  -9.8495400000000004e-03
  -1.3885500000000000e-02
   3.8223285000000004e-03
   2.0843500000000001e-02
   2.1148649999999998e-02
   3.7155134999999999e-03
  -1.1085500000000000e-02
  -3.2959000000000000e-03
   1.6922000000000000e-02
   1.8013000000000001e-02
   3.0746450000000000e-03
  -7.4691799999999997e-03
  -2.1057114999999999e-03
   1.2718200000000001e-02
   2.0629849999999998e-02
   7.9727229999999993e-03
  -1.5945430000000001e-03
  -2.0141600000000001e-03
   1.3992325000000000e-02
   2.5665250000000001e-02
   1.2756350000000000e-02
  -1.5029889999999999e-03
  -1.5563949999999999e-03
   1.1383040000000001e-02
   1.7341599999999999e-02
   5.0583099999999999e-03
  -9.0332150000000007e-03
  -1.2512199999999999e-02
   4.5547449999999998e-03
   2.0637500000000000e-02
   1.4579749999999999e-02
  -9.1476500000000002e-03
  -1.7959599999999999e-02
  -4.4174186499999993e-03
   1.2489320000000002e-02
   4.4403049999999994e-03
  -1.4915484999999999e-02
  -2.0286550000000000e-02
  -2.9754655000000002e-03
   1.1306740000000001e-02
   1.3854979999999999e-02
  -2.3422249999999999e-03
  -9.4223150000000006e-03
  -3.4484839999999999e-03
   9.5901300000000005e-03
   8.6746299999999991e-03
  -6.2027000000000002e-03
  -1.7311100000000003e-02
  -9.2773649999999992e-03
   2.9296849999999996e-03
   8.3236540000000015e-03
  -6.5154849999999997e-03
  -2.8144849999999999e-02
  -1.8966650000000002e-02
   2.1591150000000001e-03
   5.0201199999999994e-03
  -1.1589024999999999e-02
  -1.8333450000000001e-02
  -1.4633149999999999e-02
  -1.3504049999999998e-03
   8.8882500000000003e-03
   2.0065299999999999e-03
  -5.9127799999999994e-03
  -9.1018699999999998e-03
   5.9509300000000001e-03
   1.5197779999999999e-02
   2.5177000000000003e-03
  -6.6146850000000004e-03
  -5.0506600000000002e-03
   1.5487650000000001e-03
   1.6510014999999999e-02
   1.0711670000000000e-02
  -8.8500749999999989e-03
  -1.2252784999999999e-02
   2.1133400000000000e-03
   1.1871325000000000e-02
   4.8599349999999993e-03
  -1.0177600000000000e-02
  -1.8310550000000002e-02
  -3.3950800000000004e-03
   7.9421850000000009e-03
   5.9967000000000006e-03
  -1.7349250000000000e-02
  -2.6168799999999999e-02
  -1.0017410000000001e-02
   9.2392050000000003e-03
   1.2100204999999999e-02
  -4.1732810000000000e-03
  -1.4183049999999999e-02
  -1.4190665000000000e-03
   1.6624449999999999e-02
   2.3819000000000000e-02
   1.2283300000000001e-03
  -8.5372950000000003e-03
  -6.1416650000000001e-03
   8.5983399999999995e-03
   1.3061540000000000e-02
  -2.3193350000000001e-03
  -1.5846249999999999e-02
  -1.3084400000000000e-02
   1.6021700000000002e-03
   4.9285950000000000e-03
  -1.0292070000000000e-02
  -2.0195000000000001e-02
  -1.7982499999999998e-02
  -1.9683800000000000e-03
   7.3242300000000010e-03
   2.7313149999999998e-03
  -5.3024359999999998e-03
  -7.7667199999999995e-03
   1.3137825000000001e-02
   2.1148650000000001e-02
   1.0803199999999999e-02
  -6.0577499999999998e-03
  -1.3832100000000000e-02
   9.5367500000000018e-04
   9.2239550000000007e-03
   3.5781649999999999e-03
  -1.4236430000000001e-02
  -2.2346499999999998e-02
  -9.9182300000000001e-03
   4.9361950000000000e-03
   5.3405850000000001e-03
  -7.9345749999999993e-03
  -1.7959599999999999e-02
  -2.2201555000000003e-03
   7.6904530500000005e-03
   1.2657180000000001e-02
  -3.3264150000000001e-03
  -1.9920350000000000e-02
  -4.3945149999999999e-03
   2.0256000000000000e-02
   2.9243499999999999e-02
   1.5960690000000000e-02
   6.3857849999999997e-03
   1.1306765000000000e-02
   2.5085450000000002e-02
   2.8228799999999998e-02
   8.1558199999999994e-03
  -1.0025035000000000e-02
  -4.8980700000000000e-03
   9.0179300000000004e-03
   1.3709994999999999e-02
  -1.2893649999999998e-03
  -1.3656600000000000e-02
  -1.2313825000000000e-02
   6.6986199999999997e-03
   2.1377600000000000e-02
   1.0925279999999999e-02
  -5.4245000000000005e-03
  -5.6304950000000001e-03
   1.1558510000000001e-02
   2.0500200000000000e-02
   1.3206485000000000e-02
   6.1340350000000004e-03
  -1.2054444000000001e-03
   9.6664249999999993e-03
   2.0469670000000002e-02
   1.1413556500000000e-02
  -5.3329300000000005e-03
  -1.1024465000000001e-02
   2.2277800000000004e-03
   1.2733470000000000e-02
   1.3145425000000001e-02
  -8.7585199999999988e-03
  -1.5121500000000000e-02
   5.1116500000000006e-04
   1.7364510000000000e-02
   2.2201550000000000e-02
   7.3852400000000004e-03
  -3.8375854999999999e-03
   6.2408450000000001e-03
   2.8083799999999999e-02
   2.9968250000000002e-02
   1.9607550000000002e-03
  -1.6998300000000001e-02
  -1.1360149999999999e-02
   7.7667359999999989e-03
   1.9142125000000003e-02
   8.9263850000000002e-03
   3.9673000000000009e-04
   7.0190499999999985e-04
   1.7036435000000003e-02
   2.4871850000000001e-02
   5.6610350000000000e-03
  -1.0932925000000000e-02
  -1.3931285000000000e-02
   5.0735650000000004e-03
   1.1962900000000000e-02
   3.2043499999999999e-04
  -1.2146009999999999e-02
  -1.4854450000000002e-02
  -7.0953499999999985e-04
   1.0681141000000000e-02
  -1.1825749999999999e-03
  -1.2725810000000001e-02
  -1.4877300000000000e-02
  -3.1356799999999996e-03
   3.7155050000000000e-03
  -9.6130499999999997e-04
  -2.0675649999999999e-03
  -6.0424800000000002e-03
   5.9203900000000002e-03
   1.7723059999999999e-02
   1.7318750000000001e-02
  -9.6664675000000012e-03
  -2.4032600000000001e-02
  -9.1400200000000004e-03
   4.8828000000000005e-03
   3.9749349999999998e-03
  -9.8953150000000000e-03
  -1.8920900000000001e-02
  -9.5290950000000013e-03
   1.1886600000000001e-02
   1.2535109999999999e-02
  -6.9122409999999995e-03
  -2.2308349999999998e-02
  -1.3275125000000000e-02
  -1.8615699999999999e-03
   1.0170000000000000e-02
  -7.6294118000000003e-03
  -2.1560700000000002e-02
  -1.6967750000000000e-02
   1.8997199999999997e-03
   1.0025009999999999e-02
  -3.0975550000000001e-03
  -8.1863600000000002e-03
  -7.3166100000000003e-03
   8.4228749999999998e-03
   2.1316500000000002e-02
   7.6751650000000003e-03
  -5.7373049999999998e-03
  -1.4976490000000000e-02
   5.6839109999999998e-03
   1.3313294999999999e-02
  -6.3934350000000011e-03
  -1.7463690000000000e-02
  -2.0744300000000000e-02
  -1.4419550000000000e-03
   1.9378500000000005e-03
  -4.0206700000000005e-03
  -2.3139949999999999e-02
  -2.6275650000000001e-02
  -7.4691990000000002e-03
   3.8986450000000001e-03
   1.8157899999999994e-03
  -1.2565625000000000e-02
  -1.4663699999999998e-02
   2.4414100000000002e-03
   1.9012450000000000e-02
   2.1072399999999998e-02
   1.7166350000000002e-03
  -8.9187699999999995e-03
  -3.2501300000000004e-03
   1.7639149999999999e-02
   1.7539985000000001e-02
  -5.5694799999999999e-03
  -2.4772650000000000e-02
  -1.9706700000000001e-02
  -2.3193549999999995e-03
   4.9285700000000002e-03
  -8.9950789999999996e-03
  -1.7341599999999999e-02
  -9.6664400000000001e-03
   3.2958950000000001e-03
   9.8724494999999999e-03
  -9.1552499999999950e-04
  -1.7738350000000000e-02
  -1.6662549999999998e-02
  -4.0588250000000003e-03
   7.9345649999999993e-03
   1.5640249999999997e-03
  -8.7967050000000001e-03
  -5.8288649999999999e-03
   9.0255500000000002e-03
   2.2155749999999998e-02
   1.5075684999999998e-02
  -8.0032599999999999e-03
  -1.3961775000000001e-02
   5.4168729999999991e-03
   1.6517654999999999e-02
   7.9116975000000003e-03
  -1.9050600000000001e-02
  -2.6428199999999999e-02
  -7.8582800000000005e-03
   6.6681049999999997e-03
   4.9896049999999994e-03
  -8.4533549999999992e-03
  -1.5075649999999999e-02
  -6.4086950000000007e-03
  -7.0190499999999963e-04
  -3.6163450000000004e-03
  -1.8272400000000001e-02
  -2.2598250000000000e-02
  -2.3574800000000003e-03
   2.2079450000000000e-02
   2.6222249999999999e-02
   1.2557994999999999e-02
   3.8528463500000000e-03
   1.0520940000000001e-02
   1.8402099999999998e-02
   1.8821734999999999e-02
  -1.8081649999999996e-03
  -2.1362300000000001e-02
  -1.5739440000000000e-02
   3.0517700000000001e-03
   1.4724750000000000e-02
   6.1874349999999998e-03
  -8.5525649999999998e-03
  -1.1940009999999999e-02
   4.5699950000000003e-03
   1.3122560000000000e-02
   2.2890000000000237e-05
  -1.5350299999999999e-02
  -1.9226099999999999e-02
  -4.1732800000000006e-03
   1.0452246500000000e-02
   1.2229940000000000e-02
   3.6239599999999999e-03
   1.6403200000000000e-03
   1.6227699999999998e-02
   2.5329600000000001e-02
   1.4038105000000000e-02
  -5.3405000000000293e-05
  -5.9204100000000001e-03
   6.0119650000000002e-03
   9.2391699999999997e-03
   4.3411099999999996e-03
  -1.1993429999999999e-02
  -1.6120900000000001e-02
   1.0833749999999997e-03
   1.1398304999999999e-02
   7.7972524999999999e-03
  -9.5062499999999991e-03
  -1.7600999999999999e-02
  -8.7280199999999995e-03
   7.6904535000000005e-03
   1.0482805000000001e-02
  -1.2466445000000000e-02
  -1.4511090000000001e-02
   5.0201650000000000e-03
   1.7547649999999998e-02
   2.0507825000000000e-02
   9.0255999999999999e-03
  -8.6211999999999997e-04
  -1.0154709999999999e-02
   3.0364899999999998e-03
   9.9181884999999994e-03
  -3.9978250000000000e-03
  -1.4289850000000000e-02
  -1.1543270000000000e-02
   3.4484750000000003e-03
   1.4289870000000001e-02
   1.8005149999999999e-03
  -7.9803449999999998e-03
  -1.0589615000000000e-02
   3.2196000000000004e-03
   1.6136169999999998e-02
   4.5776499999999973e-04
  -1.3702409999999998e-02
  -1.9950900000000001e-02
  -9.9181999999999959e-04
   1.1337282000000001e-02
   1.1634823999999998e-02
   2.4795550000000000e-03
  -2.9602050000000000e-03
   6.5765550000000004e-03
   1.5106180000000000e-02
   1.4739990000000000e-02
  -4.4403094999999997e-03
  -1.9531250000000000e-02
  -5.7754499999999997e-03
   7.3928770000000008e-03
   5.3787049999999993e-03
  -1.2283315000000000e-02
  -1.7379749999999999e-02
  -6.3018800000000002e-03
   6.7291100000000000e-03
   5.7601950000000001e-03
  -1.0795595000000000e-02
  -1.8707300000000000e-02
  -6.2255849999999996e-03
   7.6141450000000001e-03
   1.2512184999999999e-02
  -1.0795574999999998e-02
  -1.9706700000000001e-02
  -7.7590850000000006e-03
   9.4299550000000003e-03
   1.5968309999999999e-02
  -1.5869100000000000e-03
  -1.3015760000000001e-02
  -8.6136049999999999e-03
   5.4092199999999993e-03
   1.1962890000000000e-02
  -1.9836450000000000e-03
  -1.4373800000000001e-02
  -1.4549250000000000e-02
  -3.5934449999999998e-03
   7.7514449999999992e-03
  -2.5939999999999991e-04
  -9.3307500000000005e-03
  -1.1924760000000000e-02
  -2.4490350000000000e-03
   6.0424600000000004e-03
  -2.2582999999999995e-03
  -1.2550340000000000e-02
  -1.5251150000000002e-02
  -2.7008049999999997e-03
  -8.3899999999999600e-05
   1.1749500000000001e-03
  -7.6217650000000000e-03
  -1.1421225000000000e-02
   4.7683715000000002e-03
   1.3351455000000000e-02
   1.0749814999999999e-02
  -2.3651100000000001e-03
  -1.4282250000000000e-02
  -1.9378650000000000e-03
   8.4991450000000014e-03
   8.9416414999999999e-03
  -7.5378644999999998e-03
  -1.9676199999999998e-02
  -9.2773449999999993e-03
   1.1352555000000000e-02
   1.5747069999999998e-02
  -2.7160600000000002e-03
  -1.3763425000000001e-02
  -6.0653675000000001e-03
   7.3318399999999992e-03
   1.7799374999999999e-02
   1.0642985000000001e-02
  -1.1642470000000000e-02
  -8.9721850000000006e-03
   1.4007545000000000e-02
   2.8434750000000002e-02
   1.9897450000000001e-02
   6.5231149999999995e-03
  -8.4686500000000003e-04
   8.4457449999999993e-03
   1.6921980000000000e-02
   3.6544649999999995e-03
  -1.2298575000000001e-02
  -1.2657185000000001e-02
   3.0441200000000000e-03
   1.4060955000000000e-02
   2.7236900000000000e-03
  -1.4114369999999999e-02
  -1.6822799999999999e-02
   6.9427499999999984e-04
   8.8653350000000002e-03
   7.3776349999999996e-03
  -1.1169425000000000e-02
  -2.0278950000000000e-02
  -1.0406479999999999e-02
   1.1367700000000005e-03
   2.0217950000000003e-03
  -1.5624990000000002e-02
  -2.3506199999999998e-02
  -1.0154725000000000e-02
   7.4004900000000000e-03
   5.8364699999999999e-03
  -7.6828000000000000e-03
  -2.1163950000000001e-02
  -9.4833550000000006e-03
   5.2108599999999995e-03
   9.4146760000000003e-03
  -7.4081444999999999e-03
  -2.2239650000000000e-02
  -1.1390675000000001e-02
   5.7678449999999997e-03
   1.2939470000000002e-02
   4.6538999999999999e-04
  -1.0253930000000000e-02
  -9.7656200000000009e-03
   7.8659249999999993e-03
   1.8837000000000000e-02
   3.8757449999999999e-03
  -4.8751849999999998e-03
  -8.4381200000000003e-03
   1.5777579999999999e-02
   3.0960100000000001e-02
   2.5138849999999997e-02
   1.8058800000000000e-02
   1.5258799999999999e-02
   2.9479949999999998e-02
   3.4347549999999998e-02
   2.4169949999999999e-02
   8.4380900000000005e-03
  -4.5394900000000002e-03
   2.7313200000000002e-03
   7.5454594999999998e-03
   2.0141599999999996e-03
  -1.3626090000000000e-02
  -2.1942150000000001e-02
  -6.8664450000000005e-03
   2.3422250000000003e-03
  -5.2185050000000000e-03
  -2.0095800000000000e-02
  -3.3836400000000003e-02
  -2.2979699999999999e-02
  -1.7585755000000002e-02
  -1.2649560000000001e-02
  -2.1728549999999999e-02
  -2.8892500000000002e-02
  -1.8524150000000000e-02
  -7.0724550000000001e-03
  -4.1580149999999993e-03
  -1.9126850000000001e-02
  -2.8762799999999998e-02
  -1.9050600000000001e-02
   2.7008049999999997e-03
   5.0887800000000002e-03
  -4.6997050000000002e-03
  -1.3389600000000000e-02
  -5.8136000000000004e-03
   1.6014100000000000e-02
   2.7786249999999998e-02
   1.5548730000000000e-02
   5.2795400000000001e-03
   1.8539399999999999e-03
   1.5174850000000000e-02
   2.0996100000000000e-02
   1.2634279999999999e-02
   2.1972650000000003e-03
  -3.7384000000000007e-04
   1.2542710000000000e-02
   2.7618400000000001e-02
   2.7786249999999998e-02
   1.9081100000000000e-02
   1.0765100000000000e-02
   1.9180300000000001e-02
   3.0975349999999999e-02
   2.3887650000000000e-02
   1.8539450000000001e-03
  -5.1727300000000004e-03
   4.9514799999999994e-03
   9.2697300000000003e-03
  -1.0681249999999996e-03
  -8.6669699999999995e-03
  -2.0195049999999999e-02
  -4.6005259999999997e-03
   2.9754500000000001e-03
  -2.2964350000000003e-03
  -1.4808669999999999e-02
  -3.0899050000000001e-02
  -2.3704500000000000e-02
  -1.0559090000000000e-02
  -5.3405650000000002e-03
  -1.8882750000000000e-02
  -3.0235249999999998e-02
  -1.9851700000000000e-02
   1.4801049999999998e-03
   1.6326900000000000e-03
  -1.5747069999999998e-02
  -2.5001549999999997e-02
  -2.9998799999999999e-02
  -1.1207559999999998e-02
  -6.0882570000000006e-03
  -1.5693650000000000e-02
  -2.3796100000000001e-02
  -2.2506700000000001e-02
  -8.0337749999999999e-03
   1.7471300000000000e-03
  -3.6697399999999995e-03
  -1.4167800000000001e-02
  -2.1606449999999999e-02
  -4.9133299999999996e-03
   1.3122549999999996e-03
  -5.5771049999999997e-03
  -1.2443550000000001e-02
  -1.8783550000000000e-02
  -7.3471100000000004e-03
   1.4175405000000000e-02
   1.8142699999999998e-02
   7.6370250000000004e-03
  -4.9514750000000003e-03
   4.6997090000000007e-03
   7.9574355000000003e-03
   9.6359150000000001e-03
  -1.8035900000000001e-02
  -2.5497400000000000e-02
  -1.1390670000000000e-02
   9.6892999999999979e-04
   2.2125000000000001e-03
  -1.0711685000000000e-02
  -2.1385200000000000e-02
  -1.2855550000000000e-02
   3.6773699999999997e-03
   6.7062349999999996e-03
  -9.8571949999999992e-03
  -1.9882200000000003e-02
  -1.4930700000000002e-02
   4.5776000000000020e-04
  -4.1656449999999991e-03
  -2.2880549999999999e-02
  -2.6763950000000002e-02
  -1.5533450000000001e-02
   1.3504000000000003e-03
   1.2306235000000000e-02
   3.7231249999999999e-03
  -1.1184699999999999e-02
  -1.1528010000000000e-02
   1.9836450000000000e-03
   1.1383065000000000e-02
  -5.1651000000000006e-03
  -2.0263650000000001e-02
  -2.4848900000000000e-02
  -7.1258550000000004e-03
  -3.7384000000000028e-04
  -1.0833750000000001e-03
  -1.0406519999999999e-02
  -1.9378649999999997e-02
  -6.2637300000000003e-03
   7.4386374999999994e-03
   6.0730000000000003e-03
  -4.6005250000000003e-03
  -1.0086049999999999e-02
  -3.8150000000000033e-05
   1.8959050000000002e-02
   2.1575950000000000e-02
   8.3999499999999998e-03
  -3.0593890000000000e-03
   6.2561049999999997e-03
   1.9226099999999999e-02
   2.1675100000000003e-02
   5.9585490000000005e-03
   9.9182349999999997e-05
   4.0664700000000000e-03
   1.2245170000000000e-02
   1.2496930000000000e-02
  -1.7471349999999999e-03
  -1.0284405000000000e-02
  -4.8751850000000006e-03
   1.0925275000000000e-02
   1.5914894999999998e-02
  -1.2588500000000002e-03
  -1.5274050000000001e-02
  -1.1718735000000001e-02
   1.6860950000000003e-03
   8.7890449999999988e-03
  -8.1253049999999993e-03
  -2.0416249999999997e-02
  -1.2802125000000001e-02
   1.1344895000000001e-02
   1.9683840000000001e-02
   1.0032655500000001e-02
  -3.3187850000000003e-03
  -5.2108750000000002e-03
   1.1222825000000001e-02
   1.3404865000000000e-02
   5.1269420000000007e-03
  -1.4762899999999999e-02
  -1.5701299999999998e-02
  -6.1721950000000001e-03
   6.9885500000000005e-03
   7.6751764999999994e-03
  -5.6152349999999997e-03
  -5.6076049999999999e-03
   5.6457499999999997e-03
   2.2369400000000001e-02
   1.3000475000000001e-02
  -1.5090949999999999e-02
  -2.1057150000000000e-02
  -1.1886595000000000e-02
   2.2430250000000001e-03
   1.9729609999999998e-02
   1.9050600000000001e-02
   1.1466970000000000e-02
   2.0973199999999997e-02
   2.5306700000000001e-02
   2.8686549999999998e-02
   8.9340250000000000e-03
  -7.5836050000000002e-03
  -2.3956310000000001e-03
   1.1177050000000001e-02
   1.7501815000000000e-02
   4.4937099999999997e-03
  -5.2337649999999996e-03
   1.5563950000000001e-03
   1.4831529999999999e-02
   1.8722539999999999e-02
   9.4909599999999997e-03
  -7.1182149999999998e-03
  -1.8310550000000001e-03
   6.0577385000000006e-03
   1.7379740000000001e-02
   5.0888150000000000e-03
  -3.3798249999999999e-03
  -1.3656599999999999e-03
   1.3191229999999998e-02
   2.0965600000000001e-02
   1.3595585000000000e-02
   3.9672835000000000e-03
   1.1978150000000001e-03
   1.5411350000000001e-02
   2.3155200000000001e-02
   1.0131859999999999e-02
  -1.4541604999999999e-02
  -3.0548100000000002e-02
  -1.1833214999999999e-02
   1.1566175000000000e-02
   6.9580300000000005e-03
  -1.3137800000000002e-02
  -1.3328550000000000e-02
  -1.3504030000000000e-03
   5.0811549999999995e-03
   7.9117010000000002e-03
  -9.0942599999999998e-03
  -2.1118150000000002e-02
  -1.1093150000000000e-02
   5.9356849999999996e-03
   1.5357955000000000e-02
   7.9650850000000002e-03
   3.4179650000000002e-03
  -4.1503909999999998e-03
   7.3623770000000007e-03
   1.9363399999999999e-02
   5.1422050000000004e-03
  -7.7209500000000007e-03
   2.8457650000000001e-03
   1.3458260000000000e-02
   1.6540550000000001e-02
   9.9563749999999999e-03
  -2.0141600000000001e-03
   5.4931500000000009e-04
   2.2140550000000002e-02
   2.9785150000000003e-02
   2.2377049999999999e-02
  -5.7220500000000011e-04
  -1.3542200000000001e-02
   4.4937149999999997e-03
   1.6731250000000000e-02
  -9.9182500000000043e-04
  -1.2199399999999999e-02
  -1.4053349999999999e-02
   3.0975318000000000e-03
   6.0500999999999992e-03
   3.9520249999999996e-03
  -1.0017405000000000e-02
  -2.1354699999999997e-02
  -1.5815699999999999e-02
  -1.3069145000000001e-02
  -8.3084164999999988e-03
  -1.7829899999999999e-02
  -2.4047850000000003e-02
  -1.7219499999999999e-02
  -1.2420645000000001e-02
  -1.6555550000000004e-03
  -1.7845150000000001e-02
  -2.8991700000000002e-02
  -1.5083300000000001e-02
   1.0681150000000001e-03
  -4.2190400000000003e-03
  -1.7730699999999999e-02
  -2.3422249999999999e-02
  -9.1476549999999993e-03
   5.1574854999999996e-03
   1.0490420000000000e-02
  -3.0520000000000026e-05
  -7.8506499999999989e-03
  -4.3106050000000003e-03
   1.1108409999999999e-02
   1.7684945000000001e-02
   8.8195800000000005e-03
  -9.0027000000000000e-04
   1.9073499999999998e-04
   1.5419050000000000e-02
   2.6031499999999999e-02
   1.9111650000000001e-02
   1.1001600000000000e-02
   6.4621000000000001e-03
   1.3816855000000001e-02
   2.0629849999999998e-02
   6.4773449999999998e-03
  -3.8757300000000000e-03
  -1.0444650000000000e-02
   5.6457500000000010e-04
   1.0986309999999999e-02
   9.7274949999999992e-03
  -6.1798300000000001e-04
  -6.6223150000000001e-03
   1.1291529999999999e-02
   2.2193950000000000e-02
   2.3681649999999999e-02
   7.1106199999999998e-03
  -4.1427629999999998e-03
   5.8440949999999997e-03
   1.3084405000000000e-02
  -4.7988850000000001e-03
  -4.0611250000000002e-02
  -5.6144699999999999e-02
  -5.6945800000000005e-02
  -5.8135950000000006e-02
  -6.6772449999999997e-02
  -8.9004500000000000e-02
  -9.2872600000000000e-02
  -9.5352149999999997e-02
  -8.2832349999999999e-02
  -9.0271000000000004e-02
  -1.0356925000000000e-01
  -1.1141250000000000e-01
  -1.0566700000000000e-01
  -9.7747950000000000e-02
  -8.2992549999999998e-02
  -9.0995750000000000e-02
  -9.5268249999999999e-02
  -8.8134750000000012e-02
  -6.6184999999999994e-02
  -5.7105999999999997e-02
  -6.7787199999999992e-02
  -7.7049250000000000e-02
  -6.8565349999999997e-02
  -4.4921849999999999e-02
  -3.1387350000000001e-02
  -2.9174800000000001e-02
  -3.3515950000000003e-02
  -3.4950300000000004e-02
  -1.3877855000000000e-02
   3.2043499999999999e-04
  -2.1820050000000003e-03
  -7.9269349999999995e-03
  -1.0070800000000000e-03
   1.7814600000000000e-02
   2.0538309999999997e-02
   2.4292000000000001e-02
   1.2588495000000000e-02
  -1.1596700000000000e-03
   1.0391220000000000e-02
   2.4124149999999997e-02
   2.9342649999999998e-02
   2.5085400000000001e-02
   1.7578099999999999e-02
   2.8198250000000001e-02
   4.2480450000000003e-02
   4.8233050000000000e-02
   3.2287600000000000e-02
   2.1507249999999999e-02
   2.6702900000000002e-02
   3.8375849999999996e-02
   5.0910949999999996e-02
   3.6819450000000004e-02
   2.6069650000000000e-02
   3.3622750000000000e-02
   4.6607999999999997e-02
   5.1879850000000005e-02
   4.3052699999999999e-02
   3.4858699999999999e-02
   3.8200350000000001e-02
   6.1813350000000003e-02
   7.1632399999999999e-02
   6.5788249999999993e-02
   5.4252649999999999e-02
   6.0081499999999996e-02
   7.0060750000000005e-02
   7.6835650000000005e-02
   6.2362649999999999e-02
   4.5844999999999997e-02
   3.8726799999999999e-02
   4.6813950000000000e-02
   4.7958349999999997e-02
   3.8490299999999998e-02
   2.3292550000000002e-02
   1.7814650000000001e-02
   3.6598199999999997e-02
   4.5219400000000000e-02
   4.3487550000000000e-02
   3.3935550000000002e-02
   1.8829350000000002e-02
   1.7654449999999999e-02
   2.8320300000000000e-02
   3.0471800000000000e-02
   1.7784100000000001e-02
   9.6206550000000005e-03
   1.4121999999999999e-02
   2.6428199999999999e-02
   2.7252199999999997e-02
   9.4756900000000002e-03
   3.3111550000000001e-03
   1.8135050000000000e-02
   2.8495799999999998e-02
   3.6628750000000002e-02
   1.9340500000000000e-02
   1.6113299999999997e-02
   2.5924700000000002e-02
   4.6562149999999997e-02
   5.7365399999999997e-02
   3.3958450000000001e-02
   2.2560150000000001e-02
   2.3849450000000001e-02
   3.7284850000000001e-02
   4.7599799999999998e-02
   3.6163299999999995e-02
   2.1987949999999999e-02
   2.2766149999999999e-02
   3.8558949999999995e-02
   4.8065200000000002e-02
   3.6727900000000001e-02
   2.2155750000000002e-02
   1.7166149999999998e-02
   2.9686000000000001e-02
   4.1114800000000000e-02
   2.8137200000000001e-02
   1.6197200000000002e-02
   1.7021149999999999e-02
   2.3368850000000000e-02
   2.8038000000000000e-02
   2.4475100000000000e-02
   1.2931835000000001e-02
   9.2315699999999997e-03
   2.4452200000000000e-02
   3.4957900000000000e-02
   2.8312700000000000e-02
   1.4732349999999998e-02
   6.4697299999999999e-03
   1.5655550000000001e-02
   2.4307250000000002e-02
   2.8564449999999998e-02
   1.5754714999999999e-02
   7.0190449999999998e-03
   1.3473499999999999e-02
   2.2102350000000000e-02
   3.1936650000000004e-02
   1.3687125000000000e-02
   4.0435749999999998e-03
   7.2097749999999999e-03
   2.0904550000000001e-02
   2.3895250000000000e-02
   8.2626399999999999e-03
  -1.7547650000000001e-03
  -1.4801044999999998e-03
   1.1619565000000000e-02
   1.8669149999999999e-02
   7.5912530499999999e-03
  -2.5787334999999999e-03
  -2.6092555000000002e-03
   1.4419560000000000e-02
   1.7486575000000001e-02
   6.7749206000000005e-03
  -6.4926150000000002e-03
  -1.1650100000000000e-02
   1.0185250000000000e-02
   2.4208050000000002e-02
   2.5009150000000001e-02
   1.0978700000000001e-02
   6.1416650000000001e-03
   1.5991200000000001e-02
   2.2941599999999999e-02
   1.9668550000000000e-02
   4.5929000000000005e-03
  -1.9073499999999999e-03
   6.8359400000000004e-03
   2.1820100000000002e-02
   1.7944315000000002e-02
   1.3336199999999999e-02
  -2.3574819999999997e-03
  -1.9836450000000000e-03
   4.3563865000000000e-03
   2.8686549999999999e-03
  -2.7236954999999997e-03
  -9.9411150000000004e-03
   2.3269635000000002e-03
   1.8623350000000000e-02
   1.8386850000000000e-02
   1.8920899999999999e-03
  -8.8882449999999995e-03
  -3.5018950000000001e-03
   5.8669999999999998e-03
   7.2326700000000001e-03
  -3.8681050000000002e-03
  -1.4328000000000000e-02
  -6.2866199999999997e-03
   8.6059799999999992e-03
   1.5937790000000000e-02
   5.7220689999999998e-03
  -5.0048849999999997e-03
  -7.9727150000000000e-03
   2.7542113499999998e-03
   1.1718730000000000e-02
   4.6234155000000002e-03
  -7.3242200000000002e-03
  -4.4555700000000007e-03
   7.3928850000000001e-03
   1.7425550000000001e-02
   9.6130450000000006e-03
  -2.3345950000000001e-03
  -8.1329349999999991e-03
   3.3416749999999997e-03
   6.8664349999999997e-03
   3.1280500000000020e-04
  -1.4678999999999999e-02
  -2.1919250000000001e-02
  -6.5078749999999998e-03
   9.7503499999999996e-03
   1.1299130000000001e-02
  -6.2942349999999996e-03
  -1.4663699999999998e-02
   1.1444000000000016e-04
   1.3030985000000000e-02
   1.5846269999999999e-02
   8.1176900000000003e-03
   1.9760100000000003e-03
   1.2893700000000001e-02
   2.2895800000000001e-02
   2.1690350000000001e-02
   1.1604315000000000e-02
  -2.2277815000000000e-03
   2.4032599999999999e-03
   1.5945450000000000e-02
   2.2888200000000001e-02
   2.8839099999999999e-03
  -1.0208120000000001e-02
  -1.1512800000000000e-02
   2.0904550000000002e-03
   7.9345900000000000e-03
  -5.2032499999999995e-03
  -1.0795599999999999e-02
  -5.6457499999999997e-03
   1.1787414999999999e-02
   2.2384649999999999e-02
   1.2603775000000001e-02
   2.1514899999999998e-03
  -3.4866350000000001e-03
   8.2016099999999998e-03
   1.4732374999999999e-02
   1.2077340000000001e-02
  -8.3846950000000010e-03
  -1.5655549999999997e-02
  -6.7443850000000003e-03
   1.7089850000000005e-03
  -1.0757449999999999e-03
  -8.1711049999999997e-03
  -5.3939799999999996e-03
   8.7814350000000006e-03
   1.8829350000000002e-02
   2.0423900000000002e-02
   9.0942349999999991e-03
   4.2724599999999996e-03
   1.2390149999999999e-02
   2.2804249999999998e-02
   2.8564450000000002e-02
   1.6052250000000001e-02
   6.0577399999999998e-03
   1.1802699999999999e-02
   2.4246249999999997e-02
   2.2415149999999998e-02
   2.6092500000000000e-03
  -1.2397800000000000e-02
  -1.4434800000000001e-02
  -6.1111585000000000e-03
  -6.6375499999999938e-04
  -1.2298580000000000e-02
  -2.2613550000000003e-02
  -1.8539399999999998e-02
   2.0370500000000003e-03
   8.2702580000000008e-03
   3.3035299999999998e-03
  -4.6844499999999997e-03
  -6.4468400000000006e-03
   3.0517549999999997e-03
   8.1863249999999995e-03
  -2.2125249999999999e-03
  -1.6761749999999999e-02
  -2.2468550000000000e-02
  -7.1716300000000000e-03
   5.3634500000000005e-03
  -1.6021500000000001e-04
  -8.4152399999999992e-03
  -1.3778700000000001e-02
  -3.1890850000000004e-03
   5.2642699999999997e-03
  -1.6098000000000002e-03
  -1.4404300000000000e-02
  -1.3069150000000000e-02
   4.2495750000000002e-03
   1.5525799999999999e-02
   2.1995500000000001e-02
   9.8724599999999996e-03
   1.4801050000000000e-03
   1.2886050000000000e-02
   1.8051150000000002e-02
   1.8272400000000001e-02
   2.4871839999999999e-03
  -1.1306800000000001e-02
  -5.5618300000000002e-03
   3.8146949999999999e-03
   4.0970049999999999e-03
  -1.3664239999999999e-02
  -2.2163400000000000e-02
  -1.9325250000000002e-02
  -2.0271299999999999e-02
  -1.2237570000000000e-02
  -1.5968329999999999e-02
  -2.2346499999999998e-02
  -1.9668600000000001e-02
  -2.3269650000000003e-03
  -4.7454600000000000e-03
  -2.2140500000000000e-02
  -2.8289800000000000e-02
  -2.5444000000000001e-02
  -8.8882249999999996e-03
  -6.8588049999999999e-03
  -1.7311100000000003e-02
  -2.7801500000000000e-02
  -2.8747550000000000e-02
  -9.1857800000000010e-03
   3.1051700000000000e-03
  -2.4947949999999997e-03
  -1.0498060000000000e-02
  -1.2817400000000000e-02
   1.7547584999999999e-03
   1.4518715000000001e-02
   1.2260415000000000e-02
   3.4790061999999998e-03
  -4.6157849999999999e-03
   6.7062399999999996e-03
   1.7097485000000003e-02
   1.3519295000000001e-02
   2.5939999999999991e-04
  -8.5754450000000010e-03
  -1.3961749999999999e-03
   4.7989050000000000e-03
   2.5863399999999995e-03
  -1.3908395000000000e-02
  -1.9866950000000001e-02
  -1.5617349999999999e-02
  -3.3569450000000001e-03
  -9.7656499999999999e-04
  -1.1993405000000000e-02
  -1.8341049999999998e-02
  -6.9580099999999997e-03
   9.9944849999999991e-03
   1.6471850000000000e-02
  -2.7465850000000002e-03
  -1.4862050000000000e-02
  -1.4587400000000000e-02
   1.8539450000000001e-03
   8.8348590000000005e-03
  -8.1939749999999992e-03
  -2.2445699999999999e-02
  -2.0622250000000002e-02
  -5.8822609999999997e-03
   4.1199000000000010e-04
  -5.3024149999999996e-03
  -1.2611405000000001e-02
  -1.3359050000000001e-02
  -1.4114349999999999e-03
   3.3416649999999997e-03
  -2.6321450000000002e-03
  -8.2473749999999995e-03
  -1.2031534999999999e-02
   3.2958950000000001e-03
   1.7112740000000001e-02
   6.0195900000000000e-03
  -9.2620900000000006e-03
  -1.9882200000000003e-02
  -1.2771615000000000e-02
  -3.0136300000000002e-03
  -4.6386900000000000e-03
  -2.4475100000000000e-02
  -3.1600950000000003e-02
  -1.9325249999999999e-02
  -5.6457650000000005e-03
  -2.0980500000000006e-03
  -1.7066950000000001e-02
  -2.8625499999999998e-02
  -2.0782450000000001e-02
  -9.3917699999999989e-03
  -3.0670050000000003e-03
  -1.4686565000000000e-02
  -1.8524199999999998e-02
  -7.5683499999999997e-03
   4.3487600000000001e-03
   8.4915294000000013e-03
  -7.2860759999999998e-03
  -1.6731299999999998e-02
  -1.3504050000000000e-02
  -2.1972649999999995e-03
   2.7160500000000002e-03
  -9.5062150000000002e-03
  -1.6540500000000000e-02
  -1.1123675000000000e-02
   5.8822535000000002e-03
   1.1978143000000000e-02
   4.1196500000000025e-04
  -1.5411350000000001e-02
  -1.0322550000000000e-02
   9.6588200000000003e-03
   2.0874049999999998e-02
   1.1695879999999999e-02
   4.3563750000000000e-03
  -1.7852800000000002e-03
   7.8277749999999986e-03
   1.8806449999999999e-02
   1.7204274999999998e-02
   4.8522949999999995e-03
  -1.8005400000000002e-03
   5.4702750000000001e-03
   9.6053882000000004e-03
   6.7901700000000008e-03
  -1.2130750000000001e-03
  -9.6588349999999993e-03
   1.3809199999999999e-03
   1.3206505000000000e-02
   1.0459899999999999e-02
  -1.6021999999999998e-04
  -5.1498400000000001e-03
   9.6359050000000002e-03
   2.1026599999999999e-02
   1.9035345000000002e-02
   5.0888004999999998e-03
  -4.8828144999999996e-04
   2.9754499999999997e-04
   1.3496379999999999e-02
   2.0195005000000002e-02
   1.2947060000000000e-02
   6.8512050000000000e-03
   8.3847249999999991e-03
   1.6670250000000001e-02
   2.1606449999999999e-02
   1.0864260000000001e-02
  -3.7994399999999998e-03
  -3.1433099999999999e-03
   6.2942459999999999e-03
   1.5548700000000000e-02
   7.5683799999999996e-03
  -6.5689199999999998e-03
  -2.7084350000000004e-03
   8.4609850000000007e-03
   1.7181385000000000e-02
   9.5062180000000003e-03
  -5.9661790000000003e-03
