   1.0154715000000000e-02
  -7.1792800000000006e-03
   5.6457500000000010e-04
   2.2514350000000002e-02
   3.1906100000000000e-02
   1.1787400000000000e-02
  -7.9269349999999995e-03
  -1.1268600000000000e-02
   4.1198750000000003e-03
   1.0269149999999999e-02
  -4.4403050000000003e-03
  -2.3704549999999998e-02
  -1.9454949999999999e-02
   4.0435749999999998e-03
   1.6822799999999999e-02
   2.3498549999999997e-03
  -1.9622799999999999e-02
  -2.0988449999999999e-02
   3.1127909999999997e-03
   2.6390100000000000e-02
   2.5924699999999998e-02
   9.9106049999999994e-03
  -2.4642950000000000e-03
   9.3002099999999997e-03
   2.3200999999999999e-02
   1.7852750000000001e-02
  -2.8533955000000001e-03
  -2.4894699999999999e-02
  -1.1505140000000001e-02
   5.3253381999999998e-03
   7.2936820000000001e-03
  -1.0124200000000000e-02
  -1.2435949999999999e-02
  -4.3334949999999997e-03
   7.5912524999999995e-03
   6.9885449999999997e-03
  -1.4770505000000000e-02
  -2.7313250000000001e-02
  -4.9591100000000001e-03
   1.6616849999999999e-02
   2.6496900000000000e-02
   1.8463149999999998e-03
  -1.4839149999999999e-02
  -2.7313199999999998e-03
   2.2209150000000000e-02
   2.4711600000000000e-02
   5.5694500000000010e-04
  -1.7517049999999999e-02
  -1.2947100000000000e-02
   9.1629199999999997e-03
   8.3160300000000003e-03
  -5.8898969500000000e-03
  -2.6229849999999999e-02
  -2.7648899999999997e-02
  -1.8768300000000001e-03
   2.7236949999999999e-03
  -1.3298040000000001e-02
  -2.8594950000000001e-02
  -3.1105050000000002e-02
  -9.4223150000000006e-03
   1.0101295000000000e-02
  -9.8418999999999980e-04
  -2.2804249999999998e-02
  -3.1211849999999999e-02
  -1.7982499999999998e-02
  -1.4495849999999998e-03
  -1.2283315000000000e-02
  -3.2348650000000000e-02
  -2.3811349999999998e-02
  -1.0154735000000000e-02
   1.1955270000000000e-02
   1.4343244999999999e-02
  -9.6588149999999994e-03
  -2.2010800000000001e-02
  -8.3923100000000000e-03
   1.1711130000000000e-02
   1.5014649999999999e-02
   1.7089850000000001e-03
  -4.6462999999999999e-03
   4.3029799999999997e-03
   1.4129625000000000e-02
   1.4854450000000000e-02
   4.1962000000000032e-04
  -1.1993400000000000e-02
  -6.9961550000000004e-03
   7.4310399999999999e-03
   1.3031009999999999e-02
  -3.1509300000000006e-03
  -1.7150900000000000e-02
  -1.2283330000000001e-03
   1.3488759999999999e-02
   1.7128005000000002e-02
  -2.0218099999999998e-03
  -1.9920350000000000e-02
  -1.2466399999999999e-02
   1.7440799999999999e-02
   3.1028750000000001e-02
   1.3504004999999999e-02
  -5.8517450000000002e-03
  -1.0482805000000000e-02
   1.8218949999999998e-02
   2.4993899999999999e-02
   4.2037749999999999e-03
  -2.2659300000000000e-02
  -2.6901250000000002e-02
  -3.6697400000000003e-03
   7.4539429999999993e-03
  -1.4800999999999994e-03
  -1.9790650000000000e-02
  -2.3078899999999999e-02
  -6.7443850000000003e-03
   2.6702900000000001e-03
   4.7912399999999996e-03
  -1.3694754999999999e-02
  -1.6403200000000000e-02
   1.6632075000000001e-03
   1.8363950000000000e-02
   1.1657690000000000e-02
  -1.1871335000000000e-02
  -2.0233149999999998e-02
  -3.5171500000000001e-03
   1.4022804999999999e-02
   1.2054445000000000e-02
  -1.0543805000000000e-02
  -2.5215149999999999e-02
  -1.3832100000000000e-02
   4.0664650000000000e-03
   1.7440799999999999e-02
  -6.4849999999999977e-04
  -1.3610850000000001e-02
  -9.0942400000000000e-03
   1.5563950000000000e-02
   2.3819000000000000e-02
   8.5525250000000001e-03
  -7.7972255000000002e-03
  -1.1276234999999999e-02
   8.5525749999999998e-03
   1.7539949999999999e-02
   5.3024509999999997e-03
  -1.2680050000000000e-02
  -7.1105949999999999e-03
   9.1552750000000009e-03
   1.5472399999999999e-02
   2.2735600000000000e-03
  -2.3399349999999999e-02
  -2.8144849999999999e-02
  -6.6223100000000002e-03
   3.8681149999999997e-03
   2.0599499999999962e-04
  -1.5457149999999999e-02
  -2.3033150000000002e-02
   1.8157999999999998e-03
   1.8165600000000000e-02
   1.3626079999999999e-02
  -1.1978140000000000e-02
  -2.0614649999999998e-02
  -5.9585549999999999e-03
   1.2649520000000001e-02
   1.6838084999999999e-02
  -2.0751950000000002e-03
  -1.2908935000000000e-02
  -7.0724500000000001e-03
   1.4076210000000000e-02
   1.4091484999999999e-02
  -1.1939999999999999e-02
  -2.5856049999999998e-02
  -2.1270750000000001e-02
  -2.9144300000000000e-03
   3.0059800000000001e-03
  -1.2825029999999999e-02
  -1.2504570000000000e-02
  -7.5073099999999997e-03
   1.1283870000000001e-02
   1.7547609999999998e-02
   1.5254999999999609e-05
  -1.2603775000000001e-02
  -1.5808099999999999e-02
   2.6397700000000001e-03
   8.8958800000000001e-03
  -5.7754399999999997e-03
  -2.0561200000000002e-02
  -2.1575899999999999e-02
  -1.6784650000000001e-03
   1.1619565000000002e-02
   1.6021500000000001e-04
  -1.9699049999999999e-02
  -2.2270200000000000e-02
  -6.1264100000000005e-03
   9.8800755000000001e-03
   6.7825450000000001e-03
  -7.9498409999999992e-03
  -1.6113300000000001e-02
   8.3924999999999885e-05
   1.3923665000000000e-02
   8.5220364999999999e-03
  -1.2779235000000000e-02
  -2.6184100000000002e-02
  -1.9760149999999997e-02
  -4.9438549999999996e-03
  -2.0980649999999997e-03
  -1.1375435000000000e-02
  -1.1024490000000000e-02
   6.7901500000000026e-04
   2.0164500000000002e-02
   2.7160650000000001e-02
   1.2205000000000028e-04
  -2.3651100000000001e-02
  -2.1049499999999999e-02
   7.6293950000000006e-03
   2.0294170000000000e-02
   8.7356499999999993e-03
  -2.9525749999999998e-03
   2.2735575000000004e-03
   2.1682750000000001e-02
   2.6535049999999998e-02
   1.2886025000000001e-02
  -1.2939434999999999e-02
  -1.1695855000000000e-02
   2.2582999999999995e-03
   1.0284410000000001e-02
  -6.5918150000000000e-03
  -2.1537800000000003e-02
  -2.2598250000000000e-02
   5.0353990000000003e-03
   1.8920900000000001e-02
   6.9503740000000005e-03
  -9.3536250000000008e-03
  -8.6669899999999994e-03
   1.4373800000000001e-02
   2.9479999999999999e-02
   2.1018999999999999e-02
  -9.1858050000000000e-03
  -2.2338850000000000e-02
  -1.7318700000000002e-03
   1.7082250000000000e-02
   9.9487299999999994e-03
  -1.5228300000000000e-02
  -2.2354150000000000e-02
  -1.0131859999999999e-02
   9.6435399999999991e-03
   9.0866050000000011e-03
  -8.6517249999999990e-03
  -2.1530149999999998e-02
  -1.0200495000000000e-02
   3.6621100000000005e-03
   9.6817199999999996e-03
  -3.0670150000000002e-03
  -9.7808900000000004e-03
   3.1280499999999998e-04
   1.9081149999999998e-02
   2.0744350000000002e-02
   5.1651149999999996e-03
  -8.5983450000000003e-03
  -4.9514764999999995e-03
   1.6983050000000000e-02
   2.6298500000000002e-02
   5.2490149999999992e-03
  -1.3038650000000001e-02
  -1.0795615000000000e-02
   1.2542724999999999e-02
   2.1827699999999998e-02
   8.7051400000000001e-03
  -9.3460050000000010e-03
  -1.4320400000000000e-02
   4.0435785000000005e-03
   1.5220665000000000e-02
   1.0299669999999999e-02
  -7.5683600000000005e-03
  -1.3641350000000000e-02
   1.1260980000000000e-02
   2.3529050000000003e-02
   1.5319830000000000e-02
  -1.8691999999999999e-03
  -1.5655499999999999e-02
  -3.0670150000000002e-03
   1.3236995000000001e-02
   8.1634350000000001e-03
  -2.0111049999999998e-02
  -2.4040199999999998e-02
  -1.0681160000000000e-02
   9.3688899999999995e-03
   5.7144099999999996e-03
  -1.1276245000000001e-02
  -1.3526900000000001e-02
   4.9056999999999998e-03
   2.6763900000000000e-02
   2.7076750000000000e-02
   6.7138625000000007e-03
  -7.7209300000000000e-03
   6.1416650000000001e-03
   3.1379699999999996e-02
   3.2211299999999998e-02
   3.8375900000000001e-03
  -8.6059700000000010e-03
  -7.0190500000000006e-04
   2.2895800000000001e-02
   3.1127900000000000e-02
   1.5212995000000000e-02
   1.6021999999999998e-04
  -8.0108499999999999e-04
   1.3771065000000001e-02
   2.2804249999999998e-02
   7.1563549999999997e-03
  -4.6691880000000003e-03
  -1.5106200000000001e-03
   1.9775399999999999e-02
   3.1120300000000000e-02
   1.8058749999999998e-02
  -1.9836450000000000e-03
  -6.9580249999999996e-03
   2.1514849999999999e-03
   1.4167770000000000e-02
   5.3787200000000000e-03
  -1.2969975000000000e-02
  -1.7013549999999999e-02
   3.6315899999999996e-03
   1.9401550000000000e-02
   1.7295820000000000e-02
  -5.1422150000000003e-03
  -1.6357450000000003e-02
  -8.0108499999999999e-04
   1.3206490000000000e-02
   1.9996650000000001e-02
   3.2043650000000003e-03
  -5.4168500000000008e-04
   8.3312999999999998e-03
   2.5115950000000001e-02
   2.6481600000000001e-02
   2.9907350000000000e-03
  -8.8577100000000013e-03
   1.2054450000000001e-03
   1.2237565000000001e-02
   1.8356350000000000e-02
  -5.2718950000000004e-03
  -2.9289249999999999e-02
  -1.4747600000000000e-02
   7.5149600000000002e-03
   1.4648415000000000e-02
  -6.2484850000000007e-03
  -2.5482150000000002e-02
  -2.1110549999999999e-02
   6.0882530499999999e-03
   2.0202650000000003e-02
   1.0902395000000000e-02
  -2.1820049999999999e-03
  -6.9580250000000005e-03
   1.5487674999999999e-02
   2.5649999999999999e-02
   1.0894790000000000e-02
  -1.2420630000000000e-02
  -1.6265900000000000e-02
  -1.3504000000000003e-03
   1.0856615000000000e-02
   6.9732700000000002e-03
  -1.1276255000000001e-02
  -1.9828800000000001e-02
  -2.2506700000000002e-03
   5.7830650000000004e-03
   5.6838899999999996e-03
  -8.0871350000000005e-03
  -1.1749249999999999e-02
   8.5220199999999999e-03
   2.0614600000000000e-02
   1.9546520000000001e-02
  -3.2806600000000003e-03
  -1.5396150000000001e-02
  -1.2435950000000001e-03
   1.3648975000000001e-02
   9.1247749999999999e-03
  -1.2313859999999999e-02
  -1.8821700000000000e-02
  -1.2039174999999999e-02
   5.5084250000000000e-03
   1.2420644999999999e-02
  -1.0757200000000005e-03
  -2.1087649999999999e-02
  -1.7196650000000001e-02
   7.5759999999999994e-03
   2.3719799999999999e-02
   1.3565084999999999e-02
  -1.9455000000000002e-03
  -2.1667449999999999e-03
   2.1392800000000000e-02
   2.5383000000000003e-02
   2.2354150000000001e-03
  -1.8180849999999998e-02
  -2.0240750000000002e-02
  -9.7961500000000000e-03
   6.7138800000000002e-03
   7.8579999999999969e-04
  -1.3664229999999999e-02
  -1.4640820000000001e-02
   1.0826130000000000e-02
   2.2941599999999999e-02
   1.2969975000000000e-02
  -9.6740899999999998e-03
  -1.8852250000000001e-02
  -9.6893499999999998e-04
   1.6448999999999998e-02
   1.5510550000000001e-02
  -2.4185200000000004e-03
  -1.5075700000000001e-02
   1.8157949999999998e-03
   1.6036999999999999e-02
   1.4739970000000002e-02
  -1.1970500000000000e-02
  -3.0464200000000004e-02
  -2.1934550000000001e-02
  -5.1727500000000003e-03
  -6.7138500000000004e-04
  -1.8066394999999999e-02
  -2.9220549999999998e-02
  -1.7684900000000000e-02
   0.0000000000000000e+00
  -8.8501000000000031e-04
  -1.5029905000000000e-02
  -1.6464250000000000e-02
  -8.6669899999999994e-03
   1.7417900000000000e-02
   2.9220599999999999e-02
   1.1650100000000000e-02
  -2.7160645000000000e-03
   3.6468500000000001e-03
   2.2674600000000003e-02
   2.6489249999999999e-02
   7.7590999999999997e-03
  -1.3702400000000000e-02
  -1.4205900000000000e-02
   2.4642954999999998e-03
   1.0612485000000000e-02
  -1.4724750000000000e-03
  -2.1118150000000002e-02
  -2.9655450000000000e-02
  -9.4909899999999995e-03
   1.2542704999999999e-02
   9.9792549999999994e-03
  -6.7138685000000002e-03
  -1.1581430000000000e-02
   1.5525840000000001e-02
   3.2302850000000001e-02
   2.4185199999999997e-02
  -1.5411400000000003e-03
  -1.8745450000000000e-02
  -4.6539299999999997e-03
   9.2239300000000000e-03
   1.0063160000000000e-02
  -1.9744850000000001e-02
  -2.7595500000000002e-02
  -9.9563600000000009e-03
   1.1299120000000001e-02
   1.4213560000000000e-02
  -9.3841494999999994e-03
  -2.8350850000000000e-02
  -1.6151450000000001e-02
   1.6204850000000000e-02
   2.9785150000000003e-02
   1.1070250000000000e-02
  -1.4114400000000001e-03
   7.7819999999999994e-04
   2.0416250000000000e-02
   2.5085450000000002e-02
   5.0659050000000008e-03
  -1.9187900000000001e-02
  -2.0126350000000001e-02
   2.8076199999999998e-03
   1.6227700000000001e-02
  -3.3950800000000000e-03
  -2.3628200000000002e-02
  -1.6792300000000000e-02
   4.0130649999999997e-03
   1.3031010000000001e-02
  -3.0670299999999997e-03
  -1.3610839999999999e-02
  -1.0009765000000000e-02
   1.0688800000000000e-02
   2.5489849999999998e-02
   1.8058800000000000e-02
   2.7008050000000001e-03
  -5.1727300000000004e-03
   1.1871360000000001e-02
   2.2636400000000001e-02
   5.0811750000000003e-03
  -2.1255500000000000e-02
  -2.6519750000000002e-02
  -7.6294199999999996e-03
   5.9814450000000002e-03
   4.9667299999999991e-03
  -1.6632050000000002e-02
  -2.7633700000000001e-02
  -1.7677300000000000e-02
  -6.1035500000000036e-04
  -1.8081649999999996e-03
  -1.6349800000000001e-02
  -2.3719799999999999e-02
  -1.5983600000000001e-02
   1.9073499999999999e-03
   8.7585300000000005e-03
  -8.2397449999999997e-03
  -1.9943250000000003e-02
  -1.5274050000000001e-02
   3.1127949999999998e-03
   5.6915349999999993e-03
  -1.0231040000000000e-02
  -2.5436400000000001e-02
  -2.1499600000000001e-02
   1.1291499999999998e-03
   8.0871709999999989e-03
  -1.5457129999999999e-02
  -3.4568749999999995e-02
  -3.4385650000000004e-02
  -8.6974949999999995e-03
   4.0130449999999998e-03
  -4.4021619999999994e-03
  -1.7166100000000000e-02
  -1.7745999999999998e-02
   8.0261499999999993e-03
   2.2773700000000001e-02
   1.5151954999999998e-02
  -1.1169420000000001e-02
  -1.7654400000000001e-02
  -1.9988999999999996e-03
   1.0307304999999999e-02
   2.8152449999999996e-03
  -1.2329125000000000e-02
  -1.7768849999999999e-02
  -2.5634744999999998e-03
   1.5731800000000001e-02
   1.1650065000000001e-02
  -1.5190104999999999e-02
  -2.4551350000000000e-02
  -3.7460340000000001e-03
   1.4198315000000000e-02
   1.5212989999999999e-02
  -4.1808899999999996e-03
  -1.6838050000000000e-02
  -1.7013550000000001e-03
   1.1856080000000000e-02
   1.4968865000000001e-02
  -3.2882700000000003e-03
  -2.0675650000000000e-02
  -9.2773649999999992e-03
   8.0489949999999998e-03
   2.2682149999999998e-02
   6.8740650000000004e-03
  -2.7923580000000000e-03
  -5.4244999999999996e-03
   1.2435935000000000e-02
   1.5228295000000001e-02
   4.8217850000000003e-03
  -1.0856649999999999e-02
  -7.7133200000000001e-03
   1.6830450000000000e-02
   3.0220049999999998e-02
   1.5281655000000000e-02
   6.1797999999999996e-04
  -4.0283200000000002e-03
   1.5960700000000001e-02
   3.3615100000000002e-02
   1.8676755000000000e-02
  -9.2773300000000003e-03
  -1.2260449999999999e-02
   4.8294100000000001e-03
   2.1736100000000001e-02
   1.8447849999999998e-02
  -2.6245150000000000e-03
  -1.2474060000000000e-02
   3.6544780000000001e-03
   2.3658749999999999e-02
   3.1814599999999998e-02
   1.0978725000000000e-02
  -6.4850000000000010e-04
   5.6228649999999995e-03
   1.4076249999999998e-02
   1.7189030000000001e-02
   3.0515000000000056e-05
  -6.1645549999999995e-03
   9.3460149999999992e-03
   2.6184099999999998e-02
   2.6550299999999999e-02
   5.3100700000000001e-03
  -1.4694200000000001e-02
  -1.2832650000000001e-02
   9.1094749999999988e-03
   1.0162360000000000e-02
  -1.3336190000000001e-02
  -2.4757350000000001e-02
  -1.5548699999999999e-02
   1.3442984999999999e-02
   3.2112099999999998e-02
   1.6387934999999999e-02
   2.2048950000000001e-03
  -4.4250449999999998e-04
   2.1064750000000000e-02
   3.1616199999999997e-02
   1.6677850000000001e-02
  -1.1215250000000000e-03
  -1.0169950000000001e-02
   1.3671900000000001e-02
   2.9006949999999997e-02
   1.7616250000000000e-02
   2.2506749999999997e-03
  -5.7983399999999999e-03
   7.5073250000000005e-03
   1.4564505000000002e-02
   8.2549949999999993e-03
  -1.0383605000000001e-02
  -1.3023384999999998e-02
   3.4103380500000000e-03
   2.0439150000000000e-02
   1.8356335000000001e-02
  -8.0490349999999995e-03
  -1.9874549999999998e-02
  -5.4168700000000007e-03
   7.1411050000000000e-03
   9.3841499999999974e-04
  -1.9996650000000001e-02
  -2.4635350000000000e-02
  -1.5831000000000001e-02
   7.9574599999999995e-03
   1.6998305000000002e-02
  -1.4648449999999998e-03
  -1.9531250000000000e-02
  -1.5998850000000002e-02
   8.1481799999999997e-03
   1.9073500000000000e-02
   7.5073050000000006e-03
  -5.4168530499999999e-03
  -1.6784700000000000e-03
   1.8905650000000000e-02
   2.3475650000000001e-02
   3.3645599999999999e-03
  -1.5701300000000001e-02
  -2.0401000000000002e-02
  -3.2958985000000000e-03
   3.4866300000000001e-03
  -8.7814450000000006e-03
  -2.5779699999999999e-02
  -2.5718700000000001e-02
   6.9275100000000004e-03
   1.4404290000000000e-02
   3.3950700000000000e-03
  -1.6708350000000000e-02
  -1.7074600000000002e-02
   4.3716450000000004e-03
   2.1575950000000000e-02
   1.4709465000000000e-02
  -1.0108925000000001e-02
  -1.5106200000000000e-02
   3.0517600000000001e-03
   1.8341049999999998e-02
   1.7578150000000001e-02
  -6.3858100000000004e-03
  -2.0202650000000003e-02
  -7.0648200000000003e-03
   6.7901400000000001e-03
   4.0435799999999997e-03
  -1.7356900000000001e-02
  -2.2949200000000003e-02
  -1.2672400000000000e-02
   5.4397600000000001e-03
   1.2535075000000000e-02
  -6.8664500000000005e-04
  -3.9978009999999996e-03
   1.1054985000000000e-02
   3.1547550000000001e-02
   3.6018349999999998e-02
   1.5174885000000001e-02
  -6.3171400000000006e-03
  -6.1492900000000000e-03
   6.7520150000000001e-03
   1.2268055000000000e-02
  -2.7541900000000001e-03
  -1.5907299999999999e-02
  -8.1634550000000000e-03
   7.4310250000000000e-03
   1.7936700000000000e-02
   7.6293999999999928e-04
  -1.7654400000000001e-02
  -2.1766700000000000e-02
  -8.1863600000000002e-03
   1.0429370000000000e-02
   7.7590849999999998e-03
  -7.3242450000000001e-03
  -9.7961550000000008e-03
   1.3542149999999999e-02
   2.9319800000000000e-02
   1.8623359999999999e-02
  -1.0376000000000001e-03
  -1.0467529999999999e-02
   2.7084349999999999e-03
   1.4755235000000000e-02
   9.1476649999999993e-03
  -6.6299300000000000e-03
  -1.3198840000000000e-02
   1.7547600000000002e-03
   2.0233149999999998e-02
   1.5792839999999999e-02
  -9.7198500000000004e-03
  -2.0873999999999997e-02
  -1.2939450000000000e-02
   8.5678200000000003e-03
   1.9737250000000001e-02
   6.7138500000000004e-04
  -6.2179550000000007e-03
   6.0043349999999995e-03
   2.7305599999999999e-02
   3.9268499999999998e-02
   1.8165600000000000e-02
   1.2054449999999999e-03
  -3.7002584999999998e-03
   1.5808104999999999e-02
   1.7982510000000000e-02
   6.3323999999999976e-04
  -1.2825025000000000e-02
  -9.0484850000000002e-03
   1.0581995000000000e-02
   1.8234250000000000e-02
   1.5106199999999998e-03
  -7.4920600000000000e-03
  -7.0877100000000005e-03
   1.4427200000000001e-02
   2.4993899999999999e-02
   1.7135649999999999e-02
  -1.2206999999999973e-04
  -5.8746400000000004e-03
   1.7227150000000000e-02
   3.3599850000000001e-02
   2.7160650000000001e-02
   8.5448999999999985e-04
  -1.4480605000000001e-02
   4.2419430000000006e-03
   1.0841380000000001e-02
   1.0627754999999999e-02
  -1.1314410000000000e-02
  -2.0309450000000000e-02
  -1.1291505000000000e-02
   2.2430450000000004e-03
   9.5291344999999996e-03
  -2.8381350000000003e-03
  -1.4686550000000000e-02
  -1.5792849999999999e-03
   2.0072949999999999e-02
   1.7982499999999998e-02
  -2.1820099999999994e-03
  -2.4353050000000001e-02
  -1.8692049999999998e-02
   1.2206999999999995e-04
   5.9585500000000000e-03
  -1.0574340000000002e-02
  -2.1446199999999999e-02
  -1.6380300000000000e-02
   3.7689205000000004e-03
   9.6969599999999993e-03
  -1.1947625000000000e-02
  -2.9708849999999998e-02
  -3.0418399999999998e-02
  -5.1193009999999997e-03
   1.2252800000000001e-02
   9.8419500000000021e-04
  -1.1055005000000000e-02
  -1.0169960000000000e-02
   1.3092045000000000e-02
   2.8762850000000000e-02
   1.7318750000000001e-02
  -8.4915099999999990e-03
  -1.5434250000000000e-02
   4.6615609999999998e-03
   1.8737799999999999e-02
   1.2336749999999999e-02
  -1.2626655000000001e-02
  -2.3376450000000000e-02
  -4.7607409999999998e-03
   3.7612699999999997e-03
  -2.8457650000000005e-03
  -1.7105079999999998e-02
  -1.7578150000000001e-02
   2.8381349999999999e-03
   2.2666949999999998e-02
   2.3407000000000001e-02
  -1.7700200000000002e-03
  -1.4343250000000002e-02
  -2.8457635000000000e-03
   1.3168320000000001e-02
   1.4389025000000000e-02
  -9.1171170000000010e-03
  -1.6052249999999997e-02
  -1.5457149999999999e-02
   5.0888299999999999e-03
   1.3107280000000001e-02
   2.5558300000000003e-03
  -1.7410249999999999e-02
  -1.0528539999999999e-02
   4.2724649999999996e-03
   1.8516539999999998e-02
   7.6217650000000000e-03
  -3.6010650000000005e-03
  -7.3471250000000004e-03
   1.2924210000000000e-02
   2.3262049999999999e-02
   1.2825000000000000e-02
  -7.3470899999999997e-03
  -1.3381950000000000e-02
  -1.3504050000000003e-03
   1.0437020000000000e-02
   1.5260000000000447e-05
  -1.7044100000000000e-02
  -2.4772650000000000e-02
  -2.6703000000000013e-04
   1.2710575000000000e-02
   3.2653850000000000e-03
  -1.5396114999999998e-02
  -2.4566650000000002e-02
  -1.8081649999999998e-03
   1.6113284999999998e-02
   2.1675099999999999e-02
   4.4174150000000001e-03
  -3.2501229999999997e-03
   1.3824465000000001e-02
   2.6496900000000000e-02
   2.8922999999999997e-02
   5.3482149999999999e-03
  -6.9580100000000006e-03
   6.1797999999999996e-04
   1.6296399999999999e-02
   1.6571059999999999e-02
   3.3187949999999998e-03
  -8.9568900000000003e-03
   1.4114399999999999e-03
   1.9714349999999999e-02
   2.5138899999999999e-02
   9.4146549999999992e-03
   4.6920750000000004e-03
   1.0734545000000000e-02
   3.1394999999999999e-02
   3.5362249999999998e-02
   1.1230450000000001e-02
  -4.6386750000000001e-03
  -4.5242349999999997e-03
   1.3870249999999999e-02
   2.1202100000000002e-02
   6.8664759999999998e-03
  -1.0009785000000000e-02
  -1.5090949999999999e-02
   4.0817259999999999e-03
   1.2626665000000000e-02
   6.6680920000000005e-03
  -1.2084935000000000e-02
  -2.0553599999999998e-02
   1.4343250000000002e-03
   1.4305119999999999e-02
   1.2908935000000000e-02
  -4.7836279999999998e-03
  -9.7808849999999996e-03
   9.4223099999999997e-03
   2.3666400000000001e-02
   2.2399900000000000e-02
  -7.4081499999999996e-03
  -1.4923100000000000e-02
   1.6632100000000000e-03
   1.5014649999999999e-02
   1.5502914999999999e-02
  -1.1253374999999999e-02
  -1.7791750000000002e-02
  -6.9808949999999991e-03
   1.6242949999999999e-02
   1.1016860000000000e-02
  -1.5136699999999999e-02
  -1.9859300000000000e-02
  -1.2145980000000001e-02
   8.7890450000000005e-03
   1.9081125000000001e-02
   6.6375595000000001e-03
  -4.7912600000000003e-03
   1.7013549999999999e-03
   2.3963900000000000e-02
   2.9708850000000002e-02
   1.0635374999999999e-02
  -1.0154725000000000e-02
  -1.1718760000000000e-02
   7.9345600000000002e-03
   1.3916035000000000e-02
   4.0283250000000001e-03
  -1.4762899999999999e-02
  -1.6448950000000000e-02
   5.3253060000000001e-03
   1.9371050000000001e-02
   6.6223300000000001e-03
  -1.2954705000000000e-02
  -1.6052250000000001e-02
   4.0206919999999993e-03
   1.7036450000000002e-02
   1.1421205000000000e-02
  -9.3917700000000007e-03
  -8.7890800000000012e-03
   1.2321470000000001e-02
   2.2537250000000002e-02
   1.0108960000000000e-02
  -1.2146005000000001e-02
  -2.2407549999999998e-02
  -9.7198249999999996e-03
   7.5073149999999996e-03
   7.7362050000000003e-03
  -1.2313820000000000e-02
  -2.1797199999999999e-02
  -7.5912449999999999e-03
   8.4075699999999996e-03
   8.7127745000000010e-03
  -4.8370499999999999e-03
  -1.0772700000000000e-02
  -8.9874150000000003e-03
   5.6152114999999999e-03
   1.4060985000000000e-02
  -8.3465399999999995e-03
  -2.3666399999999997e-02
  -1.9515999999999999e-02
   1.4343250000000002e-03
   1.4602674999999999e-02
  -7.7819999999999973e-04
  -1.5914925000000000e-02
  -1.3877850000000001e-02
   1.8386849999999998e-03
   1.5121455000000001e-02
  -8.3923299999999999e-03
  -2.5268550000000001e-02
  -2.1842950000000000e-02
   2.1514899999999998e-03
   1.5525835000000002e-02
   2.7999850000000001e-03
  -1.3839720000000000e-02
  -1.5586849999999999e-02
   1.6250600000000002e-03
   7.4462759999999999e-03
  -5.2948199999999996e-03
  -2.5238050000000001e-02
  -3.2012949999999998e-02
  -1.1711104999999999e-02
   8.4686381999999998e-03
   9.6206699999999996e-03
  -4.4784450000000002e-03
  -8.3694449999999997e-03
   1.2962350000000001e-02
   2.5238049999999998e-02
   2.3811300000000001e-02
   1.7013550000000003e-03
  -7.7972650000000003e-03
   7.2784349999999998e-03
   2.4284399999999998e-02
   3.4233100000000002e-02
   1.1932370000000001e-02
  -1.0910049999999999e-03
   4.8828109999999999e-03
   1.8859850000000001e-02
   1.5922525000000000e-02
  -4.6844479999999999e-03
  -1.9256599999999999e-02
  -1.0398890000000001e-02
   1.2756340000000000e-02
   1.5373225000000001e-02
   3.7918300000000004e-03
  -6.9885250000000006e-03
  -1.5487650000000001e-03
   1.9584650000000002e-02
   2.3239150000000000e-02
   9.1628800000000000e-03
  -4.9362199999999998e-03
  -5.4168499999999997e-04
   2.0401000000000002e-02
   2.9556300000000001e-02
   1.9660950000000000e-02
  -1.9836450000000000e-03
  -2.0141610000000000e-03
   1.7219550000000000e-02
   2.9319749999999999e-02
   1.6616800000000001e-02
  -5.3253149999999997e-03
  -1.3503999999999999e-02
   6.0272000000000006e-04
   1.1459360000000000e-02
   1.0086080000000001e-02
  -9.7808700000000005e-03
  -1.3259900000000000e-02
   4.6234150000000005e-03
   2.5360100000000000e-02
   2.4459850000000002e-02
   4.5013300000000004e-03
  -7.8735149999999993e-03
   2.4261454999999999e-03
   2.1408099999999999e-02
   2.7503949999999999e-02
  -9.3078499999999995e-04
  -1.8035849999999999e-02
  -9.0865949999999994e-03
   1.1238099999999999e-02
   1.3336199999999999e-02
  -2.6779249999999998e-03
  -1.9287100000000001e-02
  -1.1756909999999999e-02
   7.0877100000000005e-03
   9.7198600000000003e-03
  -1.1909480000000000e-02
  -2.8221150000000000e-02
  -1.9645699999999999e-02
   8.4838754999999998e-03
   2.7206399999999999e-02
   1.3656640000000001e-02
  -7.9345549999999994e-03
  -4.6920790000000000e-03
   1.4533984999999999e-02
   2.4353050000000001e-02
   5.1193050000000002e-03
  -1.7120349999999999e-02
  -1.9287149999999999e-02
   1.2970000000000000e-03
   1.3000510000000000e-02
   1.2588500000000002e-03
  -1.9630450000000001e-02
  -2.8030400000000000e-02
  -1.1970535000000001e-02
   6.3324000000000019e-04
  -1.6174300000000000e-03
  -1.5655539999999999e-02
  -1.9271850000000000e-02
  -2.7923574999999998e-03
   1.7684950000000001e-02
   1.5525825000000000e-02
  -1.1520394999999999e-02
  -2.7076750000000000e-02
  -1.6334550000000000e-02
  -1.7471300000000000e-03
  -2.6092550000000000e-03
  -2.6954650000000000e-02
  -3.9238000000000002e-02
  -2.8457650000000001e-02
  -6.4544500000000005e-03
   8.4381200000000003e-03
  -8.9416449999999998e-03
  -3.0983000000000000e-02
  -2.0812950000000000e-02
  -2.1667450000000003e-03
   5.2566699999999997e-03
  -6.2026800000000003e-03
  -2.0973199999999997e-02
  -1.8112200000000002e-02
   3.2959005999999998e-03
   7.6522793999999998e-03
  -1.0345475000000000e-02
  -2.9563900000000001e-02
  -3.4561149999999999e-02
  -1.4038100000000000e-02
   1.7547500000000002e-04
  -1.1039725000000000e-02
  -2.5085449999999999e-02
  -2.2537250000000002e-02
   5.7449349999999996e-03
   2.0576450000000000e-02
   8.1634739999999987e-03
  -1.9722000000000000e-02
  -3.1478850000000003e-02
  -1.0742200000000000e-02
   3.9749159999999993e-03
   5.3710900000000002e-03
  -1.1795024999999999e-02
  -1.5464800000000001e-02
  -7.7819849999999997e-04
   1.7944349999999998e-02
   1.5022275000000002e-02
  -1.0368365000000001e-02
  -1.7738350000000000e-02
  -4.7912600000000003e-03
   1.0093689999999999e-02
   1.0490395000000000e-02
  -1.4923074999999999e-02
  -3.1433099999999999e-02
  -1.7402649999999999e-02
   9.1555000000000109e-05
   3.7841700000000003e-03
  -1.8386859999999998e-02
  -2.6252749999999998e-02
  -1.4053300000000001e-02
   1.1917104999999999e-02
   1.5617354999999999e-02
  -6.4849949999999995e-03
  -2.2483850000000000e-02
  -1.6647349999999998e-02
   3.3721949999999997e-03
   1.3099690000000001e-02
  -1.5640249999999997e-03
  -1.9866950000000001e-02
  -1.4610300000000000e-02
   1.0406510000000001e-02
   2.0339949999999999e-02
   7.9345450000000012e-03
  -1.0299704999999999e-02
  -1.6052250000000001e-02
  -3.9215079999999998e-03
   6.8969599999999997e-03
   4.1198500000000013e-04
  -1.1199930000000000e-02
  -1.2657149999999999e-02
   5.9127799999999994e-03
   2.5466950000000002e-02
   2.0584149999999999e-02
  -2.6016100000000003e-03
  -1.5808150000000000e-02
   4.1122399999999996e-03
   1.5418999999999999e-02
   9.0179600000000002e-03
  -1.1093120000000000e-02
  -2.3086549999999997e-02
  -8.1634350000000001e-03
   2.5634750000000000e-03
   7.4157749999999995e-03
  -8.3084249999999995e-03
  -1.9035299999999998e-02
  -4.8675534999999999e-03
   1.7395000000000001e-02
   2.5253299999999999e-02
   2.4566650000000002e-03
  -9.9563499999999992e-03
  -1.8386850000000001e-03
   1.4823935000000000e-02
   2.2354099999999998e-02
   8.9492649999999997e-03
  -3.6315904999999998e-03
  -7.9116600000000009e-03
   1.4877350000000002e-03
   1.0787975000000000e-02
   5.7983499999999990e-04
  -1.2405375000000000e-02
  -1.0421770000000000e-02
   9.1400000000000006e-03
   1.8814100000000000e-02
   5.6915150000000003e-03
  -1.1215195000000001e-02
  -4.4326749999999996e-03
   1.3046250000000001e-02
   2.1118149999999999e-02
   9.2392124999999999e-03
  -1.1344895000000001e-02
  -2.1606449999999999e-02
  -2.6092500000000000e-03
   1.0726949999999999e-02
   6.1111469500000001e-03
  -1.4190649999999999e-02
  -2.1781950000000001e-02
  -7.5378400000000005e-03
   8.9263699999999994e-03
   9.6130399999999998e-03
  -9.4146700000000000e-03
  -1.7303499999999999e-02
  -1.2435900000000000e-02
  -2.3498550000000001e-03
   7.4767999999999970e-04
  -1.2847889999999999e-02
  -2.0744350000000002e-02
  -1.0101300000000001e-02
   9.7732599999999989e-03
   1.3244640000000000e-02
  -6.3095050000000000e-03
  -2.1881100000000001e-02
  -1.4419600000000001e-02
   2.8381349999999994e-03
   4.5623849999999995e-03
  -7.3776304999999993e-03
  -2.3178100000000000e-02
  -2.3506200000000001e-02
   2.3650999999999967e-04
   1.6716004999999999e-02
   2.9602050000000005e-03
  -1.5480050000000000e-02
  -1.2748750000000000e-02
   9.6435700000000006e-03
   2.6824950000000000e-02
   1.2802134999999999e-02
  -4.2114200000000004e-03
  -3.3264200000000001e-03
   1.9889799999999999e-02
   2.6512149999999998e-02
   1.3252254999999999e-02
  -6.4620939999999998e-03
  -1.7227150000000000e-02
   1.3732900000000001e-03
   1.3694780000000000e-02
   1.0444640000000000e-02
  -1.1444109999999999e-02
  -2.3254400000000001e-02
  -6.9503999999999998e-03
   8.8500999999999996e-03
   2.5634750000000004e-03
  -2.1949750000000001e-02
  -2.6245150000000002e-02
  -6.4926149999999993e-03
   1.1306769999999999e-02
   1.3236980000000001e-02
  -9.8571949999999992e-03
  -2.0507850000000001e-02
  -4.1961680000000001e-03
   1.5373230000000002e-02
   1.9027700000000002e-02
  -4.9133300000000005e-03
  -2.0667999999999999e-02
  -1.3221750000000001e-02
   3.5552985000000003e-03
   8.6364624999999990e-03
  -1.4999400000000000e-02
  -2.8244050000000000e-02
  -1.9615199999999999e-02
  -9.4604499999999996e-04
   7.2708050000000000e-03
  -6.6680649999999999e-03
  -1.6113300000000001e-02
  -1.2611384999999999e-02
   8.8501199999999995e-03
   1.3763425000000001e-02
   3.9596500000000003e-03
  -7.4920749999999999e-03
  -1.3893150000000000e-02
   2.1362300000000002e-03
   8.8806250000000014e-03
   1.7395099999999997e-03
  -1.3313304999999999e-02
  -2.0034799999999998e-02
  -1.1138900000000002e-03
   1.0932930000000000e-02
   5.5694499999999966e-04
  -2.0011899999999999e-02
  -3.7368800000000001e-02
  -1.8341050000000001e-02
   8.0642600000000002e-03
   1.2527455000000000e-02
  -3.1509300000000006e-03
  -1.5663150000000001e-02
  -9.3154950000000000e-03
   6.9885199999999998e-03
   8.9416679999999998e-03
  -1.3748155000000000e-02
  -2.6237500000000000e-02
  -1.2367244999999999e-02
   6.7138449999999995e-03
   1.4884970000000001e-02
   1.0147099999999998e-03
  -6.8740799999999994e-03
   7.6293999999999993e-04
   2.3162849999999999e-02
   2.8083799999999999e-02
   4.1046049999999999e-03
  -5.1574749999999999e-03
   5.3024300000000003e-03
   1.4274579999999999e-02
   2.8213500000000002e-02
   8.2550149999999992e-03
  -1.7326350000000001e-02
  -1.2939500000000000e-02
   6.9580100000000006e-03
   1.4091474999999999e-02
  -8.0184799999999997e-03
  -3.2478350000000003e-02
  -3.7620550000000003e-02
  -2.2750850000000000e-02
  -1.1512755000000000e-02
  -2.3780799999999998e-02
  -4.2716950000000004e-02
  -5.8105499999999997e-02
  -4.1763300000000003e-02
  -4.4281000000000001e-02
  -6.0882549999999994e-02
  -8.4335300000000002e-02
  -1.0182959999999999e-01
  -8.4480250000000007e-02
  -9.1049149999999995e-02
  -1.0390489999999999e-01
  -1.2939450000000000e-01
  -1.3465100000000002e-01
  -1.0657500000000000e-01
  -8.9569099999999999e-02
  -9.2132699999999998e-02
  -1.1013010000000001e-01
  -1.4143400000000000e-01
  -1.2210100000000000e-01
  -1.0074640000000000e-01
  -9.7045850000000003e-02
  -1.0435469999999999e-01
  -1.0490400000000000e-01
  -1.0578930000000000e-01
  -1.0119634999999999e-01
  -7.7865600000000007e-02
  -9.2605750000000001e-02
  -1.0604100000000000e-01
  -9.9441749999999995e-02
  -7.9826349999999990e-02
  -5.9822100000000003e-02
  -7.3379549999999988e-02
  -8.9012150000000012e-02
  -1.0424045000000000e-01
  -7.4417100000000000e-02
  -7.4630749999999996e-02
  -6.2042250000000000e-02
  -6.5940849999999995e-02
  -5.8380100000000004e-02
  -3.3096300000000002e-02
  -1.3534550000000001e-02
  -1.0879540000000000e-02
  -2.7450550000000001e-02
  -3.1059249999999997e-02
  -7.4157469499999996e-03
   1.3519300000000000e-02
   1.6296405000000000e-02
   1.2878400000000000e-02
   9.2010584999999995e-03
   2.6985200000000001e-02
   4.4311550000000005e-02
   4.0885900000000003e-02
   1.3885485000000001e-02
   1.1009200000000000e-02
   2.0187400000000001e-02
   3.4309400000000004e-02
   3.5926800000000002e-02
   1.3122550000000000e-02
  -5.1345699999999998e-03
   2.0721449999999999e-02
   4.8553449999999998e-02
   4.4090299999999999e-02
   1.6204845000000002e-02
   4.8980499999999993e-03
   1.6227740000000001e-02
   5.7174700000000002e-02
   7.8285250000000001e-02
   4.2449950000000000e-02
   3.6979650000000003e-02
   4.1038500000000006e-02
   5.5839550000000002e-02
   7.5492850000000000e-02
   5.0674400000000001e-02
   3.0731200000000000e-02
   2.7511600000000001e-02
   5.1155100000000002e-02
   6.9679300000000000e-02
   5.3268399999999994e-02
   2.4101250000000001e-02
   2.1331799999999998e-02
   4.0771500000000002e-02
   5.5625899999999999e-02
   4.0512050000000001e-02
   2.3040749999999999e-02
   2.1675099999999999e-02
   4.0885900000000003e-02
   4.7042849999999997e-02
   3.4866300000000003e-02
   1.5930190000000000e-02
   4.6997075000000006e-03
   1.8676800000000000e-02
   4.0122999999999999e-02
   4.1992200000000000e-02
   2.3544300000000001e-02
   1.4846850000000002e-02
   3.7948599999999999e-02
   6.7062399999999994e-02
   7.6721199999999989e-02
   4.9583400000000000e-02
   2.8198250000000001e-02
   4.3846150000000000e-02
   6.8214450000000010e-02
   6.7123400000000000e-02
   4.3830849999999998e-02
   2.4704000000000000e-02
   4.2205800000000002e-02
   6.9404599999999997e-02
   5.0094600000000003e-02
   2.3490899999999999e-02
   7.2631770000000009e-03
   2.0080550000000003e-02
   4.2152400000000000e-02
   4.0313700000000001e-02
   2.7481099999999998e-02
   8.5678100000000004e-03
   1.4900250000000000e-02
   3.7727350000000000e-02
   4.7821050000000004e-02
   4.0016200000000002e-02
   3.2409649999999998e-02
   3.9161699999999994e-02
   5.8532749999999995e-02
   6.8191500000000002e-02
   5.7502750000000005e-02
   4.0367150000000004e-02
   2.5627100000000000e-02
   4.2511000000000000e-02
   4.7714199999999998e-02
   4.9247750000000000e-02
   4.4433600000000004e-02
   6.1264300000000004e-03
   9.4604499999999996e-04
   1.4434809999999999e-02
   2.3407000000000001e-02
   1.2786885000000001e-02
  -8.7814550000000005e-03
   5.3405770000000009e-03
   2.9624950000000001e-02
   2.7214050000000000e-02
   8.7738000000000000e-03
  -5.7525649999999994e-03
   1.3862610000000001e-02
   3.1143200000000003e-02
   3.3996600000000002e-02
   2.3025549999999999e-02
   1.3404849999999999e-02
   2.6649449999999998e-02
   3.1021100000000003e-02
   1.9409200000000001e-02
  -4.6538000000000048e-04
  -2.2346499999999998e-02
  -1.2649544999999998e-02
   1.6967750000000000e-02
   2.5596649999999999e-02
   1.5701284999999999e-02
   5.5923450000000003e-03
   1.0459905000000000e-02
   2.2155800000000000e-02
   2.9479949999999998e-02
   1.7089850000000000e-02
   2.6245100000000000e-03
  -7.0953500000000003e-03
   6.1263999999999997e-03
   2.2277800000000000e-02
   1.0604867000000000e-02
  -5.5389300000000001e-03
  -9.6817050000000005e-03
   9.5062200000000010e-03
   2.4147000000000002e-02
   1.4076234999999999e-02
  -3.7460350000000000e-03
  -1.6197200000000002e-02
   2.0065300000000003e-03
   1.9821149999999999e-02
   1.8379250000000000e-02
  -6.5383964999999999e-03
  -9.7198700000000002e-03
   1.3862619999999999e-02
   3.0273399999999999e-02
   1.8081665000000000e-02
  -8.5449000000000028e-04
  -1.3183614999999999e-02
   1.3130200000000000e-02
   1.8226639999999999e-02
   1.0986325500000000e-02
  -7.8430170000000007e-03
  -1.9432049999999999e-02
  -5.3634599999999996e-03
   1.0330180000000000e-02
   1.7944359999999999e-02
   6.1798050000000000e-03
  -2.9754650000000001e-03
  -1.6784699999999998e-03
   1.4175395000000000e-02
   2.0011899999999999e-02
  -6.7978035000000004e-03
  -3.0921949999999997e-02
  -4.0336600000000000e-02
  -3.0792250000000000e-02
  -2.9953000000000000e-02
  -4.9064600000000000e-02
  -7.7682500000000002e-02
  -9.3231249999999988e-02
  -8.0947850000000002e-02
  -7.6393100000000005e-02
  -9.2994849999999990e-02
  -1.1277750000000000e-01
  -1.1665349999999999e-01
  -9.3376149999999991e-02
  -7.3318450000000007e-02
  -7.0274349999999999e-02
  -7.5294500000000000e-02
  -7.9788200000000004e-02
  -5.1513650000000001e-02
  -3.3210749999999997e-02
  -3.2684299999999999e-02
  -4.4258099999999995e-02
  -4.9430849999999998e-02
  -2.4467450000000002e-02
  -3.1433099999999999e-03
  -4.1965000000000058e-04
  -2.0545964999999999e-02
  -2.1850599999999998e-02
  -1.0223500000000000e-03
   2.2338850000000000e-02
   2.1675150000000001e-02
  -2.4261599999999997e-03
  -1.5792825000000000e-02
  -8.8271849999999995e-03
   1.0665895000000000e-02
   1.5647865000000000e-02
   3.7612850000000005e-03
  -1.0612465000000000e-02
   3.1433114999999999e-03
   3.1074549999999999e-02
   2.9052700000000001e-02
   1.3778664999999999e-02
  -3.0059790000000002e-03
   4.1961650000000000e-03
   2.7290300000000000e-02
   2.3872350000000001e-02
   1.9294724999999999e-02
   9.8648299999999998e-03
   1.2573249999999999e-02
   4.2770349999999999e-02
   6.2286399999999999e-02
   4.4853249999999997e-02
   2.1804799999999999e-02
   1.2924185000000001e-02
   3.9009100000000005e-02
   5.5412299999999998e-02
   5.0895650000000001e-02
   3.3592249999999997e-02
   2.6702850000000000e-02
   3.9886499999999998e-02
   5.3413400000000000e-02
   4.4845599999999999e-02
   3.0799899999999998e-02
   1.8402099999999998e-02
   3.7696850000000004e-02
   5.0376900000000002e-02
   5.0987249999999998e-02
   2.7473450000000000e-02
   6.2332050000000003e-03
   8.9492749999999996e-03
   2.5077799999999997e-02
   3.0227649999999998e-02
   1.4686599999999999e-02
  -1.2191750000000001e-02
  -1.1070265000000001e-02
   8.2549950000000011e-03
   2.0919799999999999e-02
   4.5852649999999998e-03
  -1.1505125000000000e-02
  -1.2893650000000000e-03
   2.5466900000000001e-02
