   6.2057500000000002e-02
   8.3267200000000000e-02
   7.4737550000000000e-02
   5.7388300000000003e-02
   5.0254800000000002e-02
   5.4450999999999999e-02
   7.7873200000000004e-02
   7.4295050000000001e-02
   4.7065750000000003e-02
   3.0128499999999999e-02
   4.6707150000000003e-02
   5.9356699999999998e-02
   5.7662950000000004e-02
   3.8108799999999998e-02
   2.5329600000000001e-02
   4.0214550000000002e-02
   5.8349600000000001e-02
   5.9921249999999995e-02
   3.2585150000000000e-02
   2.5077800000000001e-02
   3.4431450000000002e-02
   4.3235800000000005e-02
   4.7149650000000001e-02
   3.8337700000000002e-02
   2.6031499999999999e-02
   3.4255950000000000e-02
   4.9743650000000000e-02
   5.9059100000000003e-02
   4.0588399999999997e-02
   2.4650550000000000e-02
   3.5079949999999999e-02
   5.8570849999999994e-02
   7.2410599999999992e-02
   5.8570849999999994e-02
   3.3744850000000000e-02
   3.5270700000000002e-02
   5.4588349999999994e-02
   6.2690749999999990e-02
   5.4504350000000000e-02
   3.8703950000000001e-02
   3.5858149999999998e-02
   5.0147999999999998e-02
   5.7250999999999996e-02
   4.9072249999999998e-02
   3.0250550000000001e-02
   2.1759049999999999e-02
   3.5118099999999999e-02
   4.3411249999999998e-02
   4.9446100000000000e-02
   3.2409700000000000e-02
   2.5405900000000002e-02
   2.3818949999999998e-02
   4.8225400000000002e-02
   4.7676049999999998e-02
   3.1623850000000002e-02
   2.0286550000000000e-02
   2.5611900000000000e-02
   4.1213949999999999e-02
   4.1389450000000001e-02
   2.3979149999999998e-02
  -1.2206999999999995e-04
   1.7242450000000001e-03
   3.4530649999999996e-02
   4.4815049999999995e-02
   2.3315450000000001e-02
   8.3541950000000000e-03
   1.5708949999999999e-02
   3.6499000000000004e-02
   4.7805799999999996e-02
   3.1890849999999998e-02
   1.3504040000000000e-02
   1.0345480000000001e-02
   2.5131250000000001e-02
   3.8269049999999999e-02
   3.0792250000000000e-02
   1.8699649999999998e-02
   1.5289300000000000e-02
   3.2890299999999997e-02
   5.0987249999999998e-02
   3.7445050000000001e-02
   1.7379749999999999e-02
   9.8571549999999994e-03
   2.3773200000000001e-02
   3.6743150000000002e-02
   2.7610750000000000e-02
   9.5519999999999997e-03
  -9.9945299999999997e-04
   2.2659300000000000e-02
   4.0985099999999997e-02
   3.6628750000000002e-02
   1.3160705000000002e-02
   5.1727300000000004e-03
   1.5945399999999998e-02
   2.1865849999999999e-02
   3.4729000000000003e-02
   1.7578150000000001e-02
  -4.6691900000000001e-03
   6.8283100000000006e-03
   3.3447249999999998e-02
   3.9299000000000001e-02
   1.6609180000000001e-02
  -2.4185200000000000e-03
   5.4016100000000003e-03
   2.3002599999999998e-02
   2.9998799999999999e-02
   1.0650620000000001e-02
  -1.4343250000000002e-03
  -2.2659275000000002e-03
   1.9767750000000001e-02
   2.3475650000000001e-02
   1.1825600000000005e-03
  -1.4602650000000000e-02
  -1.7250049999999999e-02
   5.1193249999999992e-03
   1.7005920000000001e-02
  -4.6997250000000001e-03
  -1.8569950000000002e-02
  -2.3284899999999997e-02
  -3.4790050000000003e-03
   1.0459906000000001e-02
   8.2473750000000012e-03
  -5.4015980000000005e-03
  -1.3107325000000001e-02
   1.0482809999999999e-02
   2.8793300000000001e-02
   1.8699660000000000e-02
  -2.7313199999999998e-03
  -9.6969750000000000e-03
   6.7596449999999999e-03
   1.6342139999999998e-02
   7.9651000000000010e-03
  -1.0505690000000000e-02
  -1.3420099999999999e-02
   6.7062249999999997e-03
   2.6626549999999999e-02
   3.0677750000000004e-02
   8.1176750000000013e-03
  -5.3787250000000000e-03
   5.4016099999999994e-03
   2.7023300000000000e-02
   2.7641300000000001e-02
   9.8724150000000007e-03
  -2.0599349999999997e-04
   1.9683814999999997e-03
   2.1614099999999997e-02
   2.5314349999999999e-02
   3.6468500000000001e-03
  -1.7639149999999999e-02
  -1.9607550000000001e-02
   3.5171500000000001e-03
   1.4419580000000001e-02
  -1.3503899999999999e-03
  -1.2763985000000000e-02
  -1.8661500000000001e-02
   6.5155050000000004e-03
   2.6207000000000001e-02
   7.6904100000000000e-03
  -1.7265349999999999e-02
  -2.0942650000000000e-02
   2.0294200000000005e-03
   1.5159624999999999e-02
   3.8375949999999996e-03
  -1.6677850000000001e-02
  -1.8066400000000000e-02
   9.0026850000000003e-04
   1.8417349999999999e-02
   1.9470200000000000e-02
  -9.2392099999999994e-03
  -1.6746499999999997e-02
   5.0430300000000004e-03
   2.1575950000000000e-02
   1.4282245000000001e-02
  -3.4332255000000004e-03
  -1.3572700000000000e-02
   4.3716449999999995e-03
   2.8381350000000000e-02
   3.2470700000000005e-02
   8.9035000000000000e-03
  -3.0975350000000002e-03
   2.9602050000000000e-03
   1.8280049999999999e-02
   1.4572165000000000e-02
  -9.1781449999999987e-03
  -2.2537200000000000e-02
  -1.8409700000000001e-02
   2.0446750000000001e-03
   9.8266675000000005e-03
  -6.0959099999999995e-03
  -1.9737249999999998e-02
  -1.6433699999999999e-02
   3.5705549999999996e-03
   1.1764535000000000e-02
  -2.7923800000000001e-03
  -1.7669700000000000e-02
  -1.9142150000000000e-02
   8.0871499999999978e-04
   1.0429364999999999e-02
   9.2468499999999992e-03
  -1.4007550000000001e-02
  -3.0120849999999998e-02
  -8.8577260000000015e-03
   7.4462800000000004e-03
   2.8610299999999996e-03
  -1.5174879999999998e-02
  -2.6161200000000003e-02
  -4.0054299999999999e-03
   2.2193899999999999e-02
   1.4938330000000000e-02
  -1.1169455000000000e-02
  -1.5762350000000001e-02
   7.6293999999999993e-04
   2.1934499999999999e-02
   1.7570494999999998e-02
  -1.3275170000000001e-02
  -1.8325800000000000e-02
  -1.9683850000000000e-03
   1.4328005000000000e-02
   9.1094899999999996e-03
  -1.1764505000000000e-02
  -2.5573749999999999e-02
  -2.1102900000000001e-02
  -3.1204000000000002e-03
   5.7602050000000000e-03
  -9.5748694999999995e-03
  -1.0971044999999999e-02
  -6.0272500000000003e-04
   8.2168550000000003e-03
   1.7303470000000001e-02
  -8.9187699999999995e-03
  -2.7221650000000000e-02
  -2.3414650000000002e-02
  -8.7738000000000009e-04
   4.4402850000000004e-03
  -1.7890949999999999e-02
  -3.2966599999999999e-02
  -2.7847299999999998e-02
  -4.8904445000000005e-03
   1.1184675000000000e-02
  -1.3580315000000001e-02
  -3.4576450000000002e-02
  -2.2621150000000000e-02
  -2.3498549999999997e-03
   1.5899634999999999e-02
   7.8506500000000007e-03
  -6.3171382000000000e-03
  -1.4556899999999999e-02
   3.4332299999999998e-03
   2.1987949999999999e-02
   1.3320910000000000e-02
  -1.0986309999999999e-02
  -2.5085449999999999e-02
  -1.0917655000000000e-02
   5.7830749999999995e-03
  -6.4849499999999980e-04
  -2.1453850000000000e-02
  -3.4667950000000003e-02
  -2.0629900000000000e-02
   5.8517650000000001e-03
   1.1329676000000000e-02
  -1.2771630000000001e-02
  -2.5451649999999999e-02
  -1.6967799999999998e-02
   1.8463150000000003e-03
   7.0190599999999997e-03
  -8.5754439999999998e-03
  -1.9958499999999997e-02
  -1.0360705000000001e-02
   7.8125199999999999e-03
   1.4053345000000000e-02
  -2.2430200000000001e-03
  -1.5075649999999999e-02
  -1.3023365000000000e-02
   9.5520150000000005e-03
   1.2130753050000000e-02
   3.0441100000000000e-03
  -1.4724749999999998e-02
  -4.0512099999999995e-03
   1.1558519999999999e-02
   1.0192856500000000e-02
   7.5683469499999998e-03
  -6.3781749999999998e-03
  -2.0263650000000001e-02
   1.0681000000000015e-04
   4.9209549999999994e-03
  -7.4005049999999999e-03
  -3.0105599999999996e-02
  -3.7826499999999999e-02
  -1.4701825000000002e-02
  -2.0141550000000001e-03
  -5.3558199999999999e-03
  -2.2361750000000000e-02
  -2.7542150000000001e-02
  -7.0724700000000000e-03
   2.5253350000000001e-03
   1.0375973000000000e-02
  -1.0841350000000000e-02
  -3.0593900000000000e-02
  -2.4124150000000000e-02
  -4.9362399999999997e-03
   4.7149499999999999e-03
  -1.3443000000000000e-02
  -1.9859300000000000e-02
  -3.6926270000000000e-03
   2.0751949999999998e-02
   2.7496300000000001e-02
   9.3460095000000003e-03
  -1.5260000000000013e-05
   6.1263935000000005e-03
   2.7381900000000001e-02
   3.7574749999999997e-02
   1.9782999999999999e-02
   8.0032350000000009e-03
   5.1727300000000004e-03
   2.3979199999999999e-02
   3.0738849999999998e-02
   1.3191235000000001e-02
  -4.3182350000000001e-03
  -6.6452049999999995e-03
   1.3092045000000000e-02
   2.1034249999999997e-02
   6.6757100000000005e-03
  -5.7067849999999998e-03
  -1.2352004999999999e-02
   8.7585700000000002e-03
   1.8074054999999999e-02
   8.6440850000000010e-03
  -9.3536250000000008e-03
  -1.1947619999999999e-02
   4.4250499999999994e-04
   1.5907275000000002e-02
   7.5378500000000005e-03
  -2.0317050000000000e-02
  -2.4421699999999998e-02
  -7.3013499999999999e-03
   1.1245720000000001e-02
   1.3465890000000001e-02
  -8.0871420000000003e-03
  -1.5953050000000000e-02
   3.5858134999999999e-03
   1.7990100000000002e-02
   1.7692575000000002e-02
  -1.0292030000000001e-02
  -2.2789000000000000e-02
  -1.0330190000000000e-02
   1.1917110000000000e-02
   1.6860950000000000e-02
  -4.7149654999999995e-03
  -1.6189550000000000e-02
  -1.5159599999999999e-02
   1.6708400000000003e-03
   9.7579899999999994e-03
  -9.0713649999999996e-03
  -4.1671799999999995e-02
  -3.2234200000000005e-02
  -1.4091480000000000e-02
  -6.3476449999999998e-03
  -2.4368250000000001e-02
  -3.4149149999999996e-02
  -3.0433650000000000e-02
  -8.0184950000000005e-03
  -2.0599999999999959e-04
  -1.2092610000000000e-02
  -3.0181899999999998e-02
  -3.0975350000000002e-02
  -1.0993965000000000e-02
   5.4702750000000001e-03
   1.5258500000000022e-04
  -2.1728500000000001e-02
  -2.0774849999999997e-02
  -1.1291494999999999e-02
  -1.9988849999999997e-03
  -3.6239749999999998e-03
  -1.3923600000000000e-02
  -3.2501200000000001e-02
  -1.7974850000000001e-02
  -1.8691800000000002e-03
  -1.3580350000000005e-03
  -1.4770495000000000e-02
  -2.1972699999999998e-02
  -3.4332260000000002e-03
   1.4526355000000001e-02
   1.5846240000000001e-02
  -2.1514899999999998e-03
  -1.2084970000000000e-02
  -1.0070795000000001e-03
   7.9955995000000005e-03
   1.6601570000000000e-02
  -3.3416750000000001e-03
  -2.0797750000000000e-02
  -1.8005399999999998e-02
   2.6702900000000001e-03
   2.1667499999999999e-02
  -2.5482399999999998e-03
  -2.6931750000000001e-02
  -1.2710585000000000e-02
   1.0955820000000000e-02
   1.9744859999999999e-02
   5.4092399999999992e-03
  -1.3816850000000000e-02
  -2.3979199999999999e-02
   1.1825549999999998e-03
   9.8953239999999987e-03
  -3.8375850000000001e-03
  -1.7181399999999999e-02
  -1.4900199999999999e-02
   2.3803700000000001e-03
   1.9248950000000001e-02
   9.9944875000000013e-03
  -6.9809199999999998e-03
  -1.6510000000000000e-02
   4.1427599999999997e-03
   3.4843449999999998e-02
   1.1589060500000000e-02
  -4.1427449999999998e-03
  -1.0826120000000000e-02
   1.6464200000000002e-02
   4.0718100000000000e-02
   3.6056500000000005e-02
   4.2953499999999999e-03
  -4.7607435000000002e-03
   6.4010550000000001e-03
   2.3742650000000001e-02
   2.6046750000000000e-02
   8.3922999999999984e-04
  -1.9935599999999998e-02
  -4.9667349999999999e-03
   1.2168864999999999e-02
   1.3229369999999999e-02
   5.4931600000000004e-03
  -3.0837999999999997e-02
  -2.8221099999999999e-02
  -3.4637449999999998e-03
   9.6128500000000009e-04
  -9.6358999999999993e-03
  -3.8276649999999995e-02
  -3.4873950000000001e-02
  -1.2809740000000000e-02
   1.2969850000000005e-03
  -1.3961789999999998e-02
  -2.2621150000000000e-02
  -2.1842950000000000e-02
  -1.7166150000000001e-03
   7.1944949999999995e-03
  -6.5994349999999998e-03
  -1.4022850000000000e-02
  -1.0246300000000000e-02
   6.6070550000000006e-03
   1.2763995000000000e-02
  -2.6702499999999973e-04
  -1.4633149999999999e-02
  -3.0258199999999999e-02
  -7.6904299999999998e-03
   6.7672800000000005e-03
  -1.8722545000000000e-02
  -3.6323549999999996e-02
  -4.0107749999999998e-02
  -1.8257150000000000e-02
  -1.0299649999999999e-03
  -5.7373000000000007e-03
  -2.3101799999999999e-02
  -3.3119250000000003e-02
  -1.1589050000000000e-02
   8.2550200000000001e-03
   7.2784199999999999e-03
  -1.8264750000000000e-02
  -2.4971000000000000e-02
  -1.2771600000000001e-02
   3.5858167999999998e-03
   1.3763434999999999e-02
   3.4637445000000001e-03
  -2.7145400000000000e-02
  -2.2323599999999999e-02
  -8.2244899999999992e-03
   2.5329549999999999e-03
   9.3078499999999973e-04
  -3.4667950000000003e-02
  -2.8549200000000000e-02
  -5.9509475000000004e-03
   7.9192965000000008e-03
  -4.1580400000000000e-03
  -1.5129099999999999e-02
  -1.6082750000000000e-02
   6.8817250000000000e-03
   2.5756850000000001e-02
   1.5434274999999999e-02
   2.7389550000000004e-03
  -2.8991700000000000e-03
   8.9569049999999994e-03
   1.2130755000000000e-02
  -6.0806449999999991e-03
  -2.4673450000000000e-02
  -2.4681099999999997e-02
  -1.2138355000000000e-02
   1.9988849999999997e-03
   5.8744999999999978e-04
  -1.8157949999999999e-02
  -2.3208599999999999e-02
  -2.3117099999999998e-03
   1.8051129999999999e-02
   1.2619010000000000e-02
  -9.6740950000000006e-03
  -2.0683250000000000e-02
   3.7078850000000002e-03
   1.4526350000000000e-02
   1.6830450000000000e-02
  -8.7127749999999990e-03
  -2.3124699999999998e-02
   6.9427450000000002e-03
   2.2430549999999999e-03
   8.9416449999999998e-03
  -1.3504024999999999e-02
  -2.0484900000000000e-02
   1.1901850000000001e-03
   2.3506150000000000e-02
   2.6962299999999998e-02
   3.6010649999999996e-03
  -7.5149799999999992e-03
   6.1950700000000004e-03
   2.7320850000000001e-02
   3.0410799999999998e-02
   2.3880000000000004e-03
  -9.1018549999999990e-03
  -1.2878425000000001e-02
   4.9133300000000005e-03
   1.9683850000000003e-02
  -6.1187849999999998e-03
  -3.0662499999999999e-02
  -3.5171500000000001e-02
  -3.2043449999999999e-03
   1.5678400000000002e-02
  -2.2956865000000000e-02
  -2.7328499999999999e-02
  -2.8572100000000000e-02
  -2.1583550000000000e-02
  -4.5318649999999995e-03
  -4.1046099999999999e-03
  -2.7122500000000001e-02
  -3.2173199999999999e-02
  -1.8943750000000002e-02
  -2.1820149999999998e-03
  -3.1967250000000001e-03
  -1.5632645000000001e-02
  -2.0690950000000000e-02
  -4.5776400000000000e-03
   9.9487400000000011e-03
   4.8751699999999999e-03
  -3.4179700000000002e-03
  -1.4144900000000000e-02
  -1.1680615000000002e-02
   1.0162350000000001e-02
   3.1662000000000003e-02
  -1.1466991999999999e-02
  -1.6731240000000001e-02
  -1.3412449999999999e-02
   9.0408250000000006e-03
   1.3603199999999999e-02
  -1.3771055000000001e-02
  -3.0105599999999996e-02
  -2.4749750000000001e-02
  -3.1738099999999996e-03
   1.1497489999999999e-02
  -5.2490400000000000e-03
  -2.2399900000000000e-02
  -1.1581440000000000e-02
   1.7227199999999998e-02
   1.7837539999999999e-02
   6.2408300000000002e-03
  -1.8707300000000000e-02
  -2.7069099999999999e-02
  -3.1890849999999995e-03
   1.3038660000000001e-02
   6.0500920000000000e-03
  -2.4948150000000002e-02
  -1.9584649999999999e-02
   9.8037899999999997e-03
   7.6370250000000004e-03
  -1.4038000000000002e-03
  -2.0820650000000000e-02
  -2.7839699999999998e-02
  -8.5677949999999996e-03
   5.2414050000000002e-03
  -3.7765500000000000e-03
  -1.5281690000000001e-02
  -1.5052800000000000e-02
  -3.6773675000000001e-03
   7.3394649999999999e-03
   1.2611390000000000e-02
  -6.5307420000000000e-03
  -9.9868800000000001e-03
  -6.1035150000000003e-03
   1.4709449999999999e-02
   1.2062069999999999e-02
  -1.0322585000000000e-02
  -2.6756249999999999e-02
  -2.3178100000000000e-02
  -3.0975149999999999e-03
   8.0261350000000002e-03
  -6.6910049999999999e-03
  -1.1726370000000000e-02
  -1.8058800000000000e-02
   3.1356650000000002e-03
   1.7211895000000001e-02
   2.1667650000000002e-03
  -8.4686450000000003e-03
  -8.4380949999999996e-03
   3.2805999999999981e-04
   1.3855000000000001e-02
  -1.4152510000000000e-02
  -2.3956300000000000e-02
  -2.3681649999999999e-02
  -6.7138499999999995e-03
   1.2817365000000001e-02
   8.8500000000000037e-04
  -2.1316550000000000e-02
  -1.8539449999999999e-02
   1.1939999999999999e-02
   2.4597200000000000e-02
   2.6756300000000004e-02
   9.0866300000000001e-03
  -1.0925300000000001e-02
   2.0423850000000000e-02
   2.5177000000000001e-02
   2.1385200000000000e-02
   4.1503900000000003e-03
  -6.3323499999999979e-04
   7.0419465000000001e-03
   2.0950299999999998e-02
   1.3801576500000001e-02
  -3.9673000000000000e-03
  -1.3397215000000001e-02
   4.8141449999999997e-03
   2.5421150000000003e-02
   3.1257649999999998e-02
   1.1344915000000001e-02
  -8.2550049999999993e-03
   2.6702864999999998e-03
   2.1934499999999999e-02
   2.6710500000000002e-02
   5.9280599999999989e-03
  -1.9592300000000000e-02
  -7.8353750000000003e-03
   1.2657170000000001e-02
   2.1278350000000001e-02
   7.8124854999999998e-03
  -5.8517450000000002e-03
  -4.2724600000000005e-03
   1.5876750000000002e-02
   1.4465354999999999e-02
   4.5928749999999997e-03
  -4.4174200000000000e-03
  -3.7078850000000002e-03
   2.1492000000000001e-02
   3.8322450000000001e-02
   2.0713800000000001e-02
  -8.1634500000000000e-04
  -3.5858150000000000e-03
   4.8522930500000004e-03
   2.1163950000000001e-02
   1.7967250000000001e-02
  -6.3400214999999992e-03
  -8.6593499999999997e-03
   1.2863144999999999e-02
   3.4881599999999999e-02
   3.6796599999999999e-02
   7.7819600000000001e-03
  -4.1885381999999995e-03
   6.5917949999999993e-03
   2.3712150000000001e-02
   2.5398250000000001e-02
  -6.6070649999999996e-03
  -2.1087649999999999e-02
  -2.4414070000000000e-03
   1.4472960000000000e-02
   1.5281659999999999e-02
  -1.5182450000000005e-03
  -6.6986049999999998e-03
   2.9449484999999999e-03
   1.9790650000000000e-02
   2.2415150000000002e-02
   9.9945000000000025e-04
  -1.4091500000000000e-02
  -7.3242199999999993e-03
   1.0940550000000000e-02
   2.3498499999999999e-02
   1.0246274999999999e-02
   5.4397600000000001e-03
   1.0017399999999999e-02
   2.5451649999999999e-02
   3.3264200000000001e-02
   2.3124699999999998e-02
   4.5242299999999997e-03
   3.7384000000000001e-04
   1.1871329999999999e-02
   2.4414050000000000e-02
   1.1444080000000001e-02
  -1.2832650000000001e-02
  -8.9111199999999998e-03
   4.3487570000000000e-03
   1.6624444999999998e-02
   1.7295850000000002e-02
  -2.4871849999999998e-03
  -3.2043450000000004e-03
   9.2697200000000004e-03
   1.8615720000000002e-02
   1.5365610000000002e-02
  -1.7395050000000001e-03
  -6.8283049999999998e-03
   1.4274599999999998e-02
   3.0723549999999999e-02
   2.4925199999999998e-02
   6.9198800000000006e-03
  -7.5531150000000000e-03
   3.1585674999999999e-03
   2.2598250000000000e-02
   2.6954649999999997e-02
   1.3938915000000000e-02
  -1.2054449999999999e-03
   8.1481899999999996e-03
   2.5276150000000001e-02
   2.9540999999999998e-02
   1.8096945000000000e-02
   7.7590950000000006e-03
   1.4617900000000000e-02
   3.6422750000000004e-02
   3.7246700000000001e-02
   9.0103200000000005e-03
  -5.4092619999999998e-03
  -4.8446649999999997e-03
   1.1047379999999999e-02
   2.0385740000000003e-02
   7.0953399999999995e-03
  -1.0093670000000001e-02
  -1.8547049999999999e-02
   7.7514400000000001e-03
   2.2171050000000001e-02
   1.5472415000000000e-02
  -5.4168500000000008e-04
  -6.5307600000000000e-03
   1.6471899999999998e-02
   2.7595550000000003e-02
   1.1909489500000000e-02
  -4.7988850000000001e-03
  -1.0261525000000001e-02
   1.3481150000000001e-02
   2.1972650000000000e-02
   1.7753580000000001e-02
  -4.0664700000000000e-03
  -1.0894750000000000e-02
   6.0272199999999998e-03
   2.2926300000000000e-02
   1.5747080000000000e-02
  -1.1077884999999999e-02
  -8.4686250000000005e-03
   8.3160400000000002e-03
   2.2872950000000000e-02
   3.6949150000000000e-02
   2.1217349999999999e-02
  -6.4850000000000010e-04
   5.0811799999999994e-03
   1.8127450000000000e-02
   2.3101850000000000e-02
   2.9907200000000005e-03
  -1.2329099999999999e-02
  -1.0948175000000001e-02
   5.6762699999999998e-03
   1.1665330000000000e-02
  -7.0190249999999999e-03
  -2.4986250000000002e-02
  -2.0523099999999999e-02
   3.1127949999999998e-03
   1.6578670000000000e-02
   7.1563950000000003e-03
  -1.2237560000000001e-02
  -1.2718250000000000e-02
   3.9367670000000007e-03
   1.8760699999999998e-02
   3.6392050000000004e-03
  -1.3168344999999998e-02
  -1.1177050000000001e-02
   3.7307749999999995e-03
   1.8981949999999997e-02
   1.5800495000000001e-02
  -1.1215200000000000e-03
  -1.2115500000000000e-02
   7.7667250000000004e-03
   2.1324150000000000e-02
   2.5840750000000003e-02
   5.0277700000000000e-03
  -1.8188500000000000e-02
   4.9591000000000001e-04
   2.4879499999999999e-02
   2.7236950000000003e-02
   4.6234125000000001e-03
  -5.0735499999999996e-03
   5.8135949999999995e-03
   2.0454400000000001e-02
   1.9752505000000000e-02
  -4.0359449999999991e-03
  -1.7379749999999999e-02
  -8.7890850000000003e-03
   9.1552850000000009e-03
   1.7791740000000000e-02
  -1.4877450000000000e-03
  -9.5214749999999997e-03
  -8.2626349999999991e-03
   6.4239299999999996e-03
   1.2886055000000000e-02
  -5.2795200000000002e-03
  -1.8379199999999998e-02
  -1.5602149999999999e-02
   3.4332249999999998e-03
   1.5075700000000001e-02
   6.0882449999999999e-03
  -6.4162999999999998e-03
  -7.0342999999999994e-03
   3.9367600000000001e-03
   1.7318710000000001e-02
   3.6086850000000004e-03
  -2.3818949999999998e-02
  -2.8076150000000001e-02
  -6.3018799999999993e-03
   8.5372705999999989e-03
   6.0882550000000007e-03
  -8.8119650000000015e-03
  -2.3727449999999997e-02
  -6.3247449999999997e-03
   5.7144300000000004e-03
  -2.1285950000000001e-03
  -2.6557900000000002e-02
  -4.0672299999999995e-02
  -3.1509400000000000e-02
  -2.9159549999999999e-02
  -2.6184100000000002e-02
  -4.5219449999999994e-02
  -6.3285800000000003e-02
  -4.8065200000000002e-02
  -2.6420600000000002e-02
  -1.4419565000000001e-02
  -2.7847249999999997e-02
  -3.6689750000000000e-02
  -2.6222250000000003e-02
  -4.5165850000000000e-03
   7.5999999999999679e-06
  -2.1301250000000001e-02
  -3.3653250000000003e-02
  -2.4284400000000001e-02
  -1.8386849999999998e-03
   6.2179399999999999e-03
  -1.4656050000000000e-02
  -3.1486500000000001e-02
  -3.0090350000000002e-02
  -7.6370400000000003e-03
   6.2026899999999994e-03
  -9.3994049999999996e-03
  -2.0088200000000001e-02
  -1.5243500000000000e-02
   3.1051650000000000e-03
   1.9851694999999999e-02
   1.4091510000000000e-02
  -1.8844600000000001e-03
  -6.4697250000000000e-03
   1.1695875000000001e-02
   3.4484849999999997e-02
   2.3155250000000002e-02
   3.7307750000000004e-03
  -4.7454849999999998e-03
   1.4167800000000001e-02
   2.4101249999999998e-02
   1.2588510000000001e-02
  -1.1390670000000000e-02
  -2.2781400000000000e-02
  -9.7046099999999989e-03
   3.5171500000000001e-03
   5.7372850000000000e-03
  -1.0009790000000001e-02
  -2.2613500000000002e-02
  -1.3648964999999999e-02
   3.9977850000000002e-03
   1.1375419999999999e-02
  -8.1787290000000009e-03
  -2.1186850000000000e-02
  -1.4022824999999999e-02
   7.1182064999999999e-03
   1.6494729999999999e-02
  -1.8158099999999997e-03
  -1.3786340000000001e-02
  -8.4991399999999988e-03
   2.0278899999999999e-02
   2.9724100000000000e-02
   1.1024480000000000e-02
  -2.6855450000000001e-03
  -4.0359500000000000e-03
   1.6319300000000002e-02
   2.9266349999999997e-02
   1.7654420000000001e-02
  -2.0904550000000002e-03
  -4.1275025000000005e-03
   1.4289835000000001e-02
   2.6886000000000000e-02
   1.0307284999999999e-02
  -7.7362200000000002e-03
  -1.8692000000000000e-02
   1.6326900000000000e-03
   1.9355760000000000e-02
   1.4839149999999999e-02
  -7.6289999999999691e-05
  -9.3307549999999996e-03
   6.6833500000000002e-03
   1.8516550000000000e-02
   1.1314415000000001e-02
  -9.5748800000000009e-03
  -2.2651700000000000e-02
  -7.7362099999999994e-03
   1.8486050000000000e-02
   2.1278400000000003e-02
  -3.4103349999999996e-03
  -1.7532350000000002e-02
   1.0757449999999999e-03
   1.3580340000000000e-02
   1.5380880000000000e-02
  -5.2108800000000002e-03
  -1.3633700000000000e-02
  -2.1514899999999998e-03
   1.3854999999999999e-02
   2.4406450000000000e-02
   1.1375429999999999e-02
  -3.9672850000000001e-03
   3.8146950000000001e-04
   1.1772149999999999e-02
   2.2140500000000000e-02
   4.8675300000000001e-03
  -1.4427200000000001e-02
  -1.3725250000000000e-02
   3.4713750000000005e-03
   1.0314960000000000e-02
  -1.6632099999999996e-03
  -1.6418450000000001e-02
  -1.5167199999999999e-02
  -1.3885499999999997e-03
   1.1100755500000000e-02
   4.6844699999999996e-03
  -7.7591050000000005e-03
  -1.5045200000000002e-02
   4.1046149999999998e-03
   2.1919250000000001e-02
   1.3671875000000000e-02
  -7.0953500000000007e-04
  -1.1985800000000000e-02
   3.1127949999999998e-03
   1.3847365000000000e-02
   4.1656449999999991e-03
  -1.6578699999999998e-02
  -2.4238599999999999e-02
  -8.9874300000000011e-03
   6.1645299999999997e-03
   1.0597225000000000e-02
  -1.1291549999999997e-03
  -6.9732650000000002e-03
   7.1105949999999999e-03
   2.3498550000000000e-02
   2.9754599999999999e-02
   1.0070800000000000e-03
  -1.1024490000000001e-02
  -1.6021745000000000e-03
   1.0971069999999999e-02
   1.1436480000000001e-02
  -1.0513285000000001e-02
  -2.3513800000000001e-02
  -2.2506700000000001e-02
  -2.9907250000000005e-03
   4.0054099999999992e-03
  -9.5519899999999998e-03
  -1.6952549999999997e-02
  -2.3696900000000000e-02
  -9.2315699999999997e-03
  -1.1520399999999996e-03
  -1.2970099999999995e-03
  -1.5304550000000000e-02
  -1.5663150000000001e-02
   6.3095099999999991e-03
   1.8096919999999999e-02
   5.8059750000000005e-03
  -1.4923094999999999e-02
  -2.2483850000000000e-02
   1.7852800000000000e-03
   1.3244644999999999e-02
   8.6974940000000001e-03
  -3.0517600000000001e-03
  -7.0953400000000003e-03
   7.4768049999999996e-03
   2.3742699999999999e-02
   1.9920350000000000e-02
   3.3798220000000002e-03
  -8.7356550000000002e-03
   1.4465350000000000e-02
   2.9327399999999997e-02
   2.7679450000000001e-02
   7.2555499999999995e-03
  -6.6375749999999997e-03
   6.6299449999999999e-03
   2.2598300000000002e-02
   1.8859839999999999e-02
  -2.3117049999999998e-03
  -2.4253799999999999e-02
  -2.2483850000000000e-02
  -5.6533700000000004e-03
   2.7465949999999997e-03
  -1.1360180000000001e-02
  -2.2804249999999998e-02
  -1.5373200000000000e-02
   7.9269449999999995e-03
   1.7272950000000002e-02
  -7.8201199999999998e-03
  -2.3651100000000001e-02
  -2.9876750000000001e-02
  -4.9133314999999997e-03
   6.1416750000000001e-03
  -1.2306220000000001e-02
  -3.0487050000000002e-02
  -1.9218449999999998e-02
   1.1314379999999999e-02
   2.9045099999999997e-02
   1.3366695000000000e-02
  -1.1398290000000000e-02
  -1.2168900000000000e-02
   1.1932375000000000e-02
   2.8594950000000001e-02
   2.2567750000000001e-02
   3.1738290000000000e-03
   3.3569200000000001e-04
   1.9783000000000002e-02
   3.3660900000000001e-02
   2.5588949999999999e-02
   3.6926299999999997e-03
  -7.4844349999999994e-03
   6.4087119999999996e-04
   1.4747600000000000e-02
   1.6113295000000000e-02
  -4.7607439999999999e-03
  -2.5321949999999999e-02
  -7.6141600000000000e-03
   1.4053365000000000e-02
   1.5960679999999998e-02
   6.8664999999999872e-05
  -4.8751849999999998e-03
   5.1116949999999994e-03
   2.3757950000000000e-02
   2.6390100000000000e-02
   2.8228550000000000e-03
  -1.1749265000000000e-02
  -3.4103400000000000e-03
   1.7692550000000001e-02
   2.0874000000000000e-02
   5.0048799999999997e-03
  -1.1993400000000000e-02
  -3.7536599999999998e-03
   1.6044599999999999e-02
   2.2331249999999997e-02
   2.5024399999999999e-03
  -8.4380949999999996e-03
  -2.9449475000000000e-03
   2.6733399999999997e-02
   4.1725150000000003e-02
   2.5764450000000001e-02
   4.7607399999999994e-03
   4.7988900000000001e-03
   1.8485999999999999e-02
   2.5787350000000001e-02
   1.3969410000000002e-02
  -8.8501199999999995e-03
  -2.0698550000000000e-02
  -3.1509419999999999e-03
   9.5672449999999985e-03
   4.6540499999999946e-04
  -1.7616300000000001e-02
  -2.5649999999999999e-02
  -1.1497515000000000e-02
   4.2724599999999996e-03
   1.4495649999999999e-03
  -2.1202100000000002e-02
  -2.9464700000000000e-02
  -1.3908400000000000e-02
  -2.2889999999999803e-05
   6.7596300000000000e-03
  -1.2908960000000001e-02
  -2.2087099999999998e-02
  -7.8964250000000003e-03
   1.6342150000000000e-02
   7.4768050000000004e-03
  -1.1489882000000000e-02
  -2.6123050000000002e-02
  -1.1764535000000000e-02
   1.1100780000000001e-02
   1.9287124999999999e-02
   7.0114249999999991e-03
  -4.8675550000000000e-03
   4.5547499999999998e-03
   2.6351900000000001e-02
   3.5942099999999998e-02
   1.8417349999999999e-02
   4.0054349999999999e-03
   2.1438600000000000e-03
   2.1987949999999999e-02
   2.9159549999999999e-02
   2.0469700000000000e-02
   1.9378700000000002e-03
  -1.8608099999999999e-02
  -4.1961699999999999e-03
   1.1428835000000000e-02
  -4.8065050000000008e-03
  -2.6748649999999999e-02
  -3.2691949999999997e-02
  -1.3191200000000000e-02
  -7.3471300000000003e-03
  -1.4915484999999999e-02
  -2.6702850000000000e-02
  -4.2007400000000000e-02
  -3.1394949999999998e-02
  -1.8096899999999999e-02
  -1.7700214999999998e-02
  -3.8742100000000002e-02
  -5.6884799999999999e-02
  -4.4227599999999999e-02
  -2.8854400000000002e-02
  -3.5476700000000000e-02
  -5.9532149999999999e-02
  -8.1771850000000007e-02
  -7.7873200000000004e-02
  -6.5727250000000001e-02
  -7.2387699999999999e-02
  -9.5031699999999997e-02
  -1.0741400000000000e-01
  -1.0083775000000000e-01
  -7.8949000000000005e-02
  -6.8717950000000000e-02
  -7.4714649999999994e-02
  -8.1703150000000002e-02
  -8.2000699999999996e-02
  -6.7855799999999994e-02
  -1.0362250000000001e-01
  -1.0927600000000001e-01
  -1.2033850000000000e-01
  -1.1669900000000000e-01
  -7.8041100000000002e-02
  -7.0968649999999994e-02
  -4.4281000000000001e-02
  -7.6484699999999989e-02
  -1.4491300000000001e-01
  -1.8699650000000001e-01
  -1.4337149999999999e-01
  -8.4144600000000000e-02
  -5.8937049999999998e-02
  -1.2063599999999999e-01
  -1.0324849999999999e-01
  -8.8203400000000001e-02
  -7.7217099999999997e-02
  -1.0334779999999999e-01
  -9.3276999999999999e-02
  -6.3316349999999993e-02
  -4.5982350000000005e-02
  -3.6193850000000000e-02
  -4.9781800000000001e-02
  -4.9392699999999998e-02
  -2.7359000000000001e-02
  -3.9062494999999994e-03
   1.6021750000000008e-03
  -2.7244549999999999e-02
  -2.7175899999999999e-02
  -1.5113850000000002e-02
   1.2176494999999999e-02
   2.7969350000000000e-02
   1.3839735000000001e-02
   1.1611949999999999e-02
   2.3651150000000003e-02
   5.1589950000000002e-02
   6.2370300000000004e-02
   4.6043399999999998e-02
   3.0654899999999999e-02
   3.5347000000000003e-02
   6.4048750000000002e-02
   7.3348999999999998e-02
   5.9219400000000005e-02
   4.1168200000000002e-02
   4.0939299999999998e-02
   7.0243849999999997e-02
   8.9912400000000003e-02
   6.4826949999999994e-02
   5.7014449999999994e-02
   5.5236800000000003e-02
   6.4186099999999996e-02
   8.3053550000000004e-02
   6.0790999999999998e-02
   4.0329000000000004e-02
   3.4553550000000002e-02
   6.6169749999999999e-02
   9.2956549999999999e-02
   1.0245535000000000e-01
   7.1464549999999988e-02
   5.1643400000000006e-02
   7.4432350000000008e-02
   1.0699450000000001e-01
   1.1801149999999999e-01
   7.3150600000000010e-02
   4.1801499999999998e-02
   5.7266249999999998e-02
   9.3002300000000010e-02
   7.1655250000000004e-02
   4.3563850000000001e-02
   2.6588450000000000e-02
   3.4004250000000000e-02
   5.8319099999999999e-02
   6.9862349999999990e-02
   5.2566550000000004e-02
   2.8671249999999999e-02
   4.4929499999999997e-02
   5.7525649999999998e-02
   7.0266700000000001e-02
   4.2236349999999999e-02
   1.8287699999999997e-02
   2.4620049999999997e-02
   5.3787200000000000e-02
   6.7657450000000008e-02
   5.4306049999999995e-02
   3.0624400000000003e-02
   2.4963400000000000e-02
   3.9970400000000003e-02
   6.6894549999999997e-02
   4.2106649999999995e-02
   2.8877250000000000e-02
   2.1118200000000000e-02
   2.9243499999999999e-02
   4.7752400000000000e-02
   4.5158350000000000e-02
   1.9363399999999999e-02
   1.4251699999999999e-02
   4.2526200000000000e-02
   5.5297850000000003e-02
   5.0964349999999999e-02
   3.8848850000000004e-02
   2.7282750000000001e-02
   3.6018400000000006e-02
   4.5127849999999997e-02
   4.6173100000000002e-02
   2.9434200000000001e-02
   2.2064199999999999e-02
   3.8551299999999997e-02
   6.1363249999999994e-02
   6.5002450000000003e-02
   4.3952950000000005e-02
   3.5263099999999999e-02
   4.5341500000000000e-02
   6.4689650000000001e-02
   7.8750600000000004e-02
   5.1567100000000005e-02
   2.9037500000000001e-02
   3.4385700000000005e-02
   5.7739300000000000e-02
   6.4392100000000008e-02
   4.3029800000000000e-02
   1.6174299999999999e-02
   8.5144049999999992e-03
   2.7046199999999999e-02
   4.1305549999999996e-02
   9.3612800000000013e-03
  -1.2985240000000002e-02
  -1.0574355000000001e-02
   1.3671849999999999e-02
   2.7984650000000000e-02
   2.5993300000000000e-02
   5.5313099999999994e-03
   2.2888200000000000e-03
   2.1278399999999999e-02
   3.0899049999999997e-02
   3.2745349999999999e-02
   7.1563700000000004e-03
  -8.9035000000000000e-03
   1.0536190000000001e-02
   2.5802649999999996e-02
   2.6138299999999996e-02
   3.6468500000000001e-03
