  -1.3587950000000000e-02
   2.8305050000000001e-03
   7.6522680000000003e-03
  -7.9345999999999930e-04
  -1.8539449999999999e-02
  -1.6571050000000000e-02
  -2.1896350000000001e-03
   8.8500999999999988e-04
  -3.2730250000000006e-03
  -1.3443000000000000e-02
  -9.0790000000000003e-03
   1.1947650000000001e-02
   3.1631500000000000e-02
   1.6326895000000001e-02
  -9.2925949999999990e-03
  -1.2664800000000000e-02
   6.9046050000000003e-03
   1.3572674999999999e-02
   2.1423350000000001e-02
   4.6081550000000001e-03
  -1.9912699999999998e-03
   4.8675550000000000e-03
   1.3114919999999999e-02
   1.0444640000000000e-02
  -7.4767819999999995e-03
  -2.1545399999999999e-02
  -1.3160700000000001e-02
  -2.3727399999999999e-03
   9.2315500000000016e-04
  -1.4465344999999999e-02
  -2.2155750000000002e-02
  -2.4551400000000001e-02
  -1.3221735000000002e-02
  -2.6168599999999999e-03
  -1.4068595000000000e-02
  -2.1438600000000002e-02
  -2.0858750000000002e-02
  -1.5640250000000001e-03
   8.7127530500000008e-03
  -1.2893699999999998e-03
  -1.1543265000000000e-02
  -1.1886600000000001e-02
  -1.0086039999999999e-02
  -3.6773850000000000e-03
  -1.1901849999999999e-03
  -8.0566400000000003e-03
  -1.1405950000000000e-02
   8.7585500000000004e-03
   2.3773200000000001e-02
   2.1354699999999997e-02
   3.8909890000000001e-03
  -4.0359500000000000e-03
   3.2501250000000000e-03
   9.6893350000000003e-03
   6.4391950000000000e-03
  -5.2566549999999998e-03
  -5.5313099999999994e-03
   7.5531000000000001e-03
   1.7723099999999999e-02
   1.7333990000000001e-02
   7.9727400000000007e-03
  -4.5013549999999995e-04
   7.0877049999999997e-03
   1.4167785000000000e-02
   1.2161276000000000e-02
  -1.0482780000000001e-02
  -1.2466450000000000e-02
  -5.7525649999999994e-03
   9.2773649999999992e-03
   1.5121474999999999e-02
   3.5171599999999996e-03
  -4.2343099999999998e-03
  -3.0670200000000002e-03
   9.8495549999999994e-03
   9.3383665000000005e-03
   9.1554999999999675e-05
  -9.2544399999999992e-03
  -1.6883849999999999e-02
   1.4495850000000000e-03
   1.7097495000000001e-02
   1.3618455000000000e-02
   7.8735350000000009e-03
   3.5934449999999998e-03
   1.5647899999999999e-02
   1.5914899999999999e-02
   1.1184680000000001e-02
  -5.8364994999999999e-03
  -1.0940550000000000e-02
   1.2207000000000006e-04
   9.4909650000000005e-03
   3.0899149999999999e-03
  -1.0101305000000000e-02
  -1.4900200000000001e-02
  -9.5443500000000001e-03
  -1.4419599999999995e-03
  -4.2419650000000003e-03
  -1.0200499999999999e-02
  -1.2260415000000000e-02
  -1.1291500000000002e-03
   1.1749280000000001e-02
   1.0162360000000000e-02
  -3.6163549999999999e-03
  -1.5182500000000000e-02
  -1.6532900000000000e-02
  -9.1781800000000011e-03
  -4.1427649999999996e-03
  -2.0256049999999998e-02
  -3.1806950000000001e-02
  -2.0240800000000000e-02
   3.2653800000000000e-03
   8.8882599999999985e-03
  -1.0711695000000000e-02
  -2.3124699999999998e-02
  -1.8325800000000000e-02
   6.4849999999999999e-04
   1.0421735000000001e-02
  -3.8150000000000250e-05
  -4.3487550000000002e-03
  -2.3651150000000001e-03
   1.3664249999999999e-02
   1.8768350000000000e-02
   1.2046814999999999e-02
  -3.0975334999999997e-03
  -7.4386599999999997e-03
  -1.3198849999999998e-03
   1.6960130000000000e-02
   2.5787150000000001e-03
  -1.4114360000000001e-02
  -1.4823900000000001e-02
   4.5776499999999995e-04
   9.9563450000000001e-03
   6.8588400000000006e-03
  -1.1222840000000001e-02
  -1.7890950000000003e-02
  -5.4702750000000001e-03
   5.2108749999999994e-03
   1.3961499999999996e-03
  -1.3641380000000000e-02
  -2.1011400000000000e-02
  -7.0800799999999999e-03
   1.7395000000000002e-03
   3.2196149999999999e-03
  -1.6601584999999999e-02
  -2.4024950000000000e-02
  -1.8760650000000000e-02
  -3.6163339999999997e-03
   3.2958949999999992e-03
  -7.5988645000000000e-03
  -1.2886050000000000e-02
  -8.8119299999999991e-03
  -6.3324000000000019e-04
   4.0741149999999997e-03
  -1.0009750000000001e-02
  -1.9790650000000000e-02
  -2.0050050000000000e-02
  -1.0139475000000000e-02
  -4.5471000000000001e-03
  -1.7463649999999997e-02
  -2.7343750000000000e-02
  -2.4673450000000000e-02
  -9.5520050000000006e-03
  -6.9808799999999992e-03
  -1.6616829999999999e-02
  -2.2094699999999998e-02
  -2.4772650000000000e-02
  -8.9950399999999993e-03
  -1.9834999999999992e-04
  -5.4855099999999999e-03
  -1.9027700000000002e-02
  -2.4581900000000000e-02
  -2.6473980000000000e-03
   1.1291500000000002e-03
  -3.8375800000000002e-03
  -2.0645150000000001e-02
  -2.5779750000000001e-02
  -1.5319849999999999e-02
  -5.9661899999999997e-03
  -1.2268054000000000e-02
  -2.3544300000000001e-02
  -3.6376950000000005e-02
  -1.7761199999999998e-02
  -4.6538999999999955e-04
   5.5465499999999999e-03
  -7.6980480000000007e-03
  -1.9027700000000002e-02
  -1.2924200000000000e-02
   6.3781945000000000e-03
   9.9334680000000009e-03
  -3.0593899999999995e-03
  -1.3153049999999999e-02
  -7.6370249999999995e-03
   7.8735599999999999e-03
   6.3857949999999997e-03
  -7.7057079999999995e-03
  -1.9088750000000002e-02
  -2.3895300000000001e-02
  -5.8670019999999996e-03
   2.5329549999999999e-03
  -7.0190649999999997e-03
  -2.0088200000000001e-02
  -1.9821150000000003e-02
  -1.1444070000000001e-03
   5.6533800000000004e-03
   1.6174300000000000e-03
  -1.1604300000000001e-02
  -1.1299115000000000e-02
  -6.5612999999999999e-04
   3.0746249999999997e-03
  -5.3787150000000009e-03
  -2.0904550000000001e-02
  -2.2651700000000000e-02
  -1.2039150000000000e-02
  -1.7471300000000000e-03
  -3.6926150000000002e-03
  -2.1522500000000000e-02
  -2.7130149999999999e-02
  -1.2542750000000000e-02
   4.5471100000000000e-03
   6.3705300000000001e-03
  -1.2893650000000002e-03
  -4.1809100000000004e-03
   5.8898900000000001e-03
   1.7478944999999999e-02
   1.4236459999999999e-02
   2.4948100000000001e-03
  -1.2153600000000001e-02
  -1.0200509999999999e-02
   1.0681150000000001e-03
   6.1950799999999986e-03
  -1.2763964999999999e-02
  -2.4841300000000000e-02
  -1.7112749999999999e-02
  -1.7471350000000001e-03
   5.5999800000000009e-03
  -3.1051749999999995e-03
  -1.5518150000000001e-02
  -1.2901299999999999e-02
  -4.0435499999999991e-04
   5.9204349999999999e-03
  -4.8217950000000002e-03
  -1.2107860000000002e-02
  -1.9439700000000001e-02
  -2.3269649999999998e-03
   4.6615449999999996e-03
  -3.7231249999999999e-03
  -1.1245749999999999e-02
  -1.2039200000000000e-02
  -3.5781839999999999e-03
   4.1503800000000004e-03
   2.4414000000000033e-04
  -3.8833600000000002e-03
  -8.0871599999999995e-03
   6.8283099999999998e-03
   1.0772680000000000e-02
   8.7585400000000004e-03
  -4.3487559999999996e-03
  -1.4694199999999999e-02
  -3.2501199999999996e-03
   3.3264199999999996e-03
   3.9825549999999996e-03
  -1.0070809999999999e-02
  -1.7524700000000001e-02
  -8.1329350000000009e-03
  -3.9443949999999998e-03
   1.4648399999999998e-03
  -7.3089749999999997e-03
  -1.4663700000000000e-02
  -7.3089599999999998e-03
   5.8822420000000002e-03
   7.9956000000000003e-03
  -2.2582999999999995e-03
  -9.5520199999999996e-03
  -2.7542100000000000e-03
   7.3776400000000004e-03
   1.2123109999999999e-02
  -4.8370300000000000e-03
  -1.8623350000000000e-02
  -1.6273450000000002e-02
  -7.3013300000000000e-03
   3.9062300000000001e-03
  -7.9803355000000013e-03
  -1.9210800000000000e-02
  -1.7044100000000000e-02
  -1.6785000000000020e-04
   1.1047385000000000e-02
   6.3858050000000005e-03
  -1.7776499999999995e-03
  -7.3928900000000001e-03
   6.0882599999999999e-03
   1.8455514999999999e-02
   1.3008140000000000e-02
  -1.7318715000000000e-03
  -7.8430150000000001e-03
   2.0370505000000001e-03
   4.3563999999999999e-03
  -3.5705549999999996e-03
  -1.8936149999999999e-02
  -2.5192249999999999e-02
  -1.4907799999999999e-02
  -4.8828350000000003e-03
  -6.3476400000000007e-03
  -1.8508899999999998e-02
  -2.1888749999999998e-02
  -8.8272149999999994e-03
   3.0899050000000004e-03
   1.6403399999999997e-03
  -1.5487674999999999e-02
  -2.3422249999999999e-02
  -1.8081699999999999e-02
  -5.8670024999999994e-03
  -4.0283350000000009e-03
  -2.3620599999999999e-02
  -2.7977000000000002e-02
  -2.0828250000000000e-02
  -6.6528250000000002e-03
  -2.8152699999999999e-03
  -2.4963350000000002e-02
  -2.8221150000000000e-02
  -1.3198850000000000e-02
   2.1209699999999998e-03
   8.7967000000000010e-03
   2.0446749999999997e-03
  -4.6005249999999994e-03
  -3.9672850000000001e-03
   7.0648250000000003e-03
   5.8898750000000001e-03
  -2.0065500000000006e-03
  -9.4299450000000003e-03
  -1.5571600000000000e-02
  -3.3569500000000000e-04
   4.7302250000000002e-03
  -9.3002095000000000e-03
  -2.3391750000000003e-02
  -2.3010250000000003e-02
  -2.0980850000000000e-03
   8.6211965000000008e-03
   7.0266600000000005e-03
  -1.3732899999999999e-03
  -1.0040299999999999e-02
  -9.5367499999999997e-04
   8.1100705999999998e-03
   5.8059700000000006e-03
  -1.4007559999999999e-02
  -1.4617900000000000e-02
  -7.9269450000000012e-03
   4.1732699999999998e-03
   1.8463000000000004e-03
  -1.3732920000000001e-02
  -2.0721400000000001e-02
  -1.5922550000000001e-02
  -3.9978049999999992e-03
  -1.1139050000000001e-03
  -1.0482775000000000e-02
  -1.6296399999999999e-02
  -9.6664399999999984e-03
   4.0893550000000002e-03
   1.1177045000000000e-02
  -1.0986300000000002e-03
  -6.7901599999999999e-03
  -3.4790049999999999e-03
   4.2572015000000001e-03
   5.4168749999999998e-03
  -3.2729949999999999e-03
  -1.5434250000000000e-02
  -1.3977050000000000e-02
  -1.3351399999999999e-03
   1.6021749999999995e-03
  -6.6375799999999997e-03
  -1.8844600000000000e-02
  -1.8493650000000000e-02
  -1.8157949999999998e-03
   4.8065199999999999e-03
  -7.6294100000000005e-03
  -1.4686550000000000e-02
  -1.6395549999999998e-02
  -1.6860950000000001e-03
   8.0108699999999998e-03
  -3.1890849999999995e-03
  -1.5449549999999999e-02
  -2.4459849999999998e-02
  -7.0037850000000002e-03
   8.7814249999999990e-03
   2.7160650000000001e-03
  -1.3122550000000000e-02
  -2.1331750000000000e-02
  -1.3572700000000000e-02
   2.7923549999999998e-03
   2.9830800000000004e-03
  -1.4587400000000000e-02
  -1.6296399999999999e-02
  -3.6544799999999999e-03
   8.4380969499999996e-03
   1.6059875000000001e-02
   5.8288749999999999e-03
  -4.7073400000000000e-03
   3.3569349999999998e-04
   1.1093159999999999e-02
   1.2947064999999999e-02
  -1.1367800000000000e-03
  -1.5243550000000002e-02
  -1.8989550000000001e-02
  -4.1961650000000000e-03
   4.6539400000000005e-03
  -3.3569550000000000e-03
  -1.1894200000000001e-02
  -1.1810299999999999e-02
   5.2642500000000007e-04
   1.3786340000000001e-02
   5.3634450000000005e-03
  -1.1459330000000000e-02
  -9.9334499999999999e-03
   6.3095250000000007e-03
   8.7204050000000005e-03
   9.6891499999999988e-04
  -1.5518199999999999e-02
  -1.5373250000000000e-02
   1.3809230000000000e-03
   5.1574700000000008e-03
   2.6779299999999994e-03
  -8.4457250000000011e-03
  -9.6664200000000002e-03
   4.4708250000000003e-03
   1.6593915000000001e-02
   1.6868569999999999e-02
   8.8501099999999996e-03
   4.2648349999999998e-03
   1.4526350000000000e-02
   2.3353550000000001e-02
   2.0858749999999999e-02
  -1.5716549999999999e-03
  -9.3231200000000007e-03
  -3.7689200000000003e-03
   1.2649515000000000e-02
   1.6769420000000000e-02
  -3.8452099999999999e-03
  -1.2046850000000001e-02
   1.9302349999999998e-03
   1.6471850000000000e-02
   2.0568850000000000e-02
   7.4004990000000005e-03
  -7.8277550000000005e-03
  -1.0375985000000001e-02
   4.2724650000000005e-03
   9.3154950000000000e-03
  -3.2806599999999999e-03
  -1.4663700000000000e-02
  -1.7646799999999997e-02
  -3.2119750000000002e-03
   4.0283449999999991e-03
  -2.0294300000000000e-03
  -1.0711675000000000e-02
  -2.0835899999999997e-02
  -7.3547199999999995e-03
   4.0969750000000001e-03
   4.0588200000000003e-03
   1.5259000000000019e-04
  -3.3874500000000002e-03
   1.3580350000000000e-02
   2.2071849999999997e-02
   2.1049500000000002e-02
   1.3175989999999999e-02
   4.6157849999999999e-03
   7.9650899999999993e-03
   1.3572684999999999e-02
   1.2741114999999999e-02
   1.2359649999999999e-03
  -6.2179549999999998e-03
  -4.8294100000000001e-03
   6.1416500000000002e-03
   1.2870785000000001e-02
  -2.9754600000000001e-03
  -1.1932350000000001e-02
  -1.2649549999999999e-02
   2.2888400000000003e-03
   4.5471250000000008e-03
  -6.2026749999999995e-03
  -9.5901349999999996e-03
  -5.3176865000000000e-03
   9.8495549999999994e-03
   9.1628850000000008e-03
  -5.8212099999999994e-03
  -1.5563950000000000e-02
  -1.4884950000000001e-02
  -2.3727410000000003e-03
  -1.2893699999999998e-03
  -1.5739449999999999e-02
  -2.7595500000000002e-02
  -2.6596050000000000e-02
  -3.3493050000000003e-03
   3.7689000000000004e-03
  -8.4381300000000003e-03
  -1.6136149999999998e-02
  -1.9439699999999997e-02
   3.0517500000000009e-04
   7.5912249999999992e-03
   9.6816799999999998e-03
  -2.2277855000000001e-03
  -9.0560899999999993e-03
   1.2512199999999999e-03
   7.4844350000000011e-03
  -6.9427500000000027e-04
  -1.0513300000000000e-02
  -2.0744350000000002e-02
  -2.3681649999999999e-02
  -9.2010414999999998e-03
  -3.9596650000000002e-03
  -1.4465329999999998e-02
  -1.9538899999999998e-02
  -1.4152550000000000e-02
  -8.4228700000000007e-03
  -8.7203999999999997e-03
  -2.5589000000000001e-02
  -2.9251100000000002e-02
  -2.1011349999999998e-02
  -7.0724350000000002e-03
  -4.7530899999999997e-03
  -1.8966700000000000e-02
  -2.0988449999999999e-02
  -1.6456599999999998e-02
  -8.6211949999999999e-03
  -5.2642950000000004e-03
  -2.2270200000000000e-02
  -2.5329600000000001e-02
  -1.4930700000000000e-02
  -3.1890874999999999e-03
   2.3650999999999967e-04
  -1.0604865000000000e-02
  -1.7295849999999998e-02
  -1.6349800000000001e-02
  -4.2800900000000003e-03
   4.6233949999999998e-03
  -1.1573769999999999e-02
  -3.0853249999999999e-02
  -3.4133899999999995e-02
  -2.2834800000000002e-02
  -1.4701849999999999e-02
  -1.5167250000000000e-02
  -2.4238549999999998e-02
  -2.5436399999999998e-02
  -1.1131269999999999e-02
  -6.2865975000000003e-03
  -1.0299690000000000e-02
  -1.8302900000000000e-02
  -2.1026599999999999e-02
  -1.0238625000000001e-02
   4.9743649999999997e-03
   9.0789999999999968e-04
  -1.4129599999999999e-02
  -1.7944349999999998e-02
  -9.4528250000000015e-03
  -3.3950800000000000e-03
  -5.1574899999999998e-03
  -1.9157399999999998e-02
  -2.6916500000000003e-02
  -1.9973749999999998e-02
  -1.9073460000000001e-03
   1.0612490000000000e-02
   2.7618450000000002e-03
  -3.2424950000000002e-03
  -3.3416749999999997e-03
   6.1721649999999994e-03
   1.4083875000000001e-02
   2.6550300000000001e-03
  -2.9068000000000002e-03
  -1.5182490000000002e-03
   8.9187399999999997e-03
   1.4198299999999999e-02
   4.5928800000000006e-03
  -4.9819949999999995e-03
  -1.0437020000000000e-02
  -3.6621499999999981e-04
   7.9349999999999993e-04
  -1.8798825000000002e-02
  -2.7748099999999998e-02
  -2.8922999999999997e-02
  -7.8048699999999993e-03
   3.6086900000000003e-03
  -1.0223400000000001e-03
  -8.7204050000000005e-03
  -1.0574330000000000e-02
   3.8909900000000004e-03
   8.1787300000000004e-03
   1.0223500000000000e-03
  -1.0292074999999999e-02
  -1.5388499999999999e-02
  -2.4261485000000001e-03
   9.1781385000000004e-03
   3.7231499999999997e-03
  -6.5231315000000003e-03
  -1.0849009999999999e-02
   1.9454964999999999e-03
   1.1184670000000001e-02
   9.1094999999999995e-03
  -4.1961999999999989e-04
  -4.7378550000000000e-03
   7.7590950000000006e-03
   1.6693110000000001e-02
   2.2552500000000000e-02
   1.0200490000000000e-02
   2.4490350000000000e-03
   1.7089824999999999e-03
   1.0238654999999999e-02
   1.4450070000000001e-02
   7.6291500000000029e-04
  -9.9792400000000003e-03
  -7.4920649999999991e-03
   2.6626550000000003e-03
   1.0314930000000000e-02
   6.5689100000000007e-03
  -1.9760100000000003e-03
  -1.5640275000000001e-03
   4.1198950000000002e-03
   4.5547499999999998e-03
  -7.9574499999999996e-03
  -1.8478399999999999e-02
  -2.5909399999999999e-02
  -1.2786855000000000e-02
  -3.7307550000000005e-03
  -3.6697399999999999e-03
  -1.0971050000000000e-02
  -7.9193100000000006e-03
   3.6544780000000001e-03
   7.5225950000000000e-03
  -4.2419199999999997e-03
  -1.0261545000000000e-02
  -1.1467000000000000e-02
   5.3405750000000002e-03
   1.5068070000000001e-02
   1.0734573999999998e-02
   1.2664800000000002e-03
  -5.1422150000000003e-03
   1.2359630000000000e-02
   1.5548699999999999e-02
   1.4389016500000001e-02
  -6.5078499999999999e-03
  -1.9012450000000000e-02
  -7.7896349999999996e-03
   4.3716250000000005e-03
   8.5983050000000005e-03
  -2.2583050000000004e-03
  -7.8506400000000007e-03
  -3.9825449999999997e-03
   1.8005450000000002e-03
   4.8446699999999997e-03
  -7.2174299999999995e-03
  -1.4251749999999999e-02
  -1.0475165000000000e-02
   1.1230495000000000e-02
   1.3183570600000000e-02
   2.8228949999999997e-03
  -7.3699899999999999e-03
  -7.6446650000000001e-03
   1.8539400000000001e-03
   1.5640500000000000e-03
  -1.2069719999999999e-02
  -2.4116550000000000e-02
  -2.8511050000000000e-02
  -1.1260989999999999e-02
   2.0141500000000001e-03
   7.9345900000000000e-03
   6.9885349999999997e-03
   6.5460199999999996e-03
   2.0210249999999999e-02
   2.5978049999999999e-02
   2.0149235000000001e-02
   2.8534049999999998e-03
  -4.0740985000000006e-03
   5.5847050000000006e-03
   2.0011880000000003e-02
   1.6838069999999997e-02
   1.9454749999999995e-03
  -3.9367700000000009e-03
  -1.7471300000000000e-03
   5.2947949999999997e-03
   2.4947999999999993e-03
  -1.0452289999999999e-02
  -1.3397249999999999e-02
  -2.1362300000000002e-03
   3.4179749999999997e-03
   3.7688999999999995e-03
  -7.2860900000000003e-03
  -1.2405385000000000e-02
  -1.0711660000000000e-02
   6.2560999999999997e-04
   5.2108599999999995e-03
  -7.7972499999999995e-03
  -1.4762849999999999e-02
  -1.1268600000000000e-02
   1.8157949999999998e-03
   8.8577149999999986e-03
  -3.5705800000000003e-03
  -1.4251699999999999e-02
  -1.2786900000000000e-02
   5.1345775000000001e-03
   1.5060440000000000e-02
   6.6452099999999986e-03
   2.6855449999999997e-03
   1.7242455000000001e-03
   1.3946550000000000e-02
   1.9454954999999999e-02
   1.9538859999999998e-02
   8.2549949999999993e-03
   4.6539299999999997e-03
   2.2018450000000002e-02
   3.1265250000000001e-02
   2.3948649999999998e-02
   1.0704020000000000e-02
   3.0365000000000001e-03
   6.8511800000000001e-03
   1.4381395000000000e-02
   1.4373790000000001e-02
   6.1035499999999993e-04
   7.7819499999999997e-04
   7.0343000000000003e-03
   1.1466985000000001e-02
   9.9029499999999989e-03
  -5.8136100000000003e-03
  -5.4473899999999999e-03
  -2.8991500000000018e-04
   1.5624990000000000e-02
   1.4205911000000000e-02
  -9.1629249999999988e-03
  -1.6067499999999998e-02
  -7.5988699999999998e-03
  -1.5254999999999609e-05
  -5.6915249999999994e-03
  -1.5144330000000001e-02
  -1.4305100000000001e-02
  -4.9285900000000001e-03
   7.4081249999999989e-03
   1.5106180000000000e-02
   6.4163399999999995e-03
   1.2283350000000001e-03
   2.7465999999999992e-04
   8.5678050000000013e-03
   9.7885200000000002e-03
  -1.9988999999999996e-03
  -7.0113950000000001e-03
  -4.5928949999999996e-03
   1.5686014999999998e-02
   2.2132880000000001e-02
   9.8419299999999987e-03
  -3.1433000000000003e-03
  -6.9732750000000001e-03
   1.0215755000000000e-02
   1.5777599999999999e-02
   1.3351455000000000e-02
  -7.8048585000000002e-03
  -1.2313859999999999e-02
   8.5449200000000010e-03
   1.8714929999999998e-02
   1.4007587500000000e-02
   5.3406000000000026e-04
  -6.3552899999999996e-03
   5.5084250000000000e-03
   1.8157980000000001e-02
   1.4328002499999999e-02
   1.9912700000000003e-03
  -5.1956199999999998e-03
   8.9264000000000010e-04
   1.3793949999999999e-02
   1.9950864999999998e-02
   1.2947085000000001e-02
   1.1070230000000000e-02
   1.0124200000000000e-02
   2.3696900000000000e-02
   2.6184050000000000e-02
   9.7579965000000012e-03
   7.2479000000000011e-04
  -2.2583000000000004e-03
   1.3694785000000001e-02
   2.1263130000000002e-02
   7.4081400000000006e-03
  -7.7056999999999994e-04
   3.4255950000000000e-03
   1.1611920000000000e-02
   1.0375985000000001e-02
   5.1119999999999985e-04
  -8.6059799999999992e-03
  -1.1276265000000001e-02
   9.0789900000000003e-03
   1.7700194999999998e-02
   1.1665320000000000e-02
   2.1514900000000003e-03
   1.4877349999999998e-03
   1.3206474999999999e-02
   1.8867485000000000e-02
   1.1116015000000000e-02
   1.7700200000000000e-03
  -3.4408550000000000e-03
   3.7689214999999999e-03
   1.1627177000000001e-02
   7.7590700000000007e-03
  -5.7678200000000008e-03
  -1.3046250000000001e-02
   6.1569199999999998e-03
   1.7128015000000000e-02
   1.2321496500000001e-02
  -2.6778950000000000e-03
  -1.3214099999999999e-02
   2.3498539999999997e-03
   1.8867450000000001e-02
   2.1865849999999999e-02
   9.2773249999999995e-03
  -1.8692034999999998e-03
   2.7694699999999996e-03
   1.2962359999999999e-02
   1.4678950000000000e-02
  -4.7912550000000003e-03
  -1.5533450000000001e-02
  -9.7503750000000004e-03
   8.0261399999999993e-03
   1.5327455000000000e-02
   6.7444100000000002e-03
  -2.7389549999999999e-03
  -7.4768049999999996e-03
   1.6479450000000001e-03
   8.3389400000000013e-03
  -1.1367499999999997e-03
  -8.8272300000000001e-03
  -6.2103300000000000e-03
   8.2931600000000008e-03
   1.7478930000000000e-02
   7.1563740000000001e-03
  -9.8800650000000004e-03
  -1.7585750000000001e-02
  -6.6070550000000006e-03
  -4.3716650000000003e-03
  -1.2237529000000000e-02
  -2.2529600000000000e-02
  -1.3938900000000001e-02
  -3.9825434999999996e-03
   2.4185000000000005e-03
  -1.0147000000000003e-03
  -7.6370270000000011e-03
  -1.3885499999999999e-02
  -5.1116949999999994e-03
   1.7700050000000003e-03
   1.5258499999999996e-03
  -1.3664249999999999e-02
  -2.3094199999999999e-02
  -1.0879514999999999e-02
  -1.7852700000000003e-03
  -4.1046299999999997e-03
  -1.9165049999999999e-02
  -2.5405850000000001e-02
  -1.6410800000000000e-02
  -1.2817350000000004e-03
   3.5324200000000005e-03
  -5.8364749999999998e-03
  -9.6130450000000006e-03
  -2.6016249999999998e-03
   9.5825400000000005e-03
   8.2931649999999999e-03
   6.6373999999999947e-04
  -8.8729650000000000e-03
  -1.4877300000000000e-02
  -3.4789899999999995e-03
   1.1634849999999999e-02
   8.7585500000000004e-03
   3.5095500000000002e-04
  -3.3187874999999999e-03
   8.5601649999999998e-03
   1.3755819999999998e-02
   1.2031564000000000e-02
   3.9825454999999994e-03
  -5.7220450000000003e-03
   7.6446600000000002e-03
   1.7814614999999999e-02
   1.6769394999999999e-02
   4.3334999999999997e-03
  -3.4637449999999998e-03
   6.3628950000000004e-03
   1.5502910000000000e-02
   9.6587999999999986e-03
  -8.0566604999999999e-03
  -1.8692050000000002e-02
  -1.1070225000000000e-02
  -6.6147000000000011e-03
  -4.5852900000000005e-03
  -1.2184130000000000e-02
  -1.5258750000000001e-02
  -2.4414000000000011e-04
   1.6372700000000000e-02
   1.4160155000000001e-02
   7.0955499999999973e-04
  -1.0040294999999999e-02
  -1.4114365000000000e-03
   9.8724165000000016e-03
   1.3626110000000000e-02
   1.2512199999999999e-03
  -7.7438100000000003e-03
  -2.8457650000000001e-03
   1.0276790000000001e-02
   1.6227729999999999e-02
   9.9182500000000000e-04
  -1.2435900000000000e-02
  -1.0696404999999999e-02
   6.9885150000000007e-03
   2.0050044999999999e-02
   1.7410269999999999e-02
   1.2207040000000001e-02
   1.2702900000000000e-02
   2.7038600000000003e-02
   2.8663599999999997e-02
   2.1110530000000002e-02
   6.5994450000000007e-03
   4.3716399999999996e-03
   1.9439699999999997e-02
   1.8829354999999999e-02
   1.2634280000000001e-02
   4.9591000000000001e-04
  -1.2008700000000001e-02
   3.3874514999999998e-03
   8.0261350000000002e-03
   8.0184950000000005e-03
  -1.8463150000000003e-03
  -9.1171050000000003e-03
  -5.5847199999999996e-03
   1.0910000000000000e-03
   4.0130399999999998e-03
  -1.1032100000000000e-02
  -1.3046249999999999e-02
  -7.4005500000000010e-04
   7.3776300000000005e-03
   9.1934349999999998e-03
  -2.6626649999999998e-03
  -1.1047345000000000e-02
  -7.0343100000000002e-03
  -6.0272499999999970e-04
  -1.4647999999999996e-03
  -1.0986349999999999e-02
  -5.9127799999999994e-03
  -5.4855349999999997e-03
   8.5906904999999995e-03
   1.3526909500000000e-02
   4.6844650000000005e-03
   1.8463150000000003e-03
   2.2125219500000000e-03
   1.4282225000000001e-02
   1.8852210000000001e-02
   1.1856093500000000e-02
  -1.2130699999999997e-03
  -7.4157749999999995e-03
   5.4092304999999999e-03
   1.5121454999999999e-02
   5.2566450000000008e-03
  -5.8517669999999999e-03
  -8.9568949999999994e-03
   1.0055540000000000e-02
   1.5022260000000001e-02
   7.7743499999999993e-03
  -3.9367450000000002e-03
  -5.8746349999999996e-03
   1.1177070000000001e-02
   1.3099690000000001e-02
   9.7198650000000011e-03
  -1.2817385000000001e-02
  -1.6426099999999999e-02
  -1.0299670000000000e-02
   4.5776300000000001e-03
   1.6861000000000003e-03
  -1.2741085000000001e-02
  -1.8096950000000001e-02
  -4.1198750000000003e-03
   8.8348617999999997e-03
   1.1680595000000000e-02
   9.8421000000000012e-04
  -1.8234250000000000e-03
   1.0002114999999999e-02
   2.1713250000000000e-02
   2.3628250000000000e-02
   1.2184134999999999e-02
  -2.3345960000000004e-03
   1.1672984999999999e-03
   1.4022824999999999e-02
   2.3475650000000001e-02
   1.1016855000000001e-02
  -1.6174309999999999e-03
  -5.8441150000000004e-03
   3.3187849999999994e-03
   7.0800699999999991e-03
   2.8225000000000038e-04
  -6.4926140000000007e-03
  -3.8909900000000004e-03
   1.0299690000000000e-02
   1.7028810000000002e-02
   8.0795100000000016e-03
   1.4800999999999998e-03
  -4.0435799999999997e-03
   7.7514750000000007e-03
   8.7814150000000007e-03
   3.4866450000000000e-03
  -5.3482004999999997e-03
  -7.6370250000000004e-03
   8.8882400000000004e-03
   1.1016824999999999e-02
   3.5782049999999997e-03
  -1.3580320000000000e-02
  -1.7189049999999997e-02
   8.6212149999999993e-04
   5.3253249999999997e-03
   5.3405000000000032e-04
  -7.0800949999999998e-03
  -6.5918000000000001e-03
   1.9912699999999998e-03
   1.6365055000000000e-02
   2.2369400000000001e-02
   1.0292065000000001e-02
  -4.5777000000000046e-05
   8.3770749999999995e-03
   1.5365580000000000e-02
   1.6075135000000001e-02
  -1.6555650000000003e-03
  -1.1665320000000000e-02
   2.2125234999999998e-03
   1.2954700000000000e-02
   1.6410830000000001e-02
   4.1045950000000008e-03
  -3.0059850000000001e-03
  -4.3487550000000002e-03
   5.6304700000000003e-03
   7.1639949999999994e-03
  -2.9601949999999997e-03
  -1.3229360000000001e-02
  -7.1258550000000004e-03
  -9.4604499999999996e-04
   3.9443949999999998e-03
   2.0065350000000003e-03
  -9.4223150000000006e-03
  -1.6853350000000000e-02
  -5.2185050000000000e-03
  -1.0528500000000001e-03
  -4.3182450000000001e-03
  -1.3916000000000000e-02
  -1.6319250000000000e-02
  -3.8681050000000002e-03
   6.8588275000000002e-03
   7.7438350000000010e-03
  -6.5689149999999998e-03
  -8.7051400000000001e-03
   5.1040649999999996e-03
   1.3984695000000000e-02
   6.8054249999999995e-03
  -8.1405709999999992e-03
  -1.0948170000000000e-02
   4.2877200000000001e-03
   1.7349244999999999e-02
   1.5747044999999998e-02
   3.2501150000000000e-03
  -9.1628950000000008e-03
   3.0975350000000002e-03
   5.9433099999999994e-03
   8.8577100000000013e-03
  -3.0517350000000003e-03
  -6.1416600000000002e-03
  -6.0501100000000000e-03
  -1.7547500000000002e-04
   5.4168800000000007e-03
  -4.8752000000000005e-03
  -1.8325800000000000e-02
  -1.4663700000000000e-02
  -4.9361950000000000e-03
   6.1794999999999992e-04
  -8.0108550000000008e-03
  -2.2720299999999999e-02
  -2.8602599999999999e-02
  -1.1779790000000000e-02
   2.4642850000000001e-03
  -5.1880000000000068e-04
  -5.6533799999999995e-03
  -1.0749794999999999e-02
   2.3498550000000001e-03
   9.1171450000000001e-03
   2.9678249999999995e-03
  -7.3394549999999999e-03
  -1.3328550000000000e-02
   5.4932000000000006e-04
   5.2184850000000001e-03
   4.6615550000000004e-03
  -8.8501050000000005e-03
  -1.7074599999999999e-02
  -8.5449399999999991e-03
  -1.6860999999999998e-03
  -5.4473649999999992e-03
  -1.7135600000000001e-02
  -2.2155749999999998e-02
  -9.1857699999999994e-03
   3.6620899999999998e-03
  -2.0752000000000001e-03
  -1.5632625000000001e-02
  -1.7410300000000000e-02
  -6.5155049999999996e-03
   6.4544774999999999e-03
   1.5030000000000000e-03
  -1.0345465000000002e-02
  -1.7372149999999999e-02
  -1.2115450000000000e-02
   4.4784520000000000e-03
   1.0078434499999999e-02
   2.9144100000000001e-03
  -1.3427700000000001e-02
  -8.1787149999999996e-03
   2.0904549999999997e-03
   7.5073099999999997e-03
  -2.7466000000000036e-04
  -9.2849600000000001e-03
  -4.3182400000000001e-03
   1.5655499999999999e-02
   1.9073485000000001e-02
   1.4228805000000001e-02
   5.4244999999999996e-03
   3.6468500000000001e-03
   1.2306214999999999e-02
   1.2672404999999999e-02
   8.6364849999999993e-03
  -3.6544819999999997e-03
  -1.8722549999999998e-02
  -1.0353095000000000e-02
   2.3650949999999998e-03
  -7.1487650000000014e-03
  -1.8363950000000000e-02
  -1.9859349999999998e-02
  -1.5708899999999998e-02
  -1.1955265000000000e-02
  -9.6893300000000012e-03
  -1.9378699999999999e-02
  -2.1202100000000002e-02
  -1.0940564999999999e-02
   3.6239599999999999e-03
   5.1040850000000013e-03
  -3.1661799999999998e-03
  -1.0887150000000000e-02
  -5.6304950000000001e-03
  -4.5776500000000017e-04
   3.6926400000000001e-03
  -6.8740649999999995e-03
  -1.0398879999999999e-02
   6.2560999999999997e-03
   1.5853864999999998e-02
   2.3284900000000001e-02
   1.8241870000000000e-02
   6.8054150000000004e-03
   6.9274899999999997e-03
   1.5731799999999997e-02
   1.6311640000000002e-02
   2.0141599999999992e-03
  -5.5770850000000007e-03
  -9.3460250000000009e-03
   7.4310399999999999e-03
   1.3580304999999999e-02
   7.7743550000000002e-03
   5.6915300000000002e-03
   5.5694550000000001e-03
   1.3534549999999999e-02
   1.6754160000000001e-02
   1.4022845000000001e-02
   4.0054299999999999e-03
   8.0871700000000003e-04
   9.1247450000000001e-03
   1.6212475000000000e-02
   1.2901325000000000e-02
  -7.3242500000000009e-04
  -1.3977050000000000e-02
  -7.8201399999999997e-03
  -1.4343250000000002e-03
   9.7655000000000051e-04
  -1.5419020000000000e-02
  -2.3216250000000001e-02
  -1.4381399999999999e-02
  -1.3580300000000001e-03
   7.7590999999999997e-03
   7.1716499999999964e-04
   1.0757431999999999e-03
   1.3122550000000000e-02
   2.5512699999999999e-02
   2.3109449999999997e-02
   6.1263849999999998e-03
  -1.9073500000000004e-04
   8.4686000000000006e-04
   1.3336190000000000e-02
   1.5029925000000000e-02
  -3.8909900000000004e-03
  -1.4999350000000000e-02
  -1.6288749999999998e-02
  -4.6386850000000000e-03
   7.3166000000000012e-03
  -5.3410000000000003e-04
  -1.6441370000000000e-02
  -2.8427100000000000e-02
  -2.7221650000000000e-02
  -6.4849850000000004e-03
  -1.0162359999999999e-02
  -2.3468000000000003e-02
  -2.8419500000000000e-02
  -1.9203200000000000e-02
  -2.2399900000000000e-02
  -3.6293050000000000e-02
  -6.0379050000000004e-02
  -8.2031250000000000e-02
  -8.2710299999999987e-02
  -8.6608900000000003e-02
  -9.7007549999999998e-02
  -9.8777599999999993e-02
  -1.1954500000000000e-01
  -1.4047250000000000e-01
  -1.2934099999999998e-01
  -1.3315549999999998e-01
  -1.1106099999999999e-01
  -9.4001749999999995e-02
  -7.5866699999999995e-02
  -6.7169200000000012e-02
  -6.4857499999999998e-02
  -7.0220950000000004e-02
  -5.8006299999999997e-02
  -3.8406349999999999e-02
  -2.7359000000000001e-02
  -2.7915949999999998e-02
  -3.0769350000000001e-02
  -3.5812350000000000e-02
  -3.7048350000000001e-02
  -2.7305599999999999e-02
  -1.2329100000000001e-02
  -1.9393950000000000e-02
  -1.4877300000000000e-02
  -3.6697394999999997e-03
   1.1657720000000000e-02
   1.9348150000000001e-02
   5.9127650000000004e-03
  -3.7384049999999998e-03
   2.3651500000000008e-04
   1.2916585000000000e-02
   2.3666349999999999e-02
   2.3384100000000001e-02
   1.8203734999999999e-02
   1.4755259999999999e-02
   4.0779150000000000e-02
   5.1437400000000001e-02
   4.8698400000000003e-02
   3.3332800000000003e-02
   2.0256049999999998e-02
   2.8121950000000000e-02
   3.3889799999999998e-02
   3.2867449999999999e-02
   1.5609754999999999e-02
   9.6893299999999995e-03
   3.1143150000000001e-02
   4.5776350000000000e-02
   4.3655399999999997e-02
   2.9685950000000003e-02
   2.3895250000000000e-02
   3.6804199999999995e-02
   4.8980750000000003e-02
   5.3321850000000004e-02
   2.9594400000000000e-02
   1.7494200000000001e-02
   2.0057700000000001e-02
   4.1870150000000002e-02
   5.2711500000000001e-02
   3.6705000000000002e-02
   3.1715400000000005e-02
   3.4820600000000000e-02
   5.3703300000000002e-02
   5.9478749999999997e-02
   3.5942050000000003e-02
   3.0448900000000001e-02
   2.4208050000000002e-02
   4.3472249999999997e-02
   4.7401399999999996e-02
   2.1530150000000001e-02
   9.2620949999999997e-03
   2.8305050000000001e-03
   1.8760650000000000e-02
   3.4896850000000000e-02
   2.5726300000000001e-02
   1.4633149999999999e-02
   1.1558499999999999e-02
   2.3422249999999999e-02
   3.9451600000000003e-02
   3.4454350000000002e-02
   2.1667499999999999e-02
   1.7311099999999999e-02
   3.6254900000000000e-02
   4.2396549999999998e-02
   3.1166100000000002e-02
   1.9310000000000001e-02
   2.5169350000000000e-02
   3.0494700000000000e-02
   4.4586150000000005e-02
   5.3215050000000000e-02
   4.4181800000000000e-02
   2.9846199999999996e-02
   3.3218400000000002e-02
   4.6173100000000002e-02
   4.3846150000000000e-02
   3.5163899999999998e-02
   1.4915500000000000e-02
   1.7158500000000000e-02
   2.4589500000000000e-02
   3.6422750000000004e-02
   2.6824950000000000e-02
   1.1520395000000001e-03
   9.6740950000000006e-03
   3.7597649999999996e-02
   3.0052200000000001e-02
   1.8951400000000000e-02
  -3.7002559999999999e-03
   4.0054349999999999e-03
   2.8678849999999999e-02
   3.5018899999999999e-02
   1.7410249999999999e-02
   2.2781349999999999e-02
   4.1732799999999997e-03
   1.7555250000000001e-02
   2.5390650000000001e-02
   1.6120934999999999e-02
   1.1192300000000001e-02
   4.4860799999999999e-03
   1.6494750000000002e-02
   3.1082150000000003e-02
   2.5566099999999998e-02
   1.7524749999999999e-02
   1.2733450000000000e-02
   2.1781950000000001e-02
   2.7320850000000001e-02
   2.3078899999999999e-02
   1.0246290000000000e-02
   3.1738305000000001e-03
   1.9866950000000001e-02
   3.1379699999999996e-02
   1.0414135500000001e-02
   4.8980899999999999e-03
   3.5095199999999999e-03
   6.7749000000000004e-03
   2.3140000000000001e-02
   2.2529600000000000e-02
   4.4250484999999997e-03
  -6.4392100000000008e-03
   7.2937000000000002e-03
   1.8096950000000001e-02
   1.9302349999999999e-02
   3.6773685000000000e-03
  -4.2190550000000002e-03
   1.1215205000000002e-03
   9.0179249999999996e-03
   2.0256000000000000e-02
   8.6517249999999990e-03
  -2.3345950000000001e-03
   1.1062636499999999e-03
   1.5304550000000000e-02
   2.4978599999999997e-02
   1.2123115000000000e-02
  -9.7808649999999997e-03
  -1.5136699999999999e-02
   4.5013450000000003e-03
   2.0896900000000000e-02
   1.3931255000000000e-02
   2.9525754999999996e-03
  -6.2484699999999999e-03
   9.2010449999999997e-03
   1.7349250000000000e-02
   1.6822850000000000e-02
   5.6915300000000002e-03
  -6.0272199999999998e-03
   4.3487540000000001e-04
   9.6130399999999998e-03
   6.0806100000000002e-03
  -4.9285900000000001e-03
  -1.7471300000000002e-02
  -2.5558467999999999e-03
   5.8364920000000004e-03
   4.8065299999999998e-03
  -8.7433049999999998e-03
  -1.0307310000000000e-02
  -5.6915249999999994e-03
   2.9220590000000003e-03
  -5.5694500000000053e-04
  -2.2483799999999998e-02
  -2.2735600000000002e-02
  -7.5988800000000006e-03
   3.1662000000000001e-03
   9.1550000000000138e-05
  -2.0820600000000002e-02
  -3.0227650000000002e-02
  -3.6430350000000000e-02
  -2.4887099999999999e-02
  -1.8852250000000001e-02
  -3.6705000000000002e-02
  -5.0361599999999999e-02
  -4.2121899999999997e-02
  -2.6039150000000000e-02
  -1.8074020000000000e-02
  -2.7664200000000000e-02
  -4.0725700000000004e-02
  -4.0664699999999998e-02
  -2.5123599999999999e-02
  -1.3053920000000000e-02
  -1.8760700000000002e-02
  -2.9838600000000000e-02
  -3.5293599999999994e-02
  -1.4839149999999999e-02
  -1.9760300000000001e-03
  -9.4299265000000014e-03
  -2.0355200000000000e-02
  -2.6100150000000003e-02
  -1.5579200000000000e-02
   6.5612999999999999e-04
  -6.2484949999999997e-03
  -2.7702350000000001e-02
  -3.7139900000000003e-02
  -1.6647350000000002e-02
   2.7847400000000000e-03
  -2.1360000000000042e-04
  -2.0393349999999998e-02
  -3.0555699999999998e-02
  -1.7456050000000001e-02
   2.3651000000000054e-04
   3.9520349999999996e-03
  -3.6163399999999996e-03
  -1.4038100000000001e-03
   7.4233850000000002e-03
   1.5243550000000000e-02
   1.7204305000000000e-02
   3.1509399999999996e-03
  -4.4479380000000002e-03
   3.2272335000000001e-03
   2.0507850000000001e-02
   2.3551950000000002e-02
   5.8212490000000006e-03
  -8.8500799999999998e-03
  -5.7525649999999994e-03
   3.8909890000000001e-03
   7.1410949999999992e-03
  -9.6359199999999992e-03
  -2.4887100000000002e-02
  -2.1575950000000000e-02
  -5.8746350000000004e-03
   2.9525800000000002e-03
  -6.2408500000000000e-03
  -2.2270200000000000e-02
  -1.7761249999999999e-02
  -7.0266749999999996e-03
   1.9378700000000004e-03
  -8.1252979999999995e-03
  -1.9622799999999999e-02
  -3.4103399999999999e-02
  -1.4190649999999999e-02
   7.5607299999999999e-03
   7.1792849999999997e-03
  -4.4098100000000001e-03
  -1.2351950000000000e-02
   1.0681000000000015e-04
   5.5847099999999997e-03
   3.9749099999999999e-03
  -1.4236460000000001e-02
  -2.0675650000000000e-02
  -1.1558550000000001e-02
   3.5324100000000002e-03
  -4.4250399999999999e-03
  -1.3366689999999999e-02
  -2.2522000000000000e-02
  -1.8646250000000000e-02
  -6.9427499999999984e-04
   3.3416950000000000e-03
  -1.0734580000000001e-02
  -2.3025499999999997e-02
  -1.6548149999999998e-02
   1.7776500000000000e-03
   4.3411000000000005e-03
  -1.3000505000000001e-02
  -1.6693150000000000e-02
  -8.0413800000000007e-03
   1.9767750000000001e-02
   2.2674550000000002e-02
   9.7961650000000008e-03
  -4.2190535000000001e-03
  -3.6697400000000003e-03
   9.5062250000000001e-03
   1.8516550000000000e-02
   7.1258564999999996e-03
  -4.8065500000000008e-04
  -5.4855349999999997e-03
   1.0429364999999999e-02
   1.7112740000000001e-02
   7.8353705999999988e-03
  -1.1192299999999999e-02
  -2.1598800000000001e-02
  -9.6511799999999988e-03
   1.6174349999999995e-03
  -9.7656499999999999e-04
  -1.1337264999999999e-02
  -1.7936700000000000e-02
  -4.1427649999999996e-03
   1.0139479999999999e-02
   8.3465610000000006e-03
  -5.5694550000000001e-03
  -1.5495300000000000e-02
  -4.6691900000000001e-03
   8.2016250000000006e-03
   8.4075980000000005e-03
  -7.4615500000000008e-03
  -1.7913800000000001e-02
  -1.4381450000000000e-02
   3.4942600000000003e-03
   1.7471100000000001e-03
  -1.6876210000000003e-02
  -2.6679999999999999e-02
  -1.7173750000000002e-02
  -6.6376000000000022e-04
   9.4985894999999997e-03
  -3.4866149999999998e-03
  -1.7303450000000001e-02
  -9.0179500000000003e-03
   1.1253374999999999e-02
   1.8936149999999999e-02
   7.2097999999999997e-03
  -1.7250049999999999e-02
  -1.6098000000000001e-02
   1.0124230000000000e-02
   2.0599349999999999e-02
   1.1871335000000000e-02
  -2.4795500000000001e-03
  -1.4953600000000001e-02
   2.3269649999999998e-03
   6.0653500000000006e-03
  -4.9743449999999998e-03
  -1.4419570000000000e-02
  -1.5579249999999999e-02
   5.7220499999999989e-04
   1.1116025000000000e-02
   8.6517205999999992e-03
  -6.8359464999999996e-03
  -1.6487099999999998e-02
  -1.0223400000000003e-03
   7.0724500000000001e-03
   8.0642644999999995e-03
