   6.7367549999999997e-03
   4.4631964999999997e-03
   3.2119739999999998e-03
   5.2108750000000002e-03
   1.2130755000000000e-02
   1.2786865000000000e-02
   1.3458234999999999e-02
   9.3231200000000007e-03
   7.0266699999999996e-03
   8.2015949999999990e-03
   5.0277750000000000e-03
   2.3040750000000000e-03
  -1.7700200000000000e-03
   8.4457300000000003e-03
   1.9248950000000001e-02
   2.0973199999999997e-02
   2.2621150000000000e-02
   1.5708949999999999e-02
   1.1505149999999999e-02
   1.2733450000000000e-02
   1.5213000000000001e-02
   2.5459299999999997e-02
   2.1530150000000001e-02
   1.9920350000000003e-02
   2.2964449999999997e-02
   3.0937200000000002e-02
   2.3834200000000000e-02
   1.9401550000000000e-02
   1.1871355000000000e-02
  -4.5700064999999995e-03
   2.3498549999999997e-03
   3.3187850000000003e-03
  -4.5165900000000009e-03
  -8.4609749999999991e-03
  -6.5918000000000001e-03
  -1.0833724999999999e-03
  -1.5945400000000000e-03
  -1.3580300000000005e-03
  -9.9185000000000332e-05
  -1.6174299999999998e-03
   3.3950800000000000e-03
   5.7220500000000011e-04
  -3.1967350000000005e-03
  -7.6523049999999999e-03
  -4.2953499999999999e-03
   8.1634500000000000e-04
   8.0871500000000021e-04
  -1.2512199999999999e-03
  -7.1029490000000008e-03
  -1.0536185000000000e-02
  -4.2724650000000000e-04
  -2.2888499999999985e-04
   2.0141600000000001e-03
  -4.1275200000000000e-03
   5.7982999999999993e-04
   6.5918000000000001e-03
   9.4680549999999995e-03
   7.6217465000000002e-03
   2.0599500000000005e-04
   1.0681150000000001e-03
   4.9591050000000001e-03
   4.2877200000000001e-03
   1.9912700000000003e-03
  -5.1879949999999999e-03
  -7.8887750000000006e-03
  -7.3242000000000001e-04
   4.2953499999999999e-03
  -1.2588500000000002e-03
  -9.3460035000000000e-03
  -9.3536350000000008e-03
  -8.9950500000000010e-03
   6.3324000000000002e-03
   1.2390135000000000e-02
   5.7144149999999996e-03
  -8.3847249999999991e-03
  -6.0577399999999998e-03
  -3.7612900000000000e-03
  -4.3716449999999995e-03
  -9.6435749999999997e-03
  -5.4702749999999993e-03
  -1.0986349999999999e-02
  -7.8125000000000000e-03
  -3.7384014999999999e-03
  -7.8582500000000020e-04
   4.7302000000000010e-04
  -1.1611960000000001e-02
  -4.2266850000000000e-03
  -9.8419499999999999e-04
  -1.3504049999999998e-03
  -6.0959079999999997e-03
  -5.9967049999999997e-03
  -3.3416769999999999e-03
   4.9362199999999998e-03
   1.1581439999999998e-02
   1.8676749999999999e-02
   2.1476750000000003e-02
   2.2743250000000000e-02
   2.5726350000000002e-02
   2.1011350000000002e-02
   9.4223200000000014e-03
  -1.2054449999999999e-03
   2.4261500000000002e-03
   1.5487700000000001e-03
   5.0353999999999980e-04
  -8.5449200000000010e-03
  -1.2817360000000000e-02
  -1.1848455000000001e-02
  -9.1705199999999997e-03
  -8.8424799999999998e-03
  -1.1695875000000000e-02
  -9.7732600000000006e-03
  -7.3776250000000005e-03
  -5.9661900000000006e-03
  -2.9144299999999995e-03
  -3.2577500000000002e-03
  -6.3629150000000002e-03
  -8.7432999999999990e-03
  -1.4496000000000018e-04
   6.2713845000000002e-03
   2.9830899999999999e-03
  -1.9912700000000003e-03
  -7.1716499999999986e-04
   9.8876899999999993e-03
   1.4450070000000001e-02
   8.3160189999999991e-03
   6.2560999999999997e-04
   3.7307740000000001e-03
   1.0124220000000000e-02
   1.1657704999999999e-02
   1.5899654999999999e-02
   5.3100450000000002e-03
   2.5939949999999995e-03
   6.3705450000000000e-03
   4.3411399999999994e-03
   2.4032599999999995e-03
  -8.0108880000000007e-03
  -8.3465499999999995e-03
   3.5095200000000003e-03
   4.2800700000000004e-03
   9.4223250000000005e-03
   4.4784600000000001e-03
   1.2817400000000004e-03
   2.9907200000000001e-03
   9.8342750000000000e-03
   6.4621149999999992e-03
   6.6375999999999978e-04
   2.9830949999999998e-03
   9.4375400000000012e-03
   1.2641925000000000e-02
   1.2802150000000002e-02
   9.6359000000000011e-03
   1.2054450000000003e-03
   3.3569350000000001e-03
   1.2863170000000000e-02
   6.3018665000000003e-03
  -4.2419599999999995e-03
   5.7067899999999998e-03
   1.1322005000000000e-02
   1.9096350000000002e-02
   1.6639714999999999e-02
   1.2481670000000000e-02
   1.7807000000000000e-02
   4.5089700000000002e-03
   7.7438149999999994e-03
   5.9738149999999995e-03
   5.1574550000000000e-03
  -2.5405699999999998e-03
  -4.5775000000000069e-05
   5.4779260000000001e-03
   8.7127500000000000e-03
   9.5367200000000003e-03
  -1.8539400000000001e-03
  -6.4850000000000020e-04
   8.3389250000000005e-03
   1.2344385000000001e-02
   1.2382489999999999e-02
   1.1413575000000000e-02
   2.0141600000000001e-03
  -8.1100649999999996e-03
  -4.8980770000000007e-03
  -6.1035499999999949e-04
  -4.2724599999999996e-03
  -2.9907199999999997e-03
  -2.8915417999999999e-03
   3.5324080500000001e-03
   9.5367500000000018e-04
  -8.4991449999999996e-03
  -9.4680900000000002e-03
  -1.1726384999999999e-02
  -5.4245125000000000e-03
  -1.8310550000000003e-03
  -5.2032500000000004e-03
  -1.5792800000000002e-03
   6.1035000000000006e-04
   6.3171149999999999e-03
   1.0261540000000000e-02
  -4.7073400000000000e-03
  -6.9732649999999993e-03
  -1.0437000000000000e-02
  -5.5313100000000002e-03
   3.3111549999999997e-03
  -5.6991550000000000e-03
  -4.5776499999999973e-04
  -6.1035000000000082e-05
   9.0026999999999989e-04
   2.1285999999999996e-03
   4.8904600000000001e-03
   5.3404999999999859e-05
  -4.3182354999999999e-03
   5.7373049999999998e-03
   2.0751949999999997e-03
   3.2730099999999998e-03
   1.0223399999999996e-03
   9.9182000000000003e-04
  -1.7547500000000002e-04
   5.4931499999999987e-04
  -6.8740965000000003e-03
  -1.2596130000000001e-02
  -1.0948180000000000e-02
  -5.1650999999999997e-03
  -8.7966850000000003e-03
  -5.7602145000000002e-03
  -1.2580859999999999e-02
  -1.2733450000000000e-02
  -8.5372950000000003e-03
  -1.1443999999999994e-04
  -2.0752000000000001e-03
  -9.0103300000000004e-03
  -6.3324000000000002e-03
  -6.1874349999999998e-03
   7.4844349999999994e-03
   7.1868899999999996e-03
  -1.4801050000000002e-03
  -1.4419550000000002e-03
  -6.3476599999999998e-03
  -4.2343149999999998e-03
  -4.0206949999999995e-03
  -5.1727399999999995e-03
  -9.3383600000000004e-03
  -9.6511700000000006e-03
  -9.0789999999999990e-04
   6.7062449999999996e-03
   5.0964449999999998e-03
   5.1040800000000004e-03
   5.3100530500000001e-03
   9.0713400000000007e-03
   1.2451155000000000e-02
   1.0017389999999999e-02
   5.9509300000000001e-03
   5.7525590000000000e-03
   9.3383700000000004e-03
   1.1825550000000001e-02
   7.9803300000000008e-03
   9.0790000000000011e-04
   3.3569500000000000e-04
   6.9122349999999992e-03
  -1.3885499999999997e-03
  -7.9650969500000002e-03
  -8.4075990000000000e-03
  -5.3410000000000046e-05
   1.1917120000000000e-02
   2.2430400000000000e-02
   2.6489300000000000e-02
   1.3992329999999999e-02
   5.8059555000000004e-03
   1.3481159999999999e-02
   2.0889249999999998e-02
   2.2880549999999999e-02
   1.4694225000000000e-02
   3.9062300000000001e-03
   3.2424899999999998e-03
   5.0430249999999996e-03
   7.5225685000000000e-03
   6.3323950000000002e-03
   2.4261449999999998e-03
  -4.7225959999999999e-03
   8.3160500000000023e-04
  -5.2643000000000004e-04
  -7.5225654999999990e-03
  -1.3938909999999999e-02
  -1.2901320000000001e-02
  -5.1422149999999995e-03
  -2.9830749999999995e-03
  -2.3651249999999996e-03
  -4.8217749999999995e-03
  -6.9503793999999997e-03
   6.4315799999999992e-03
   7.6370499999999994e-03
  -7.4081300000000006e-03
  -5.4168850000000006e-03
  -8.3465350000000004e-03
  -6.0959050000000004e-03
   1.1901849999999999e-03
   1.9073500000000004e-04
  -2.4414000000000033e-04
  -2.9220574999999998e-03
   3.2577500000000002e-03
   6.0424799999999994e-03
   5.8898790000000006e-03
  -1.5716550000000001e-03
  -4.9514799999999994e-03
  -2.5939999999999991e-04
  -7.6300000000000066e-06
  -4.0435799999999997e-03
  -1.0124194999999999e-02
  -1.0948200000000000e-02
  -1.1756895000000000e-02
  -8.1253200000000001e-03
  -2.9830899999999999e-03
  -7.3776200000000005e-03
  -1.1001575000000000e-02
  -6.9427600000000001e-03
  -4.1198999999999988e-04
  -1.5258800000000001e-03
  -1.0696404999999999e-02
  -1.5930199999999999e-02
  -1.8753050000000000e-02
  -1.0353109999999999e-02
  -8.4228400000000009e-03
  -1.0078429999999999e-02
  -1.6059900000000002e-02
  -1.4762899999999999e-02
  -8.0413600000000009e-03
  -3.4332350000000002e-03
  -1.2878435000000001e-02
  -1.5358000000000000e-02
  -9.7732649999999997e-03
   1.6555799999999998e-03
   4.4250506000000000e-03
   4.0512100000000004e-03
  -3.9978045000000004e-03
  -4.5318600000000004e-03
   7.0724500000000010e-03
   4.9285900000000001e-03
   2.2735600000000000e-03
  -3.5247824999999999e-03
  -3.1738259999999998e-03
  -9.0026999999999989e-03
  -8.9416649999999997e-03
  -8.5296434999999997e-03
  -8.2931700000000007e-03
  -1.4686589999999999e-02
  -7.5073100000000005e-03
   1.3580349999999996e-03
   5.3711004999999999e-03
  -1.6708349999999999e-03
  -5.5313150000000002e-03
  -3.1967150000000001e-03
   5.5313100000000002e-03
   2.9220600000000002e-03
  -9.7351199999999999e-03
  -1.3175985000000001e-02
  -8.5296699999999996e-03
  -1.8157944999999999e-03
  -1.7547500000000002e-04
  -6.3781610000000002e-03
  -4.2953480000000000e-03
  -3.2119749999999997e-03
  -2.2735600000000000e-03
  -4.1275045000000003e-03
  -8.0871499999999978e-04
   6.4010449999999993e-03
   8.0795299999999997e-03
   1.5769950000000001e-02
   1.9432049999999999e-02
   1.7684949999999998e-02
   1.4892550000000001e-02
   1.0704055000000001e-02
   6.1340350000000004e-03
   6.1645550000000004e-03
   4.4555549999999999e-03
   2.0294200000000001e-03
  -2.4871830500000002e-03
   5.3329499999999995e-03
   2.2583050000000004e-03
   3.3187700000000004e-03
   1.7471300000000000e-03
   1.2817400000000000e-03
   7.8887950000000005e-03
   9.0789849999999995e-03
   7.5454499999999996e-03
  -3.3874500000000002e-03
  -7.0037999999999993e-03
  -2.3880025000000004e-03
  -1.2359599999999999e-03
   9.4604499999999996e-04
  -3.1127899999999998e-03
  -7.0953450000000003e-03
  -4.7302249999999994e-03
   5.3558349999999998e-03
   5.3252935000000006e-03
  -5.5008004999999999e-03
  -1.0551450000000000e-02
  -7.6141350000000002e-03
  -5.4168900000000004e-04
   5.0888035000000000e-03
   3.1509394999999999e-03
  -1.7852800000000002e-03
  -4.1198750000000003e-03
   5.4016099999999994e-03
   8.3389250000000005e-03
   4.1732800000000006e-03
   5.1040649999999996e-03
  -6.6528300000000002e-03
   3.4790050000000003e-03
   2.0599350000000002e-03
   1.1596699999999998e-03
   6.4849850000000004e-03
  -6.5612800000000001e-03
  -6.0577430000000000e-03
  -4.9896100000000002e-03
  -4.5318399999999997e-03
  -7.6295000000000095e-05
   7.7362049999999995e-03
   7.9040550000000001e-03
   1.1749250000000003e-03
  -2.4414000000000033e-04
  -8.6669699999999995e-03
  -7.5759899999999995e-03
  -6.1187550000000000e-03
   4.9285906000000003e-03
   5.3558449999999997e-03
  -8.7738000000000052e-04
  -1.3503999999999999e-03
  -1.9378700000000002e-03
   1.0910000000000002e-03
   1.0986350000000001e-03
  -1.0398885000000000e-02
  -1.5625000000000000e-02
  -3.1967160000000001e-03
   6.4163199999999997e-03
   1.1466959999999998e-02
   2.6397749999999996e-03
   3.0364969499999997e-03
   8.9645349999999992e-03
   9.2925899999999999e-03
   1.1901845000000001e-02
   7.3928900000000001e-03
  -3.1356794999999999e-03
  -6.4392099999999990e-03
   1.4495849999999998e-03
   5.3329500000000004e-03
  -4.8293949999999993e-03
  -4.5623649999999996e-03
  -2.9830899999999999e-03
   6.6070350000000007e-03
   3.4484850000000003e-03
   1.4190750000000001e-03
   2.8915400000000002e-03
   4.1962000000000032e-04
   9.0026650000000000e-03
   9.7198600000000003e-03
   3.8147000000000003e-03
   9.0789499999999971e-04
   1.6784500000000002e-04
   3.3111564999999997e-03
   5.9508999999999994e-04
  -1.4495850000000002e-03
  -5.8212087999999999e-03
  -2.0523099999999999e-03
   1.1443999999999994e-04
   7.3547374999999998e-03
   1.5342705000000000e-02
   1.8287650000000003e-02
   1.7379755000000000e-02
   2.2064199999999999e-02
   2.2323599999999999e-02
   2.1148650000000001e-02
   1.2207035000000000e-02
   1.0650650000000001e-02
   1.5518200000000001e-02
   1.8554700000000000e-02
   1.3061510000000000e-02
   2.5634950000000003e-03
  -2.2277849999999999e-03
  -1.3351449999999998e-03
  -2.9449500000000004e-03
  -1.9988900000000001e-03
  -7.6751750000000002e-03
  -2.5787199999999996e-03
   3.2806350000000001e-03
   1.4053329999999999e-02
   1.3603225000000000e-02
   4.7912650000000011e-03
   1.0650655000000000e-02
   7.0342999999999994e-03
   7.4691549999999999e-03
   8.5144124999999987e-03
   2.7999949999999996e-03
   2.7465500000000038e-04
   3.2043499999999999e-04
   1.1817935000000002e-02
   1.3244655000000001e-02
   9.6206750000000004e-03
   5.4855189999999995e-03
  -2.8381350000000003e-03
   2.2506699999999998e-03
   5.2108550000000003e-03
   5.6075850000000000e-03
  -2.4413999999999990e-04
   3.1661974999999997e-03
   1.3977074999999999e-02
   2.2865299999999998e-02
   2.4391200000000002e-02
   1.5388449999999998e-02
   1.1161799999999999e-02
   1.5518150000000000e-02
   1.0139459999999999e-02
   5.7678050000000000e-03
  -4.2495850000000002e-03
  -4.4632000000000005e-03
  -6.1798100000000000e-03
   3.2730100000000002e-03
   3.7918349999999999e-03
  -4.8217750000000004e-03
  -9.7656000000000001e-04
   2.7465850000000002e-03
   7.4615400000000000e-03
   9.0027100000000006e-03
   5.1117000000000003e-04
   1.5259000000000019e-04
  -6.4468499999999996e-03
   2.1972649999999995e-03
   8.4076099999999994e-03
   4.1122300000000006e-03
  -2.1820049999999999e-03
  -5.2643000000000026e-04
   8.3465550000000003e-03
   6.5536550000000002e-03
  -7.7056499999999997e-04
  -4.5013450000000003e-03
  -7.0419100000000002e-03
   1.5640250000000001e-03
   3.5782100000000001e-03
  -1.7471300000000000e-03
   1.6784699999999996e-03
   5.6762699999999998e-03
   1.6365049999999999e-02
   1.2481695000000001e-02
   6.4544664999999996e-03
  -2.6703000000000013e-04
  -3.3721899999999997e-03
   2.8686509999999998e-03
   5.9890750000000000e-03
   5.4016150000000002e-03
  -3.2272349999999993e-03
  -2.0294199999999997e-03
   3.9138799999999998e-03
   6.0806263499999999e-03
   5.5007750000000003e-03
   4.3487499999999993e-04
  -2.7236900000000000e-03
   1.6555750000000003e-03
   2.4795499999999996e-03
   2.7084449999999999e-03
  -5.3558449999999997e-03
  -7.1716100000000001e-03
  -5.4779049999999999e-03
   7.8583000000000017e-04
   3.8144999999999846e-05
  -1.2069719999999999e-02
  -1.3984685000000000e-02
  -1.4793350000000000e-02
  -6.7596449999999999e-03
  -9.2010449999999997e-03
  -7.1869064999999996e-03
  -3.8757349999999999e-03
  -3.4332249999999998e-03
   2.9983550000000003e-03
   9.8724149999999990e-03
   3.8604650000000000e-03
   6.4315810000000005e-03
   6.4468349999999997e-03
   8.4228350000000000e-03
   1.1184680000000001e-02
   4.7607249999999995e-03
  -4.7759800000000000e-03
  -7.6446700000000001e-03
   2.9220599999999998e-03
  -7.4234150000000000e-03
  -8.4152239999999989e-03
  -6.1035150000000003e-03
  -4.0740949999999998e-03
   3.5705549999999996e-03
   8.0337599999999992e-03
   3.4256150000000003e-03
  -6.9122325000000005e-03
  -5.0659160000000002e-03
   1.2206999999999999e-03
   1.4800999999999998e-03
  -5.7601900000000001e-03
  -9.2925850000000008e-03
  -1.2146020000000000e-02
  -4.7225964999999996e-03
  -5.2642500000000007e-04
   2.2277849999999999e-03
  -7.0343239999999998e-03
  -9.8800599999999995e-03
  -5.4016100000000003e-03
   1.9836430000000002e-03
   9.5367499999999975e-04
  -5.2490250000000000e-03
  -5.3863545000000001e-03
  -4.5166000000000000e-03
   6.5231149999999995e-03
   1.4259350000000000e-02
   1.2802125000000001e-02
   8.8882200000000005e-03
  -1.9760150000000002e-03
   4.4326899999999995e-03
  -1.7166100000000004e-03
  -8.6517500000000015e-03
  -1.0002140000000000e-02
  -1.4602665000000001e-02
  -4.6463099999999998e-03
  -9.1550000000000138e-05
   3.0517700000000001e-03
   3.0441250000000000e-03
   6.0272000000000017e-04
   7.5378549999999996e-03
   1.0086059999999999e-02
   9.3994099999999987e-03
   8.6364500000000004e-03
  -1.9378650000000000e-03
  -3.5400394999999998e-03
  -3.0975349999999994e-03
  -3.5095350000000003e-03
  -1.1123680000000000e-02
  -1.2824994999999999e-02
  -2.3879999999999999e-03
  -2.9297049999999995e-03
  -2.5177000000000003e-03
  -8.9645300000000001e-03
  -1.0047915000000001e-02
   3.6468500000000001e-03
   9.5672750000000001e-03
   1.0513325000000000e-02
   6.4849850000000004e-03
   5.6762699999999998e-03
   9.2392099999999994e-03
   1.5235900000000000e-02
   1.1260984999999999e-02
   1.3580300000000001e-03
  -4.3106150000000003e-03
  -6.8740900000000002e-03
   6.5612499999999959e-04
   5.2566350000000008e-03
  -3.5095500000000002e-04
  -2.6550499999999999e-03
  -1.0910049999999995e-03
   9.3765300000000010e-03
   1.2260450000000001e-02
   6.7138859999999996e-03
   3.1127949999999998e-03
  -8.1634500000000000e-04
   4.5775999999999998e-04
   1.7013550000000003e-03
  -2.2354149999999997e-03
  -5.1498500000000001e-03
  -6.4468399999999997e-03
  -3.6849994999999997e-03
  -3.1738269499999999e-03
  -4.7378350000000001e-03
  -6.4620793999999992e-03
  -6.8740850000000003e-03
  -1.9912699999999998e-03
  -2.0599499999999962e-04
   4.8827999999999979e-04
  -2.9907200000000005e-03
  -3.8375864999999998e-03
   5.8593750000000000e-03
   9.4680600000000004e-03
   1.0765060000000000e-02
   6.9732530500000002e-03
   9.0560850000000002e-03
   1.5190100000000000e-02
   9.7045750000000000e-03
   2.6245100000000000e-03
  -1.4129650000000001e-02
  -6.6375940000000001e-03
  -2.0828250000000000e-03
   6.0196099999999999e-03
   4.8752000000000005e-03
  -2.6397700000000001e-03
  -5.7373049999999998e-03
  -1.0177615000000001e-02
  -8.9569100000000002e-03
  -6.8435919999999999e-03
  -1.5563985000000001e-02
  -1.8417349999999999e-02
  -1.5510554999999999e-02
  -7.7209399999999999e-03
  -2.3422249999999999e-03
  -1.8310549999999994e-03
  -6.0119650000000002e-03
  -7.2707900000000001e-03
   4.3029799999999997e-03
   7.1029449999999994e-03
   3.1738300000000003e-03
   1.9302399999999997e-03
  -2.1362300000000002e-03
   9.4909900000000012e-03
   1.6922000000000000e-02
   1.4396690000000000e-02
   9.1705099999999998e-03
   6.1645570000000002e-03
   1.2657160000000001e-02
   1.8455525000000000e-02
   1.5693680000000002e-02
   1.2535105000000001e-02
   1.0208115000000000e-02
   7.3394999999999997e-03
   1.0711644999999999e-02
   1.5068040000000000e-02
   8.7432644999999986e-03
   5.9127600000000004e-03
   6.0729920000000001e-03
   1.2588489999999999e-02
   9.3688909999999990e-03
   9.9640089999999994e-03
   9.8800500000000013e-03
   1.0864265000000000e-02
   1.1093115000000001e-02
   1.2634275000000000e-02
   7.6446744999999995e-03
   4.9133294999999999e-03
   4.2648299999999998e-03
   1.3755779999999999e-02
   1.0223405000000000e-02
   8.4686500000000003e-04
  -3.2119750000000002e-03
  -3.2043000000000002e-04
   2.7770995000000001e-03
   2.2277850000000004e-03
  -7.0495475000000004e-03
  -7.4386450000000007e-03
  -6.3629150000000002e-03
   5.6762699999999998e-03
   1.1444100000000000e-02
   4.7607249999999995e-03
   2.7160650000000001e-03
   4.9362385000000005e-03
   1.4305149999999999e-02
   1.8203750000000001e-02
   4.9591300000000000e-03
  -3.0593899999999999e-03
  -4.0893550000000002e-03
   1.7547600000000000e-03
   6.7139000000000001e-04
  -3.0670199999999997e-03
  -8.6364949999999992e-03
  -3.4561150000000001e-03
   5.7983250000000000e-03
   5.9508999999999994e-04
  -6.6909549999999993e-03
  -1.3015765000000000e-02
  -1.3267530000000000e-02
  -7.8811550000000008e-03
  -4.4174174999999996e-03
  -4.6386800000000001e-03
  -1.2893669999999999e-02
  -1.0452255000000001e-02
  -1.7204299999999999e-02
  -1.1466990000000000e-02
  -9.2163100000000001e-03
  -1.6807550000000001e-02
  -1.9279499999999998e-02
  -1.7890900000000001e-02
  -1.0719279999999999e-02
  -9.0942200000000001e-03
  -1.3206470000000000e-02
  -1.3534569999999999e-02
  -1.5724200000000001e-02
  -5.7525649999999994e-03
  -1.4114399999999999e-03
  -4.8980650000000001e-03
  -1.5487699999999999e-03
  -2.9602050000000000e-03
   2.7618400000000002e-03
   2.3422199999999999e-03
  -2.5711150000000001e-03
  -9.2162900000000002e-03
  -8.1557999999999995e-03
  -3.0136115000000000e-03
  -5.2032319999999995e-03
  -4.6615450000000004e-03
  -7.5302314999999998e-03
  -6.9503799999999999e-03
  -2.7694700000000000e-03
  -1.0910049999999999e-03
  -5.9585749999999998e-03
  -9.1857850000000001e-03
  -1.3084430000000001e-02
  -7.1411349999999998e-03
  -6.1874299999999998e-03
  -4.7454700000000008e-03
  -2.3117300000000001e-03
  -7.1716449999999999e-03
  -1.2588500000000002e-03
   1.0139445000000000e-02
   5.3253329999999998e-03
  -2.7771000000000002e-03
  -8.2702750000000005e-03
  -7.8659049999999994e-03
   4.6539299999999997e-03
   7.9574380000000007e-03
   5.5694500000000010e-04
   3.1814600000000001e-03
   1.0360695000000000e-02
   9.1552600000000001e-03
   1.2100235000000001e-02
   4.3792739999999998e-03
   2.9296865000000001e-03
   1.1215200000000000e-03
   8.8043250000000000e-03
   7.7514649999999999e-03
   2.0446800000000005e-03
  -3.5400399999999995e-03
  -6.4010600000000001e-03
   9.9945499999999979e-04
   4.0664600000000000e-03
   7.1258449999999996e-03
   6.0272150000000007e-03
   9.0026999999999989e-04
   4.5394900000000002e-03
   2.5100700000000005e-03
   1.9378650000000004e-03
  -1.5258500000000022e-04
   3.0746499999999995e-03
   1.8783599999999998e-02
   2.1835300000000002e-02
   1.7196655000000002e-02
   1.1108409999999999e-02
   5.8822440000000000e-03
   8.5296800000000013e-03
   7.8582749999999996e-03
   2.8228500000000017e-04
  -9.7198700000000002e-03
  -6.2789899999999999e-03
   4.8980700000000000e-03
   9.3536599999999998e-03
   1.3854999999999999e-02
   7.3699750000000000e-03
   1.0482805000000000e-02
   1.5167200000000000e-02
   2.1911600000000000e-02
   2.0118700000000000e-02
   1.2428265000000001e-02
   8.1482099999999995e-03
   6.2942550000000003e-03
   5.7678380000000000e-03
   1.8463150000000003e-03
  -1.0620120000000000e-02
  -1.3130170000000000e-02
  -1.3526949999999999e-02
  -5.5236800000000004e-03
   1.5029900000000001e-03
  -4.3716600000000003e-03
  -4.5700085000000001e-03
  -5.2948060000000000e-03
   4.8065499999999975e-04
   2.0752000000000006e-03
  -3.8833599999999998e-03
  -6.4468504999999994e-03
  -2.9907205000000003e-03
  -2.7008045000000000e-03
  -3.6163350000000005e-03
  -1.4541620000000000e-02
  -2.0095800000000000e-02
  -1.9004850000000000e-02
  -2.0729100000000000e-02
  -1.8119799999999998e-02
  -1.2619015000000001e-02
  -8.7204110000000008e-03
  -8.6669950000000003e-03
   1.2206999999999973e-04
   4.6997080000000004e-03
   8.4152099999999994e-03
   4.3868850000000001e-03
  -3.7841799999999998e-03
   3.8145000000000063e-05
  -9.6893000000000001e-04
  -2.3345949999999996e-03
  -1.5060430000000000e-02
  -1.7211900000000002e-02
  -9.1705099999999998e-03
  -7.2631850000000001e-03
  -5.8593949999999999e-03
  -3.1356800000000001e-03
  -8.5601754999999995e-03
  -4.3030000000000004e-03
   7.0495745000000000e-03
   8.8424799999999998e-03
   2.5863550000000003e-03
  -1.9454950000000002e-03
  -4.4021599999999996e-03
   4.1351299999999999e-03
   3.6773700000000001e-03
  -2.3345950000000001e-03
  -5.6686524999999995e-03
  -4.8370349999999999e-03
   3.6087030000000004e-03
   3.6849989999999996e-03
  -3.3416750000000001e-03
  -1.0734565000000000e-02
  -1.1405934999999999e-02
  -5.3329450000000004e-03
   1.1138899999999998e-03
  -6.6375999999999978e-04
  -4.2724594999999999e-03
  -5.3787249999999991e-03
   3.3264149999999997e-03
   1.2100219999999998e-02
   6.9274899999999997e-03
   4.4631949999999997e-03
  -3.4103350000000000e-03
  -1.5182499999999999e-03
   5.3329355000000002e-03
   6.6299490000000004e-03
  -2.3803700000000001e-03
   1.7700200000000000e-03
   3.7002550000000000e-03
   7.3470994999999999e-03
   1.1184705000000001e-02
   3.6392300000000002e-03
   3.2959000000000000e-03
   1.9454949999999998e-03
   5.6534035000000002e-03
   1.1001565000000001e-02
   2.9754500000000001e-03
   5.0048949999999997e-03
   1.5190149999999999e-02
   1.6296400000000003e-02
   1.1016840000000000e-02
   5.4855599999999996e-03
   7.0190199999999999e-03
   4.0512099999999995e-03
   9.4757050000000009e-03
   8.3007789999999994e-03
   1.7776400000000000e-03
   4.6539499999999996e-04
   5.2337649999999996e-03
   1.6830450000000000e-02
   1.7814650000000001e-02
   1.4839175000000001e-02
   6.5689149999999998e-03
   9.6130299999999998e-03
   2.3246799999999998e-02
   2.1499650000000002e-02
   1.9943250000000003e-02
   1.6197200000000002e-02
   1.9149799999999999e-03
   5.6686400000000000e-03
   9.2163100000000001e-03
   1.1856064999999999e-02
   1.4373759999999999e-02
   6.5917949999999993e-03
   6.3858250000000004e-03
   9.7579799999999994e-03
   8.2092499999999995e-03
  -2.2659300000000002e-03
  -1.3732900000000001e-03
   2.7847250000000000e-03
   1.0086069999999999e-02
   5.3634855000000000e-03
  -2.0904549999999997e-03
   3.2348650000000000e-03
   9.6893250000000004e-03
   1.2275675000000000e-02
   1.5808100000000002e-02
   4.4555645000000001e-03
   4.9514774999999999e-03
  -2.2888150000000001e-04
   7.3242500000000009e-04
   9.7046099999999989e-03
   8.9339999999999992e-03
   2.2354140000000002e-03
   5.5465649999999998e-03
   1.0139479999999999e-02
   1.5975975000000000e-02
   7.9345700000000002e-03
   9.4299099999999997e-03
   7.9498099999999999e-03
   1.2817400000000000e-02
   1.0597240000000001e-02
   9.8800450000000005e-03
   3.5400399999999995e-03
   4.7836300000000005e-03
   7.6446600000000002e-03
   8.1634644999999985e-03
   6.9046000000000003e-03
   7.2403118000000004e-03
   8.0261450000000002e-03
   1.9233699999999999e-02
   2.0126350000000001e-02
   1.4198310000000000e-02
   5.0659304999999995e-03
   4.9438499999999996e-03
   6.3400300000000000e-03
   8.1710949999999997e-03
   9.8648199999999998e-03
  -2.4337750000000000e-03
  -5.3634659999999999e-03
   4.5775000000000069e-05
   4.1580195000000004e-03
   1.2359649999999999e-03
  -5.2337850000000003e-03
  -1.1322040000000000e-02
  -5.1193250000000001e-03
   4.8294100000000001e-03
   1.0643020000000000e-02
   2.9678349999999994e-03
   7.4768000000000013e-04
   3.3340440000000004e-03
   9.8953150000000000e-03
   1.5945450000000000e-02
   9.4985750000000004e-03
   8.1710919999999996e-03
   6.8435429999999997e-03
   8.1939649999999992e-03
   2.8991699999999995e-03
  -7.2250199999999995e-03
  -7.8811650000000007e-03
  -9.7046099999999989e-03
  -1.4648400000000002e-03
   7.4997110000000001e-03
   7.2326524999999997e-03
  -1.5259000000000019e-04
  -4.4937150000000006e-03
   5.6457499999999997e-03
   7.9269450000000012e-03
   6.2789700000000000e-03
  -5.6457500000000032e-04
   3.0520000000000026e-05
   5.0353849999999999e-03
   6.3629000000000003e-03
  -2.2888050000000001e-03
  -9.0790000000000003e-03
  -5.8822600000000003e-03
   2.5787375000000000e-03
   7.7133350000000000e-03
   2.2735600000000000e-03
  -2.6321400000000003e-03
  -2.2048929999999999e-03
   3.0822739999999999e-03
   1.9454950000000000e-03
   1.1444100000000002e-03
  -2.2889999999999803e-05
   2.9983530000000000e-03
   3.0441280000000001e-03
   3.1051650000000000e-03
  -8.3925000000000319e-05
  -9.4528024999999995e-03
  -9.5977900000000001e-03
  -2.8305100000000001e-03
  -3.8909499999999989e-04
   5.4169000000000005e-04
  -1.5106200000000001e-03
   4.7302499999999996e-04
  -3.2272354999999999e-03
   8.3160500000000023e-04
   3.4408549999999996e-03
  -3.2882750000000002e-03
  -7.0953000000000032e-04
  -1.3580300000000001e-03
  -1.1138900000000002e-03
   4.4097849999999994e-03
   1.2054450000000003e-03
  -1.0452250000000003e-03
  -6.2560999999999997e-04
   1.0467525000000000e-02
   7.8430150000000001e-03
   8.6441124999999987e-03
   1.0765100000000000e-02
   4.5166025000000004e-03
   9.0027100000000006e-03
   9.2086649999999996e-03
   7.3928736499999995e-03
   5.7602165000000000e-03
   4.0206899999999995e-03
   8.2397300000000007e-03
   1.4892590000000001e-02
   1.4938379999999999e-02
   8.2397349999999998e-03
   1.1993400000000001e-02
   1.1215195000000001e-02
   1.1772130000000000e-02
   7.9727119999999999e-03
  -4.9285750000000001e-03
  -6.5841449999999996e-03
   1.5258799999999999e-03
   4.8827999999999979e-04
   1.6784649999999996e-03
   4.0283000000000003e-03
  -2.1591200000000000e-03
   1.9226099999999999e-03
   7.2784549999999996e-03
   4.9667349999999999e-03
  -5.2261449999999997e-03
  -9.2620824999999993e-03
  -8.6822419999999997e-03
  -8.8196000000000004e-03
  -4.4631850000000006e-03
  -3.1585749999999998e-03
  -5.4855099999999999e-03
  -4.9438494999999999e-03
  -4.5166099999999990e-03
  -8.2855200000000011e-03
  -1.3275155000000000e-02
  -2.1018985000000000e-02
  -2.3124699999999998e-02
  -1.3687160000000000e-02
  -8.0566349999999995e-03
  -8.0413650000000000e-03
  -8.3923399999999999e-03
  -4.1580249999999992e-03
   2.1362149999999999e-03
   6.8206899999999999e-03
   4.7607200000000004e-03
   3.9674999999999953e-04
  -1.0757449999999995e-03
   5.4778900000000000e-03
  -6.1799000000000055e-04
  -2.3879999999999995e-03
  -4.6997100000000002e-03
  -1.3313304999999999e-02
  -8.3923200000000000e-03
  -4.8446849999999996e-03
  -3.2424899999999998e-03
  -6.3324100000000001e-03
  -7.2708200000000008e-03
  -4.4250500000000016e-04
   6.0272000000000017e-04
   1.2360000000000001e-03
  -5.9890800000000008e-03
  -5.4778800000000001e-03
  -3.9901950000000002e-03
   2.1514999999999998e-03
  -1.8615799999999998e-03
  -3.6010650000000001e-03
   1.6708350000000003e-03
   2.9220600000000006e-03
   6.2713500000000002e-03
   4.4784349999999994e-03
  -1.3046250000000002e-03
  -1.6250649999999998e-03
   5.8746300000000005e-03
   8.5907150000000005e-03
   6.6833400000000003e-03
   5.2948149999999996e-03
   9.9258400000000000e-03
   6.5231250000000003e-03
   4.5623768000000002e-03
   8.3618144999999984e-03
   5.3634500000000005e-03
  -3.0517499999999998e-04
  -6.3400490000000004e-03
   3.9215099999999996e-03
  -4.6538999999999999e-04
  -3.4332049999999999e-03
  -1.4083870000000000e-02
  -1.0955820000000000e-02
  -8.0566300000000004e-03
  -7.5683799999999996e-03
  -6.3171149999999999e-03
  -1.3107320000000000e-02
  -1.4350894999999999e-02
  -7.2631800000000002e-03
  -5.5541910000000000e-03
  -7.1334750000000002e-03
  -1.5670780000000002e-02
  -1.6242949999999999e-02
  -9.9868649999999993e-03
  -8.9111250000000006e-03
  -9.4833399999999998e-03
  -1.3092055000000000e-02
  -1.1352535000000000e-02
  -1.0223400000000001e-03
   5.9661849999999997e-03
   6.3552749999999996e-03
   1.0574344999999999e-02
   9.9258200000000001e-03
   4.8599250000000002e-03
   1.2893695000000000e-02
   1.5838600000000001e-02
   1.5548685000000000e-02
   1.2565625000000000e-02
   3.8375854999999999e-03
   8.7432650000000001e-03
   7.9727000000000010e-03
   2.2583000000000000e-03
   2.4719250000000007e-03
  -8.0871500000000021e-04
   2.3803700000000001e-03
   2.5405849999999997e-03
   1.4038100000000001e-03
  -3.9367650000000001e-03
  -4.8599250000000002e-03
   1.0223395000000000e-02
   5.1727149999999996e-03
  -1.2435899999999997e-03
  -4.8370363500000006e-03
  -4.2572050000000000e-03
   3.3569300000000002e-03
   9.8113899999999997e-03
   1.1825559999999999e-02
   8.5296799999999996e-03
   8.2016150000000006e-03
   1.5594500000000001e-02
   1.6189575000000001e-02
   9.2315799999999996e-03
   5.0353999999999980e-04
  -2.9067995000000000e-03
   4.6157799999999999e-03
   5.8822649999999994e-03
   5.8746535000000003e-03
  -2.3117099999999998e-03
  -2.0217899999999999e-03
   5.6533799999999995e-03
   7.3471050000000005e-03
   1.2115484999999999e-02
   7.6217450000000001e-03
   1.0063185000000001e-02
   1.3458250000000000e-02
   1.9966149999999998e-02
   1.1642445000000000e-02
  -4.8980849999999999e-03
  -8.1405499999999999e-03
  -1.7547600000000002e-03
   3.6849975000000004e-03
   6.9503750000000000e-03
   4.5776500000000017e-04
   4.2572000000000000e-03
  -3.1662000000000001e-03
  -1.0070780000000000e-03
  -1.9607549999999998e-03
  -1.0948190000000000e-02
  -1.3214115000000000e-02
  -1.0787965000000000e-02
   2.1209730000000000e-03
   2.5405900000000001e-03
   2.2888150000000000e-03
  -2.4642950000000000e-03
  -1.5411360000000000e-03
   5.5007949999999993e-03
   0.0000000000000000e+00
  -8.8043050000000001e-03
  -1.0757470000000000e-02
  -8.9950300000000011e-03
  -3.4408564999999997e-03
  -3.5018925000000001e-03
  -5.0353999999999980e-04
  -2.4032599999999999e-03
  -2.3651115000000002e-03
   2.9678299999999999e-03
   2.7008080000000003e-03
   5.2566749999999997e-03
  -2.0980849999999995e-03
  -6.7291490000000002e-03
  -4.9591000000000001e-04
   3.7231420000000000e-03
   3.4103550000000003e-03
  -4.5547699999999997e-03
  -3.7612900000000000e-03
  -2.7465999999999992e-04
   3.4942609999999998e-03
   1.9073499999999999e-03
  -4.7836500000000004e-03
  -6.5765400000000005e-03
  -7.7819949999999999e-03
  -2.6473995000000001e-03
  -3.1509399999999996e-03
  -5.0506399999999995e-03
  -7.6293999999999997e-03
  -1.0620134999999999e-02
  -4.6234150000000005e-03
  -2.0141600000000001e-03
  -7.2021550000000000e-03
  -1.2741080000000000e-02
  -1.4884950000000001e-02
  -8.6212149999999998e-03
  -4.3411250000000004e-03
  -2.1972650000000003e-03
  -6.7367450000000006e-03
  -2.1743754999999998e-03
   3.9901700000000003e-03
   3.7765526000000001e-03
   6.4850000000000020e-04
  -5.7220450000000003e-03
  -9.5138749999999998e-03
  -6.5307600000000000e-03
  -4.6844449999999998e-03
  -5.0277700000000000e-03
  -1.3824464999999999e-02
  -1.8447900000000000e-02
  -1.9218450000000002e-02
  -2.1545399999999999e-02
  -1.5701300000000001e-02
  -1.9866950000000001e-02
  -1.9653299999999999e-02
  -1.8898000000000002e-02
  -1.1253380000000000e-02
  -7.9040750000000000e-03
  -1.3336174999999999e-02
  -1.0635390000000000e-02
  -1.2168900000000000e-02
  -1.2344359999999999e-02
  -1.1238090000000001e-02
  -2.3277300000000001e-02
  -1.9714349999999999e-02
  -1.8180800000000000e-02
  -9.2010700000000004e-03
  -1.3023369999999999e-02
  -2.1629349999999999e-02
  -2.4871799999999999e-02
  -2.2216750000000000e-02
  -1.1054990000000001e-02
  -3.6315949999999996e-03
  -7.5302100000000007e-03
  -1.2962355000000000e-02
  -1.1764545000000001e-02
  -3.0822730000000000e-03
  -1.0597229999999999e-02
  -1.2626670000000000e-02
  -1.3206465000000001e-02
  -1.3153064999999999e-02
  -6.1569199999999998e-03
  -6.2637250000000004e-03
  -9.7350899999999983e-03
  -1.4770530000000000e-02
  -2.0706200000000001e-02
  -1.4472950000000002e-02
  -2.9297100000000003e-03
  -5.2337600000000005e-03
  -7.4691799999999997e-03
  -7.7667450000000002e-03
  -6.2103300000000000e-03
  -9.1705550000000004e-03
  -1.3084400000000000e-02
  -1.3580330000000000e-02
  -1.2786865000000000e-02
  -7.0495599999999999e-03
  -4.2419249999999997e-03
  -9.5748899999999991e-03
  -1.4358545000000000e-02
  -1.2451150000000001e-02
  -8.3924000000000032e-05
   5.3863549999999998e-03
   3.6010750000000000e-03
  -1.3427699999999999e-03
  -1.8920915000000000e-03
  -7.6294999999999987e-05
   3.2653850000000000e-03
   4.4250510000000002e-03
   2.3269649999999998e-03
   2.5024399999999999e-03
   8.8043200000000009e-03
   1.6639700000000000e-02
   1.4518750000000000e-02
   7.0571844999999999e-03
  -1.5260000000000013e-05
  -3.1204240000000001e-03
   8.3923500000000002e-04
  -4.6997081999999996e-03
  -1.1383060000000000e-02
  -1.3870245000000000e-02
  -6.3400249999999991e-03
   4.8065160000000003e-03
   6.0348509999999999e-03
   1.0269179999999999e-02
   5.0506570000000001e-03
   2.6168849999999998e-03
   6.0424800000000002e-03
   1.3122550000000002e-03
  -3.1814549999999997e-03
  -5.8822400000000004e-03
  -2.6092550000000000e-03
  -7.0953499999999996e-04
   1.3961749999999999e-03
   1.1444100000000002e-03
  -1.2931829999999998e-02
  -1.5937850000000000e-02
  -1.7089850000000000e-02
  -1.3984699999999999e-02
  -9.4375600000000011e-03
  -6.3857920000000004e-03
  -6.7596250000000000e-03
  -4.3258649999999999e-03
   2.9525759999999997e-03
   1.0673525000000000e-02
   2.0446799999999997e-03
  -3.3569349999999997e-03
  -2.8839109999999999e-03
  -2.9296879999999997e-03
  -1.4266950000000000e-03
  -5.5465625000000003e-03
  -6.7977699999999999e-03
  -1.3763400000000000e-02
  -1.0765075000000001e-02
  -1.0330199999999999e-02
  -1.7654404999999998e-02
  -1.3313310000000000e-02
  -1.3877845000000000e-02
  -3.7536399999999999e-03
   3.0441549999999998e-03
   1.7166150000000003e-03
   7.2250409999999998e-03
   3.1738299999999999e-03
   5.9433204999999999e-03
   7.8354000000000010e-03
   8.4533649999999991e-03
   1.1291500000000002e-03
  -1.0757449999999999e-03
   4.4097900000000002e-03
   7.7819700000000000e-03
   8.2244950000000001e-03
  -4.3335150000000005e-03
  -1.2206999999999973e-04
   5.4931649999999995e-03
   7.4844500000000001e-03
   7.2097724999999994e-03
   6.5688969500000000e-03
   3.3264150000000001e-03
   5.6762700000000006e-03
   1.2718205000000000e-02
   1.9752499999999999e-02
   1.5693655000000001e-02
   1.3549800000000001e-02
   1.4579800000000000e-02
   1.3839700000000000e-02
   9.5596499999999994e-03
  -1.6861000000000003e-03
  -8.8729650000000000e-03
  -1.3885500000000000e-02
  -1.1138890000000000e-02
  -7.4767940000000001e-03
  -1.3961810000000000e-02
  -1.1154155000000001e-02
  -8.8500999999999996e-03
  -6.0425000000000001e-03
  -9.4070229999999987e-03
  -9.8495500000000003e-03
  -1.6418450000000001e-02
  -1.7074599999999999e-02
  -1.0650629999999999e-02
  -3.5782100000000001e-03
  -3.7307699999999996e-03
  -3.5400399999999995e-03
   1.5182499999999999e-03
   2.7466000000000036e-04
   7.3241999999999969e-04
  -2.6473999999999998e-03
  -5.8975464999999998e-03
  -2.8305035000000000e-03
   7.6828000000000000e-03
   3.7384000000000028e-04
   2.2354150000000001e-03
  -7.6295000000000095e-05
   4.0817279999999997e-03
   9.8876950000000002e-03
   9.1933999999999991e-03
   8.4762499999999994e-03
  -1.7013549999999999e-03
  -4.7760019999999997e-03
   4.1961500000000014e-04
   6.5536600000000002e-03
   3.6621499999999960e-04
  -5.3558199999999990e-03
  -7.8811674999999994e-03
  -5.1193000000000002e-03
  -9.6893499999999976e-04
   5.4168999999999962e-04
  -1.2557974999999999e-02
  -1.1444085000000000e-02
  -7.2784199999999999e-03
   3.1890849999999999e-03
   6.5154881999999999e-03
   1.5029950000000000e-03
   3.5018900000000006e-03
  -5.2413850000000003e-03
  -2.5939950000000000e-03
  -4.7607300000000003e-03
  -8.3618319999999996e-03
  -1.2481675000000001e-02
  -1.1062615000000001e-02
   2.6016249999999998e-03
   8.7661700000000002e-03
   4.4402849999999995e-03
   8.6974949999999995e-03
   9.1400049999999997e-03
   1.0299684999999999e-02
   1.4053349999999999e-02
   4.4326699999999997e-03
   3.0593899999999999e-03
   8.7509100000000006e-03
   1.0017379999999999e-02
   9.3383849999999994e-03
   1.1947645000000000e-02
   3.8681049999999997e-03
  -3.1280500000000003e-03
  -1.1604310000000000e-02
  -1.1703514999999999e-02
  -1.1581404999999999e-02
  -1.5861509999999999e-02
  -1.0238629999999999e-02
  -3.5934445000000001e-03
   1.1444100000000002e-03
   3.1433150000000003e-03
  -4.8446800000000005e-03
  -1.0780320000000001e-02
  -1.0543835000000000e-02
  -9.6282799999999995e-03
  -1.4251725000000000e-02
  -1.8417349999999999e-02
  -1.6304050000000000e-02
  -1.5670799999999999e-02
  -9.5901650000000012e-03
  -7.9116949999999998e-03
  -1.4068580000000001e-02
  -1.8768300000000002e-02
  -2.0950299999999998e-02
  -7.2707900000000001e-03
  -1.1795064999999999e-02
  -1.8241899999999998e-02
  -8.4609749999999991e-03
  -2.7923574999999998e-03
   1.2390100000000001e-02
   1.3420105000000000e-02
   6.6528381999999995e-03
   2.3345950000000001e-03
   9.6130499999999997e-04
   3.0975350000000002e-03
  -2.6321400000000003e-03
  -4.0283350000000001e-03
  -6.8283099999999998e-03
  -1.4717100000000000e-02
  -8.0184899999999996e-03
  -6.3400490000000004e-03
  -3.1356850000000005e-03
  -5.7144070000000003e-03
  -3.5171500000000001e-03
  -6.8664999999999872e-05
  -2.6473999999999994e-03
  -7.9422050000000008e-03
  -1.1520370000000000e-02
  -9.8114099999999996e-03
  -3.2653789999999997e-03
   5.3481935000000000e-03
   3.2653800000000000e-03
  -5.0582650000000002e-03
  -6.2179599999999998e-03
  -7.1716300000000000e-03
  -4.7531144999999999e-03
  -6.6223150000000001e-03
  -4.2648549999999997e-03
   3.4942599999999999e-03
  -2.4108899999999997e-03
   5.5847199999999996e-03
   6.0882549999999999e-03
   7.0343235000000000e-03
   6.0501229999999993e-03
   7.3241999999999990e-04
   2.4719249999999998e-03
   4.3488000000000034e-04
  -2.2277750000000000e-03
  -3.6773699999999993e-03
  -8.3160500000000002e-04
   7.6522999999999990e-03
  -3.5476800000000001e-03
  -9.1171260000000014e-03
  -1.0757460000000000e-02
  -9.8648050000000008e-03
  -5.2948000000000005e-03
  -4.8751799999999998e-03
  -1.1238110000000001e-02
  -1.7524749999999999e-02
  -1.7250049999999999e-02
  -1.2779240000000001e-02
  -1.1589050000000000e-02
  -1.5014675000000000e-02
  -1.7646800000000001e-02
  -1.9470200000000000e-02
  -1.5388499999999999e-02
  -1.4770510000000001e-02
  -1.4259350000000000e-02
  -1.5029919999999999e-02
  -1.4404300000000000e-02
  -1.2619000000000000e-02
  -2.4642969999999998e-03
   9.6893500000000020e-04
  -2.5787350000000000e-03
  -6.8969749999999996e-03
  -6.1340349999999995e-03
   3.6621499999999992e-04
   3.4713749999999996e-03
   2.4948150000000001e-03
   4.4708250000000003e-03
   5.0201399999999993e-03
   9.8800550000000004e-03
   2.8152450000000001e-03
  -1.7471299999999997e-03
  -2.1286000000000000e-03
  -4.5928949999999996e-03
  -2.5558500000000001e-03
   2.5482149999999995e-03
   2.5253049999999998e-03
   1.0337830000000001e-02
   1.5197759999999999e-02
   2.1530150000000001e-02
   2.0118700000000000e-02
   1.2115454999999999e-02
   6.6452149999999995e-03
   3.3493034999999998e-03
   6.2637300000000003e-03
   3.5705550000000000e-03
   2.1591199999999996e-03
  -2.2888200000000004e-03
  -1.9073499999999999e-03
   6.3171400000000006e-03
   9.6282799999999995e-03
   6.5612499999999959e-04
  -1.2763975000000000e-02
  -1.3755785000000000e-02
   5.5694499999999988e-04
   7.6904100000000000e-03
   6.6986200000000006e-03
   5.2795450000000001e-03
   8.7967099999999993e-03
   1.7204299999999999e-02
   2.0675650000000000e-02
   1.2992870000000000e-02
   2.9144300000000000e-03
   6.0577399999999998e-03
   4.8217800000000003e-03
   4.7607409999999998e-03
   4.0588399999999993e-03
   5.5160549999999997e-03
  -6.0348499999999996e-03
  -6.5002549999999999e-03
   6.0119680000000003e-03
   6.9732600000000002e-03
   4.7836450000000004e-03
   2.3498500000000001e-03
   4.6386719999999999e-03
   9.5825050000000016e-03
   9.8343005000000004e-03
   7.1182350000000005e-03
   5.4016244999999996e-03
   5.4550099999999997e-03
   1.3580305000000001e-02
   9.7198249999999996e-03
   4.7225749999999997e-03
   5.6228650000000003e-03
  -2.3651000000000011e-04
   4.8294199999999992e-03
   3.4027100000000002e-03
   1.0680999999999972e-04
   4.7302500000000018e-04
   3.2806500000000021e-04
   2.9525799999999998e-03
   2.2201500000000002e-03
   1.1901850000000003e-03
  -2.5176999999999969e-04
  -3.7918104999999998e-03
   1.7166129999999999e-03
   4.6997064999999994e-03
   5.9814300000000003e-03
   1.8691999999999997e-03
   4.7302500000000007e-04
  -1.2817400000000000e-03
  -7.1945100000000003e-03
  -6.7444000000000002e-03
  -1.6662590000000001e-02
  -1.3389600000000002e-02
  -5.4931650000000004e-03
  -6.8817399999999999e-03
  -2.5177000000000012e-04
  -9.3307400000000006e-03
  -2.6626605000000000e-03
  -5.0659199999999998e-03
  -7.7361900000000004e-03
  -5.5618450000000002e-03
  -1.0772685000000001e-02
  -9.8419149999999997e-03
  -1.3107325000000000e-02
  -8.7738099999999999e-03
  -6.5078784999999997e-03
  -1.0673515000000000e-02
  -1.7715450000000001e-02
  -1.7486550000000000e-02
  -1.4198300000000001e-02
  -1.2657190000000000e-02
  -1.0116565000000001e-02
  -1.1154174999999999e-02
  -1.4633200000000001e-02
  -8.6212199999999989e-03
  -4.4555680000000000e-03
  -3.7078880000000003e-03
  -9.8037899999999997e-03
  -7.3089599999999998e-03
  -2.3345900000000001e-03
  -4.5471200000000000e-03
  -1.2985225000000000e-02
  -1.6632100000000000e-02
  -1.2657190000000000e-02
  -9.4528299999999989e-03
  -4.3792700000000002e-03
  -6.7062349999999996e-03
  -1.6616810000000003e-02
  -1.2413025000000001e-02
  -6.1950700000000004e-03
  -7.0495400000000000e-03
  -1.0879540000000000e-02
  -1.6258229999999999e-02
  -1.1322019999999999e-02
  -1.1474600000000000e-02
  -6.3476549999999998e-03
  -1.9989010000000000e-03
  -9.3994249999999994e-03
  -9.6206699999999996e-03
  -6.7520150000000001e-03
   4.5089700000000002e-03
   9.4451650000000002e-03
  -5.6533599999999996e-03
  -5.8746180000000007e-03
  -2.5024400000000003e-03
   9.4756949999999993e-03
   8.8043400000000008e-03
   4.8599244999999996e-03
   5.4626449999999995e-03
   1.3603199999999999e-02
   2.4932849999999999e-02
   3.2302850000000001e-02
   2.9571550000000002e-02
   2.4223300000000000e-02
   1.5083349999999999e-02
   1.7288200000000000e-02
   1.4778125000000000e-02
   1.0879520000000000e-02
   7.7056499999999997e-04
  -4.9591100000000001e-03
  -1.0833749999999999e-03
   1.1749299999999998e-03
  -2.4032600000000004e-03
  -4.4174184999999999e-03
  -1.1421189999999999e-02
  -2.4642950000000000e-03
   8.3160500000000002e-04
  -7.5378375000000001e-03
  -1.5380849999999998e-02
  -1.6174299999999999e-02
  -9.4909900000000012e-03
  -1.2107840000000000e-02
  -5.2184850000000001e-03
  -1.2077345000000000e-02
  -1.3183585000000001e-02
  -1.0169970000000000e-02
  -6.4468399999999997e-03
  -9.5901349999999996e-03
  -8.3847200000000000e-03
  -7.3623700000000000e-03
  -8.2397500000000023e-04
   1.2893700000000000e-03
   9.5367500000000018e-04
   2.9907250000000001e-03
   5.6915495000000003e-03
   1.1627215000000000e-02
   2.3864699999999999e-02
   2.1385200000000000e-02
   1.5533440000000001e-02
   1.1749275000000000e-02
   6.3095099999999991e-03
   1.1840800000000000e-02
   7.6522900000000000e-03
  -5.4931999999999984e-04
  -3.6544800000000003e-03
  -2.6092550000000000e-03
  -1.9073500000000004e-04
  -3.8149999999999816e-05
   7.1716000000000011e-04
  -4.2114399999999995e-03
  -4.6920755000000001e-03
  -2.6703000000000013e-04
  -1.2970000000000039e-04
  -1.6784500000000023e-04
  -7.6522999999999999e-03
  -1.0330185000000000e-02
   4.5776200000000007e-04
  -1.1672950000000001e-03
  -2.1972649999999999e-03
  -3.7231500000000002e-03
  -3.0822730000000000e-03
   9.1554999999999892e-05
   6.2408450000000001e-03
   8.9797749999999989e-03
   5.1269540000000004e-03
  -6.0119650000000002e-03
  -6.5612500000000002e-04
   5.0354000000000006e-03
   1.0276810000000001e-02
   1.1039729999999999e-02
   5.7601949999999992e-03
   8.5296650000000005e-03
   9.5977949999999992e-03
   1.2237530000000000e-02
   7.0571850000000005e-03
   9.7274950000000009e-03
   8.3999655000000003e-03
   9.3383699999999986e-03
   1.6723655000000000e-02
   1.0948200000000000e-02
   8.7814199999999999e-03
   9.1247650000000000e-03
   1.2611400000000000e-02
   8.9035050000000008e-03
   3.0975299999999998e-03
  -5.3405000000000076e-05
  -1.2588485000000001e-03
  -6.5612999999999999e-04
  -2.1896350000000001e-03
  -5.7678395000000000e-03
  -1.2908949999999999e-02
  -1.4602670000000000e-02
  -4.2572009999999995e-03
  -7.4768000000000013e-04
  -4.7455049999999997e-03
  -8.7203850000000006e-03
  -1.0864249999999999e-02
   1.4343250000000002e-03
   4.2419444999999998e-03
   1.3351449999999998e-03
  -1.9149800000000002e-03
  -1.9836499999999983e-04
   6.6680699999999999e-03
   1.1787405000000001e-02
   1.2519835000000000e-02
   1.0528565000000000e-02
  -1.0376000000000001e-03
  -2.3269649999999998e-03
   5.2185050000000000e-03
  -1.4648449999999998e-03
  -6.7519950000000002e-03
  -6.0729999999999994e-03
  -6.1035000000000082e-05
   1.8234250000000000e-03
   1.8692000000000001e-03
  -4.5318614999999996e-03
  -5.9738200000000003e-03
  -7.0800949999999998e-03
   8.3923499999999992e-04
   1.9989000000000001e-03
  -1.7089800000000001e-03
  -1.9454949999999998e-03
  -8.9721450000000008e-03
  -7.3852550000000003e-03
  -4.2266850000000000e-03
  -3.8528449999999997e-03
  -6.6146909999999998e-03
  -4.0054315000000000e-03
   7.3242000000000012e-04
   1.4038100000000001e-03
   2.5405699999999998e-03
   4.3716449999999995e-03
   3.8146999999999999e-03
   6.9656250000000005e-03
   7.0572085000000003e-03
   5.2795400000000001e-03
   1.5106200000000003e-03
   4.3182368000000007e-03
   5.9814450000000002e-03
   5.9585380000000002e-03
   7.6065114999999996e-03
  -1.0833750000000001e-03
  -8.6212000000000007e-04
   1.7929100000000000e-03
   2.0904549999999997e-03
   2.0065299999999999e-03
   1.3274999999999997e-03
   8.3999899999999995e-03
   1.5251150000000000e-02
   1.9401550000000000e-02
   1.9348149999999998e-02
   1.3450605000000001e-02
   1.0742165000000000e-02
   1.1581440000000000e-02
   1.4297490000000000e-02
   1.6433730000000001e-02
   1.0337804999999999e-02
   4.6997074999999998e-03
   1.6708399999999998e-03
   2.3193349999999996e-03
   6.4392049999999999e-03
   1.1215200000000000e-03
  -4.0435500000000034e-04
  -1.2206999999999999e-03
   8.8348349999999992e-03
   1.3427735000000000e-02
   1.3206490000000001e-02
   1.2184120000000000e-02
   6.9122250000000001e-03
   2.2636400000000001e-02
   2.3834200000000000e-02
   1.5304575000000001e-02
   1.4419565000000001e-02
   1.8432600000000000e-02
   1.9538899999999998e-02
   2.3216250000000001e-02
   1.2283315000000000e-02
   3.1585650000000003e-03
   1.6326909999999999e-03
   8.2168450000000004e-03
   6.6070700000000005e-03
   1.1650084999999999e-02
   9.8953500000000007e-03
   1.0627725000000001e-02
   1.7547600000000000e-02
   2.1430949999999997e-02
   1.5960679999999998e-02
   3.9825499999999996e-03
   3.6697349999999995e-03
   8.1481999999999995e-03
   1.5831000000000001e-02
   1.3710024999999999e-02
   8.7890799999999995e-03
   8.3313150000000006e-03
   1.0185220000000000e-02
   1.9882199999999999e-02
   1.8684400000000000e-02
   1.1619550000000001e-02
   1.4755255000000000e-02
   1.2565634999999999e-02
   1.8562300000000000e-02
   2.0355249999999998e-02
   8.6975049999999995e-03
   9.0560763500000009e-03
   6.4926079999999995e-03
   1.7593399999999999e-02
   1.7982499999999998e-02
   1.3534539999999999e-02
   1.1466995000000001e-02
   5.8670134999999997e-03
   6.5154910000000000e-03
   7.1563499999999997e-03
   3.6773449999999998e-03
  -1.7471300000000000e-03
   2.6016249999999998e-03
   1.2588519999999999e-02
   1.3725299999999999e-02
   7.9650899999999993e-03
   8.0108500000000043e-04
   2.2735600000000000e-03
   5.3939649999999997e-03
   3.4789900000000004e-03
   1.1444000000000003e-03
  -6.3934149999999995e-03
  -5.1422144999999997e-03
  -2.7008050000000001e-03
  -1.1444100000000002e-03
  -1.5182500000000001e-03
  -7.6675300000000005e-03
  -5.2643000000000004e-04
   3.5400400000000004e-03
   3.3035299999999998e-03
   2.3345949999999996e-03
  -5.4702950000000000e-03
  -3.5857999999999984e-04
   3.7536599999999998e-03
   5.2947899999999997e-03
   1.0833899999999992e-03
  -3.1204150000000001e-03
  -2.4795549999999996e-03
  -3.3721904999999999e-03
   4.7607405000000000e-03
   9.4604499999999953e-04
  -3.7842000000000002e-03
  -7.4005054999999997e-03
  -1.0223375000000000e-02
  -2.1209749999999998e-03
  -7.9345730000000003e-03
  -1.7227150000000000e-02
  -1.2588485000000000e-02
  -6.9427599999999992e-03
   6.6375499999999981e-04
   1.6326950000000004e-03
  -7.2326650000000001e-03
  -1.4389055000000001e-02
  -1.2916589999999999e-02
  -8.0108649999999990e-03
  -1.0406485000000000e-02
  -1.5098565000000001e-02
  -1.7494249999999999e-02
  -1.6128500000000000e-02
  -1.0795595000000002e-02
  -3.8223300000000005e-03
  -6.3629150000000002e-03
  -1.0147069999999999e-02
  -1.0887154999999999e-02
  -5.0811800000000002e-03
  -2.1057150000000002e-03
   4.9667200000000000e-03
   5.0277899999999999e-03
   1.3046300000000002e-03
   2.1667500000000003e-03
   9.2086800000000003e-03
   6.0272390000000002e-03
   2.6626599999999999e-03
   4.7149449999999999e-03
   4.6310450000000003e-03
   3.5095000000000005e-04
  -4.8065499999999997e-04
  -1.5762329999999998e-02
  -2.3941049999999998e-02
  -2.7610750000000000e-02
  -2.3231500000000002e-02
  -1.5228255000000001e-02
  -1.5579225000000000e-02
  -1.4739994999999999e-02
  -1.5304550000000000e-02
  -5.9738255000000001e-03
  -6.0272000000000017e-04
  -5.7067940000000003e-03
  -1.2954719999999999e-02
  -1.3847350000000001e-02
  -9.5062250000000001e-03
  -1.1161795000000000e-02
  -1.6716024999999999e-02
  -1.8753050000000000e-02
  -1.9958500000000001e-02
  -1.5426624999999999e-02
  -1.6868605000000002e-02
  -2.1995499999999998e-02
  -2.2773750000000002e-02
  -1.9310000000000001e-02
  -7.2479225000000001e-03
  -5.1117009999999997e-03
  -4.7683949999999999e-03
  -1.1169420000000001e-02
  -1.1917120000000000e-02
  -2.6931779999999996e-03
   1.9073450000000000e-03
  -2.5253350000000005e-03
  -1.0581950000000001e-02
  -1.0963425000000001e-02
  -6.1035499999999993e-04
  -1.8920899999999995e-03
  -2.7236749999999996e-03
  -7.6065050000000004e-03
  -1.0498034999999999e-02
  -9.5138350000000000e-03
  -3.2730100000000002e-03
  -6.2561200000000004e-03
  -4.6539449999999996e-03
  -5.5389300000000001e-03
  -1.5106200000000001e-03
   7.7896349999999996e-03
   4.6768050000000009e-03
   2.1133600000000003e-03
   3.0670149999999998e-03
  -6.5459999999999997e-03
  -3.9901711999999999e-03
  -7.2174299999999995e-03
  -8.8272350000000010e-03
  -6.5460259999999999e-03
  -9.3383700000000004e-03
  -6.0653649999999996e-03
  -8.5144049999999992e-03
  -1.1238115000000000e-02
  -1.3069165000000001e-02
  -1.5533450000000001e-02
  -1.6548150000000001e-02
  -1.3183589999999999e-02
  -1.3130210000000000e-02
  -9.1858099999999991e-03
  -8.9187850000000003e-03
  -4.4250449999999998e-03
   1.1596674000000000e-03
  -1.7547499999999959e-04
  -3.8223260000000005e-03
  -3.5095200000000003e-03
  -1.2283344999999999e-03
   1.2588499999999997e-03
   3.8909900000000004e-03
  -6.6451875000000001e-03
  -8.9035199999999998e-03
  -1.5945449999999999e-03
   7.6675381999999999e-03
   3.6544749999999999e-03
  -1.0681400000000004e-03
  -1.6326900000000000e-03
   1.2435899999999999e-03
   1.1421195000000000e-02
   9.5901500000000004e-03
   5.0506700000000002e-03
   7.6599300000000006e-03
   9.0103249999999996e-03
   1.5518199999999999e-02
   1.7906200000000001e-02
   1.3763445000000001e-02
   5.0735329999999999e-03
   4.0359510000000003e-03
   5.9890750000000000e-03
   5.4016350000000001e-03
  -7.4004999999999948e-04
  -1.9531249999999996e-03
  -5.3404999999999859e-05
   9.4146850000000008e-03
   1.3237010000000000e-02
   1.2283340000000000e-02
   1.2077345000000000e-02
   7.7819849999999999e-03
   1.4709449999999999e-02
   1.4541600000000000e-02
   3.8757320000000002e-03
  -6.0424900000000002e-03
  -8.8424500000000000e-03
  -7.5530950000000001e-03
  -1.9760149999999998e-03
  -2.9754499999999975e-04
  -5.3634800000000003e-03
  -7.9650699999999994e-03
  -1.0147099999999998e-03
  -6.8664999999999872e-05
  -5.4168849999999998e-03
  -1.1383055000000000e-02
  -9.6816850000000006e-03
  -6.7138550000000003e-03
  -3.8604699999999995e-03
  -7.2021599999999991e-03
  -1.5373250000000000e-02
  -1.2313859999999999e-02
  -8.7814299999999998e-03
  -3.9749170000000006e-03
  -1.0025045000000000e-02
  -1.2489330000000000e-02
  -1.4678940000000001e-02
  -9.3078750000000002e-03
  -1.5411400000000003e-03
   3.2501250000000004e-03
  -3.4866550000000000e-03
  -3.1585650000000003e-03
  -2.3117099999999998e-03
   1.2817400000000002e-03
   3.6620950000000002e-03
   2.7923450000000003e-03
   4.2266859999999995e-03
   3.2577489999999999e-03
   8.7890599999999996e-03
   8.0261144999999989e-03
  -3.7231550000000006e-03
  -6.4392299999999998e-03
  -3.4027100000000002e-03
   3.8070649999999997e-03
   4.5547599999999997e-03
  -5.1117100000000002e-03
  -7.0571760000000001e-03
  -8.1481699999999997e-03
  -1.8310550000000003e-03
   4.1351299999999999e-03
   2.6321600000000001e-03
   4.5776500000000017e-04
  -3.5858160000000004e-03
  -1.9607549999999998e-03
   1.7929050000000000e-03
   3.5095500000000002e-04
  -7.3089560000000001e-03
  -7.5683699999999996e-03
  -2.7847250000000000e-03
  -5.0354000000000024e-04
   4.4250499999999929e-04
  -6.2255890000000001e-03
  -7.8735149999999993e-03
  -9.6893399999999994e-03
  -8.6517599999999997e-03
  -5.3787399999999999e-03
  -1.3610840000000001e-02
  -1.5373220000000000e-02
  -1.2344365000000000e-02
  -7.6065199999999994e-03
  -9.0790000000000011e-04
  -6.8511835000000000e-03
  -9.8113750000000007e-03
  -1.1001584999999999e-02
  -1.0803245000000000e-02
  -6.0577150000000000e-03
  -1.1314400000000000e-02
  -1.3092050000000001e-02
  -1.4419550000000000e-02
  -6.6146634999999995e-03
  -3.5553099999999999e-03
  -6.3934450000000002e-03
  -1.1451740000000000e-02
  -1.3023375000000000e-02
  -9.7351299999999998e-03
  -1.7631544999999998e-02
  -1.5243545000000001e-02
  -2.0103450000000002e-02
  -2.1781900000000000e-02
  -1.3404830000000000e-02
  -4.1046049999999999e-03
  -1.2970099999999995e-03
  -4.5089550000000003e-03
   7.6299999999997897e-06
   1.1199940000000000e-02
   1.5777585000000000e-02
   1.9081100000000000e-02
   1.8539400000000001e-02
   1.8035900000000001e-02
   2.1698000000000002e-02
   2.9258750000000000e-02
   3.0242900000000000e-02
   2.6107800000000000e-02
   2.0767200000000000e-02
   2.3773200000000001e-02
   2.4353000000000000e-02
   2.1080049999999999e-02
   1.2412999999999999e-02
   1.2290944999999999e-02
   1.4808650000000000e-02
   9.3536499999999998e-03
   9.8953099999999992e-03
   5.6076299999999997e-03
   7.7209250000000000e-03
   1.2786885000000000e-02
   2.0721450000000002e-02
   1.7654400000000001e-02
   9.0179449999999994e-03
   1.0284405000000000e-02
   1.1833185000000000e-02
   1.4778150000000000e-02
   9.7656199999999992e-03
   6.8969645000000000e-03
   9.1705499999999995e-03
   1.5853900000000001e-02
   2.8205899999999999e-02
   2.0591700000000001e-02
   1.5007039999999999e-02
   1.0978720000000001e-02
   1.4938355000000000e-02
   2.0492549999999998e-02
   1.9760149999999997e-02
   1.5838600000000001e-02
   1.8646200000000002e-02
   2.0065300000000001e-02
   2.6374849999999998e-02
   1.7509449999999999e-02
   1.3198844999999999e-02
   2.7771149999999997e-03
  -4.3487499999999993e-04
   8.3923499999999981e-04
  -6.6376000000000022e-04
   1.9531250000000000e-03
  -2.9144300000000004e-03
  -6.1035000000000082e-05
   3.5705569999999998e-03
   5.7144255000000001e-03
   4.8217699999999995e-03
  -5.0277700000000008e-03
  -1.0711695000000000e-02
  -1.0917690000000001e-02
  -7.1258449999999996e-03
  -5.6304950000000001e-03
  -9.3841549999999982e-03
  -1.3160695000000000e-02
  -1.2283305000000001e-02
  -2.5863654999999999e-03
   1.9683850000000000e-03
  -3.5095000000000005e-04
  -5.9051549999999996e-03
  -1.9989000000000001e-03
  -3.3950809999999999e-03
  -9.9944999999999982e-04
   2.8228749999999999e-03
   1.1016865000000001e-02
   8.6822499999999990e-03
   1.2260425000000000e-02
   1.5052800000000002e-02
   1.4602640000000000e-02
   7.2326819999999998e-03
   5.4473899999999999e-03
   1.1436439999999999e-02
   1.1306775000000000e-02
   5.8975050000000008e-03
   3.2043499999999999e-04
  -1.3503999999999999e-03
   5.4016118000000000e-03
   1.3458254999999999e-02
   1.3534560000000001e-02
   1.2382515000000000e-02
   1.1528030000000000e-02
   1.9226099999999999e-02
   1.8394450000000000e-02
   1.5754700000000000e-02
   1.0002130000000000e-02
   3.5095194000000001e-03
   6.6070549999999997e-03
   6.1111600000000000e-03
   1.7852799999999998e-03
  -8.5525399999999991e-03
  -6.4773550000000006e-03
  -4.4479350000000001e-03
  -1.0452300000000001e-03
  -5.0583099999999999e-03
  -6.6452199999999994e-03
  -6.3247700000000004e-03
  -8.6975050000000012e-03
   3.6392249999999998e-03
   9.1323949999999997e-03
   4.9514975000000006e-03
   3.3950800000000000e-03
  -1.2207000000000006e-04
   1.0818464999999999e-02
   1.6586299999999998e-02
   1.3145445000000000e-02
   1.4694200000000001e-02
   1.3198850000000000e-02
   1.6220100000000001e-02
   1.2069719999999999e-02
   1.3732750000000002e-03
   7.9345999999999974e-04
   1.3351450000000003e-03
   3.5858150000000000e-03
   6.5002445000000002e-03
   5.4092350000000001e-03
   4.5775000000000503e-05
  -1.5182500000000003e-03
   3.0593850000000004e-03
   3.2653800000000000e-03
  -1.5487700000000005e-03
  -7.0419499999999999e-03
  -5.7220374999999999e-03
  -3.8452134999999998e-03
   7.3242000000000012e-04
  -4.8599450000000001e-03
  -6.1721749999999994e-03
  -8.5983300000000012e-03
  -3.9672869999999999e-03
   2.4414099999999998e-03
   1.8539399999999997e-03
  -6.8740900000000011e-03
  -5.2948240000000001e-03
   2.4414073999999997e-03
   9.9487250000000003e-03
   1.1436455000000000e-02
   2.5939900000000000e-03
   4.0206885000000003e-03
   5.1269549999999999e-03
   9.1400049999999997e-03
   6.1798184999999999e-03
  -4.1199000000000010e-04
  -2.2811900000000002e-03
  -5.1650999999999997e-03
   4.5394911999999997e-03
   5.3177090000000003e-03
  -1.9531250000000000e-03
  -2.2277800000000000e-03
  -9.2315499999999994e-04
   9.6969450000000002e-03
   1.2664820000000000e-02
   3.2196000000000000e-03
  -2.4413999999999990e-04
   3.6697380000000005e-03
   9.5825200000000006e-03
   1.0452300000000001e-03
  -6.0958793999999995e-03
  -5.0201400000000002e-03
  -8.4838999999999991e-03
  -5.5694550000000001e-03
  -1.1009200000000000e-02
  -1.0139469999999999e-02
  -1.3259870000000000e-02
  -1.1795055000000000e-02
  -6.7825300000000002e-03
  -8.9721450000000008e-03
  -5.7372999999999999e-03
  -5.8136064999999995e-03
  -3.8528449999999997e-03
  -3.0517499999999998e-04
   4.1046350000000006e-03
   1.0528572999999999e-02
   1.6143780000000000e-02
   1.9332900000000000e-02
   2.1278399999999999e-02
   2.3048400000000000e-02
   2.3292549999999999e-02
   9.3994350000000011e-03
   3.3340449999999999e-03
   5.1040650000000005e-03
   6.3705450000000000e-03
  -1.8158000000000002e-03
  -2.8839050000000000e-03
  -5.7296949999999999e-03
  -7.4692000000000005e-03
  -1.1215250000000000e-03
   1.5487700000000005e-03
  -6.6223206000000003e-03
  -9.8876850000000002e-03
  -8.1405499999999999e-03
  -1.4953625000000000e-03
  -4.1961499999999992e-04
  -1.7089849999999997e-03
  -2.1057115000000003e-03
   1.0223385000000000e-03
   2.5863650000000002e-03
  -2.0294200000000001e-03
  -1.1016845000000001e-02
  -1.7364500000000001e-02
  -1.5243550000000000e-02
  -7.7133150000000001e-03
  -4.4250464999999999e-03
  -5.1879999999999982e-04
  -8.4381200000000003e-03
  -1.0162365000000000e-02
  -1.6937255000000000e-03
   4.2114250000000004e-03
   1.0795585000000000e-02
   3.5934449999999998e-03
   5.2108800000000002e-03
   3.7841800000000003e-03
   4.5471204999999997e-03
   8.2702550000000007e-03
  -2.9754500000000019e-04
   6.0271999999999995e-04
   3.6087050000000002e-03
   5.5542000000000005e-03
   7.0343140000000007e-03
   1.3046249999999998e-03
   2.7160650000000001e-03
   1.0757449999999997e-03
   7.3928850000000001e-03
   6.0272375000000001e-03
   8.2397500000000023e-04
   4.9362199999999998e-03
   3.0899070000000002e-03
   1.4068600000000001e-02
   1.2557995000000001e-02
   8.0337650000000000e-03
   4.2037960000000001e-03
   6.5307600000000000e-03
   1.5686050000000000e-02
   1.0292059999999999e-02
   7.2250206000000006e-03
   3.9138799999999998e-03
   1.1535654999999999e-02
   1.8226649999999997e-02
   1.7456050000000001e-02
   1.4099140000000001e-02
   8.4610150000000005e-03
   6.6375749999999997e-03
   1.1825545000000000e-02
   1.5342720000000001e-02
   1.2107864999999999e-02
  -5.3404999999999859e-05
  -3.0059810000000000e-03
   1.5945425000000000e-03
  -2.7771000000000002e-03
  -5.3329449999999995e-03
  -1.3214125000000000e-02
  -9.3307400000000006e-03
  -2.4719249999999998e-03
  -1.4648399999999998e-03
   4.7454799999999998e-03
  -2.1362499999999984e-04
  -4.0893575000000007e-03
  -1.4419575000000000e-03
  -1.6784500000000002e-04
   8.4686500000000003e-04
  -2.8915420000000000e-03
  -1.3320910000000000e-02
  -1.1283899999999999e-02
  -9.2697300000000003e-03
  -7.0800800000000007e-03
  -6.1950849999999995e-03
  -7.4157900000000002e-03
  -8.9569300000000001e-03
  -4.6157825999999999e-03
   5.5694500000000010e-04
  -2.8991499999999996e-04
   1.9073500000000001e-03
   4.1885379999999995e-03
   1.6502349999999999e-02
   1.8562300000000000e-02
   1.9256599999999999e-02
   2.1896350000000002e-02
   1.7990100000000002e-02
   2.0027150000000001e-02
   1.6784649999999998e-02
   7.9955949999999994e-03
   3.0212380000000003e-03
  -8.5449150000000015e-04
   3.4408550000000000e-03
  -2.2735600000000000e-03
  -3.4332000000000026e-04
  -3.6621000000000006e-04
  -2.3040800000000000e-03
   1.8386850000000001e-03
   1.3046250000000002e-03
  -2.9754449999999997e-03
  -9.4070300000000003e-03
  -1.0101334999999999e-02
  -5.6838999999999995e-03
  -6.8664999999999872e-05
  -2.4108899999999997e-03
  -6.4849920000000002e-03
  -1.0208135000000000e-02
  -5.5694600000000000e-03
   1.4343250000000002e-03
   1.9378649999999996e-03
  -5.8822509999999998e-03
  -1.2405380000000001e-02
  -1.1680625000000000e-02
  -4.8065000000000000e-04
   7.7056499999999997e-04
  -1.5640099999999998e-03
   7.2707900000000001e-03
   1.3916009999999999e-02
   1.8264799999999998e-02
   1.8112194999999998e-02
   9.5443849999999990e-03
   6.3476410000000002e-03
   1.0688784999999999e-02
   1.9767750000000001e-02
   1.5785215000000002e-02
   8.3465549999999986e-03
   4.4250495000000001e-03
  -5.1879500000000028e-04
   6.0729800000000004e-03
   6.4163004999999995e-03
   2.1362500000000027e-04
  -6.6375499999999981e-04
  -3.1356836500000002e-03
   8.0108499999999977e-04
   5.2337649999999996e-03
  -6.0272000000000017e-04
  -4.3716449999999995e-03
  -2.8762824999999997e-03
   1.5869149999999999e-03
   2.6092499999999996e-03
  -2.8076099999999999e-03
  -7.3394549999999999e-03
  -1.0322575000000001e-02
  -8.0108650000000007e-03
  -6.6528550000000001e-03
  -1.4656045000000001e-02
  -1.3824450000000000e-02
  -1.1497475000000000e-02
  -6.8664550000000005e-03
  -4.1961699999999999e-03
  -2.2506700000000002e-03
  -8.4762799999999992e-03
  -4.4250469999999997e-03
  -8.3925000000000102e-05
   1.5258999999999987e-04
   3.9901750000000003e-03
   1.2207000000000016e-04
  -4.1885350000000002e-03
  -2.9373149999999998e-03
   3.3874500000000002e-03
  -2.6092499999999996e-03
  -1.2329099999999999e-02
  -1.7677300000000000e-02
  -2.8533899999999995e-03
  -4.5780000000000039e-05
  -9.1934429999999991e-03
  -6.8893600000000006e-03
   1.6021999999999998e-04
  -6.3781549999999999e-03
  -1.0581975000000000e-02
  -1.8508950000000000e-02
  -3.2745349999999999e-02
  -4.7874449999999999e-02
  -5.2131700000000003e-02
  -5.1391599999999996e-02
  -5.4214449999999997e-02
  -6.9320699999999999e-02
  -8.2855249999999991e-02
  -7.6156599999999991e-02
  -9.2224150000000005e-02
  -8.2138049999999990e-02
  -8.3404549999999994e-02
  -9.8235850000000013e-02
  -9.8113900000000004e-02
  -1.0521700000000000e-01
  -1.0549200000000000e-01
  -9.8388450000000002e-02
  -9.1926599999999997e-02
  -8.0268850000000003e-02
  -7.0526100000000008e-02
  -6.1027550000000000e-02
  -4.9957299999999996e-02
  -5.4862999999999995e-02
  -6.2606799999999990e-02
  -5.9959399999999996e-02
  -6.2675499999999995e-02
  -5.4626450000000000e-02
  -4.7096249999999999e-02
  -4.7805799999999996e-02
  -5.0254850000000004e-02
  -3.3790600000000004e-02
  -3.3515900000000001e-02
  -3.8169850000000005e-02
  -3.6865250000000002e-02
  -3.4156800000000001e-02
  -3.2562250000000001e-02
  -2.1705650000000000e-02
  -1.6036965000000000e-02
  -1.5037525000000000e-02
  -6.7519949999999994e-03
   8.3923349999999990e-03
   1.0650620000000000e-02
   1.0986349999999999e-02
   3.9291405000000000e-03
   6.8665000000000306e-05
   8.0718850000000009e-03
   1.7608599999999999e-02
   2.0362850000000002e-02
   3.0593850000000004e-03
   1.5907299999999999e-02
   1.4984149999999998e-02
   2.4917599999999998e-02
   2.2048949999999998e-02
   1.3000480000000000e-02
   1.5106220000000000e-02
   1.6220100000000001e-02
   2.8892500000000002e-02
   2.3048399999999997e-02
   1.9653299999999999e-02
   2.9006949999999997e-02
   3.2470750000000000e-02
   6.3552849999999994e-02
   7.5706450000000008e-02
   3.0929600000000002e-02
   2.5939949999999996e-02
   3.7765500000000000e-02
   4.5677200000000001e-02
   4.4647199999999998e-02
   3.9016750000000003e-02
   4.1130050000000001e-02
   4.0985099999999997e-02
   4.6958899999999998e-02
   4.6356200000000000e-02
   3.7002550000000002e-02
   3.1127950000000001e-02
   2.8297450000000002e-02
   3.3935500000000000e-02
   3.4690849999999995e-02
   2.7046199999999999e-02
   1.7753600000000001e-02
   8.8119700000000006e-03
   3.0952500000000001e-02
   2.2598250000000000e-02
   1.6593950000000000e-02
   2.8450000000000003e-02
   3.2241800000000001e-02
   2.9724100000000000e-02
   2.2842399999999999e-02
   2.9342649999999998e-02
   2.5703400000000001e-02
   2.7542100000000000e-02
   3.5446150000000003e-02
   4.4288649999999999e-02
   4.0641800000000006e-02
   3.5469100000000003e-02
   4.2503349999999995e-02
   4.4158950000000002e-02
   4.6226500000000004e-02
   5.2406300000000003e-02
   4.5211799999999996e-02
   3.9520250000000000e-02
   4.1847200000000001e-02
   4.7149650000000001e-02
   4.7035199999999999e-02
   3.9245599999999999e-02
   3.9115899999999995e-02
   3.1509400000000000e-02
   3.6293050000000000e-02
   3.7643450000000002e-02
   3.4446699999999997e-02
   3.5614000000000000e-02
   3.4286499999999998e-02
   3.0609150000000002e-02
   2.7824450000000001e-02
   2.1850600000000001e-02
   1.7303450000000001e-02
   1.2580875000000002e-02
   2.1331799999999998e-02
   3.0609150000000002e-02
   3.0532799999999999e-02
   2.7229299999999998e-02
   1.9737250000000001e-02
   2.8587349999999997e-02
   3.1311050000000000e-02
   3.2737700000000002e-02
   2.6374849999999998e-02
   2.2239700000000001e-02
   2.2033650000000002e-02
   2.3010249999999999e-02
   2.8297400000000000e-02
   2.5764449999999998e-02
   1.4671320000000000e-02
   7.9345800000000001e-03
   5.0430200000000005e-03
   1.1840799999999999e-02
   5.2185206000000001e-03
  -1.3427749999999996e-03
   5.4626499999999995e-03
   1.5289350000000000e-02
   1.2107874999999999e-02
   4.1275050000000001e-03
   8.3160250000000012e-03
   1.3221749999999999e-02
   1.2664775000000000e-02
   1.0673540000000000e-02
   8.0566200000000004e-03
   4.1580180000000003e-03
   7.1334850000000002e-03
   1.5441900000000000e-02
   1.4015200000000000e-02
  -3.8147000000000007e-04
  -6.6833700000000001e-03
  -2.8839099999999999e-03
   6.6757100000000005e-03
   9.0942449999999991e-03
  -3.1585549999999995e-03
  -4.1427549999999997e-03
  -3.5171495000000000e-03
   2.0446769499999997e-03
   7.7820000000000016e-04
  -5.1117050000000002e-03
  -5.2642950000000004e-03
  -1.1421219999999999e-02
  -1.0299695000000001e-02
  -1.3717650000000001e-02
  -5.0201409999999997e-03
  -5.8899050000000000e-03
  -1.2489344999999999e-02
  -1.1634809999999999e-02
  -1.3565080000000000e-02
  -1.5357980000000000e-02
  -1.9752499999999999e-02
  -2.3529049999999999e-02
  -2.4902350000000000e-02
  -1.8783550000000000e-02
  -1.7951959999999999e-02
  -2.0744300000000000e-02
  -1.3908405000000000e-02
  -6.0348270000000004e-03
   3.4942699999999998e-03
  -1.3656650000000003e-03
  -1.2420655000000001e-02
  -1.5991249999999999e-02
  -1.3984699999999999e-02
  -1.5945399999999998e-02
  -1.5571575000000001e-02
  -1.6082740000000002e-02
  -1.2977600000000001e-02
  -6.7291050000000000e-03
   4.0359500000000000e-03
   4.7530949999999997e-03
   2.7618400000000002e-03
   1.9836499999999983e-04
   7.7133199999999992e-03
   8.2397449999999997e-03
   1.9149799999999999e-03
  -8.5983250000000004e-03
  -1.1863715000000000e-02
  -1.0108934999999999e-02
  -6.8130650000000001e-03
  -3.0517574999999997e-03
  -8.8882399999999986e-03
  -1.4884955000000002e-02
  -1.4167800000000001e-02
  -9.7579750000000003e-03
  -4.5700064999999995e-03
  -1.1428825000000000e-02
  -1.2237544999999999e-02
  -1.1016834999999999e-02
  -6.2637300000000003e-03
  -2.9296900000000000e-03
  -3.5781849999999998e-03
  -1.5998820000000000e-02
  -7.9421900000000000e-03
  -2.2125249999999999e-03
  -4.5928949999999996e-03
  -3.9443973999999998e-03
  -9.9487150000000003e-03
  -9.8647900000000000e-03
  -3.8757329999999997e-03
  -1.5869149999999999e-03
   2.0751950000000002e-03
  -7.7820000000000016e-04
   3.9672999999999987e-04
   3.6621099999999997e-03
   7.9879700000000005e-03
   8.5067800000000002e-03
  -2.5634750000000000e-03
  -1.1749259999999999e-02
  -5.8136000000000004e-03
  -5.2566549999999998e-03
   1.4343250000000000e-03
  -1.1520389999999998e-02
  -1.4617929999999999e-02
  -6.5917815000000003e-03
   3.9520249999999996e-03
   7.1411199999999999e-03
   2.0370499999999995e-03
   3.1280500000000020e-04
  -4.0817249999999996e-03
   7.1945250000000002e-03
   7.6370250000000004e-03
   4.5699899999999995e-03
  -8.3920000000000348e-05
  -3.7002549999999995e-03
   7.8048700000000002e-03
   6.5002450000000000e-03
  -2.1133400000000000e-03
   5.4168500000000008e-04
