  -1.9180299999999997e-02
  -2.7862550000000000e-02
  -2.7282700000000000e-02
  -2.0454399999999998e-02
  -1.5823350000000000e-02
  -1.2626634999999999e-02
  -1.2847889999999999e-02
  -1.4259360000000000e-02
  -7.2097849999999998e-03
   4.7301999999999999e-04
  -7.1868850000000005e-03
  -6.9427300000000003e-03
  -7.5836400000000000e-03
  -1.7127969999999999e-02
  -6.8664579999999998e-03
  -8.3083849999999997e-03
  -1.4205950000000000e-02
  -2.1713299999999998e-02
  -2.0782450000000001e-02
  -1.4190700000000001e-02
  -8.2092350000000005e-03
  -1.3534565000000000e-02
  -5.0048700000000007e-03
  -2.2888200000000000e-03
   1.2359599999999999e-03
  -2.7923599999999998e-03
  -1.2496960000000000e-02
  -2.0858750000000002e-02
  -2.2239650000000000e-02
  -1.6990650000000000e-02
  -1.0643020000000000e-02
  -3.7536649999999998e-03
  -5.7449200000000006e-03
  -1.0299699999999998e-03
   4.0206900000000004e-03
   1.3221745000000000e-02
   1.4938350000000000e-02
   1.0993935000000000e-02
   9.5291349999999993e-03
   1.2092614999999999e-02
   2.5497399999999996e-02
   2.6222249999999999e-02
   1.3015750000000000e-02
   1.0604875000000000e-02
   2.8076149999999999e-03
   2.8763050000000000e-03
   6.8359594999999997e-03
   1.9836499999999983e-04
   5.4931499999999987e-04
   6.9503550000000001e-03
   1.9706750000000002e-02
   2.0637500000000000e-02
   1.0200480000000000e-02
   3.3874700000000001e-03
  -3.3874489999999998e-03
  -3.4484885000000002e-03
  -7.8048750000000002e-03
  -1.7395035000000000e-02
  -1.4900220000000000e-02
  -1.1878944999999998e-02
   1.2893650000000000e-03
  -4.1122450000000005e-03
  -1.6418450000000001e-02
  -2.2972100000000002e-02
  -2.7496349999999999e-02
  -1.9744900000000003e-02
  -1.2855544999999999e-02
  -1.4717124999999999e-02
  -1.9027750000000000e-02
  -1.7700199999999999e-02
  -9.9487150000000003e-03
  -6.7214950000000001e-03
  -1.2191795000000000e-02
  -1.7044049999999998e-02
  -1.0826130000000000e-02
   6.5231300000000002e-03
   8.3999850000000004e-03
   6.2789899999999999e-03
  -6.6375499999999981e-04
  -4.2266850000000000e-03
   5.3710950000000002e-03
   8.2779050000000003e-03
   2.0294199999999997e-03
  -6.8664664999999996e-03
  -6.8893549999999998e-03
   9.9182000000000003e-04
  -8.6898600000000006e-03
  -1.1939990000000001e-02
  -1.1672950000000000e-02
  -1.7189000000000003e-02
  -1.5953070000000000e-02
  -4.2877195000000003e-03
  -3.8147000000000007e-04
  -1.1306779999999999e-02
  -1.6746500000000001e-02
  -1.4854454999999999e-02
  -8.0871699999999994e-03
  -6.8054350000000003e-03
  -1.4343274999999999e-02
  -1.7120349999999999e-02
  -1.5571599999999998e-02
  -6.9656450000000003e-03
  -1.2489340000000002e-02
  -1.7364500000000001e-02
  -1.8692000000000000e-02
  -1.7463699999999999e-02
  -1.0711689999999999e-02
  -1.0467525000000000e-02
  -1.3649000000000001e-02
  -1.0879500000000000e-02
  -7.7362100000000003e-03
  -1.7852750000000002e-03
   6.4773699999999997e-03
   3.4866299999999997e-03
  -4.4632150000000004e-03
  -1.8234250000000000e-03
   3.1280499999999977e-04
   2.6245100000000000e-03
  -4.1885400000000001e-03
  -1.0215749999999999e-02
  -1.0429390000000000e-02
  -1.6403200000000000e-03
   3.0593900000000004e-03
  -6.6375999999999978e-04
  -7.6293699999999999e-03
  -1.3771050000000000e-02
  -1.0047904999999999e-02
  -4.3792900000000001e-03
  -6.0424699999999994e-03
  -1.0444660000000000e-02
  -1.2855530000000000e-02
  -9.1857699999999994e-03
  -6.5307749999999999e-03
  -4.5928949999999996e-03
  -8.9874399999999993e-03
  -1.4007550000000001e-02
  -6.1187749999999999e-03
  -7.1258450000000004e-03
  -6.1035000000000082e-05
  -2.9525750000000003e-03
  -8.6517399999999998e-03
  -6.9885464999999997e-03
   9.3154700000000010e-03
   1.3740550000000001e-02
   5.1422000000000004e-03
  -3.8986349999999997e-03
  -6.6375499999999981e-04
   8.2092399999999996e-03
   1.8707250000000002e-02
   1.1978155000000001e-02
   6.0577364999999999e-03
   4.5394874000000002e-03
   1.1238075000000000e-02
   9.9258200000000001e-03
   1.1062649999999999e-03
  -6.7901500000000000e-03
  -9.4299550000000003e-03
  -1.5335050000000001e-03
   8.5830699999999999e-03
   4.1656599999999998e-03
  -7.0342999999999994e-03
  -6.1874235000000007e-03
   3.8909915000000001e-03
   1.2237550000000000e-02
   7.1792799999999997e-03
   3.0520000000000026e-05
  -5.0811764999999995e-03
  -9.4604500000000007e-04
  -4.5776499999999995e-04
  -5.1116999999999959e-04
  -7.6904145000000002e-03
  -9.0408499999999996e-03
  -4.2572000000000000e-03
   3.7002550000000004e-03
   3.0746449999999995e-03
  -5.7678034999999999e-03
  -5.7373199999999997e-03
   4.0588400000000002e-03
   1.4022820000000002e-02
   1.7684900000000000e-02
   1.0902415000000000e-02
   7.7743400000000002e-03
   1.2756350000000000e-02
   1.9599900000000000e-02
   3.0395499999999999e-02
   2.4116550000000000e-02
   1.4137270000000000e-02
   1.6151400000000000e-02
   2.1644600000000000e-02
   2.2590650000000000e-02
   1.4076250000000000e-02
   8.5067600000000004e-03
  -7.2478999999999990e-04
   7.7133199999999992e-03
   1.0955830000000000e-02
   3.1280349999999999e-03
  -3.9672850000000009e-03
  -4.1046135000000006e-03
   2.3269649999999998e-03
   1.3809200000000001e-03
  -1.1459340000000000e-02
  -1.5754714999999999e-02
  -1.5312195000000001e-02
  -6.4086799999999999e-03
   4.9591000000000001e-04
   7.6300000000002234e-06
  -5.3634855000000000e-03
  -5.8746000000000015e-04
   2.0904499999999998e-03
   2.7618389999999999e-03
   1.2947050000000000e-02
   5.2490440000000005e-03
   6.5612999999999999e-04
   7.5225900000000000e-03
   1.1169419999999999e-02
   1.7829899999999999e-02
   1.1596690000000000e-02
   4.3487300000000003e-03
   9.2849700000000000e-03
   9.8266800000000008e-03
   1.8997199999999997e-03
  -1.0635354999999999e-02
  -1.0551429999999999e-02
  -5.8212235000000001e-03
   4.3029799999999997e-03
   8.2779150000000003e-03
   1.8692000000000001e-03
  -2.5711149999999997e-03
   2.7541900000000001e-03
   5.8975249999999998e-03
   6.8740950000000002e-03
  -2.9220650000000002e-03
  -8.9416600000000006e-03
  -7.0495599999999999e-03
   2.2430429999999997e-03
   6.0806250000000001e-03
  -2.1286000000000000e-03
  -8.7432700000000009e-03
  -1.2748705000000001e-02
  -7.5988849999999997e-03
  -4.5928949999999996e-03
  -7.8887999999999996e-03
  -1.3114910000000000e-02
  -2.0828199999999998e-02
  -1.3282799999999999e-02
  -4.4860849999999999e-03
  -9.0789999999999990e-04
  -5.5618094999999998e-03
  -2.3498550000000005e-03
   4.3792750000000002e-03
   1.6395600000000000e-02
   2.0675650000000000e-02
   8.4533949999999990e-03
  -5.4169000000000005e-04
  -9.4604499999999996e-04
   1.3427750000000000e-03
   1.5258500000000022e-04
  -4.8904199999999995e-03
  -3.9367693999999998e-03
  -1.3404825000000000e-02
  -1.2512205000000000e-02
  -2.8457649999999997e-03
  -9.7045999999999990e-03
  -1.3443005000000001e-02
  -1.4518720000000001e-02
  -8.4075950000000003e-03
  -5.9661645000000001e-03
  -6.4315650000000002e-03
  -1.0673500000000001e-02
  -1.4701845000000002e-02
  -8.9645499999999999e-03
  -6.6757400000000003e-03
  -1.6227735000000000e-02
  -1.9622799999999999e-02
  -1.9958500000000001e-02
  -1.1100769999999999e-02
  -1.3053904999999999e-02
  -1.5190115000000001e-02
  -1.3557450000000000e-02
  -1.2626624999999999e-02
  -2.4719249999999998e-03
   2.3651000000000011e-04
   1.3656600000000003e-03
   1.5258499999999979e-04
  -7.4004999999999991e-04
   7.8964299999999994e-03
   1.1001570000000000e-02
   1.2443560000000001e-02
   2.8229000000000001e-03
  -2.9373200000000002e-03
  -1.4343300000000002e-03
   4.6005335000000001e-03
   9.6588349999999993e-03
  -5.6991649999999991e-03
  -1.2763960000000000e-02
  -4.0359450000000000e-03
   9.8724499999999996e-03
   1.3069170000000000e-02
   6.3095200000000008e-03
  -1.2969999999999995e-04
   3.2653800000000000e-03
   1.1215190000000000e-02
   6.4849950000000003e-03
  -1.8768350000000003e-03
   2.0141600000000001e-03
   4.5318585000000003e-03
   8.7356450000000002e-03
   9.3154899999999992e-03
   2.5940000000000034e-04
  -4.4860834999999998e-03
  -3.5018944999999999e-03
   4.4631949999999997e-03
   4.8751805000000004e-03
   1.0833750000000001e-03
   2.7389549999999995e-03
   6.8588049999999999e-03
   1.1161814999999999e-02
   1.3473525000000000e-02
   1.1550905000000000e-02
   7.3852600000000003e-03
   8.7280250000000004e-03
   1.6990650000000000e-02
   1.7410300000000000e-02
   1.7929100000000004e-03
  -1.1405920000000000e-02
  -1.4472975000000001e-02
  -8.7814499999999997e-03
  -1.2138340000000001e-02
  -7.8277755000000001e-03
  -1.3328560000000000e-02
  -1.6571030000000000e-02
  -4.9362154999999996e-03
  -9.6130499999999997e-04
  -3.8147000000000007e-04
  -4.4861050000000006e-03
  -2.8457650000000001e-03
  -8.0871499999999978e-04
   2.7008049999999997e-03
   2.3956299999999997e-03
  -2.4185200000000004e-03
  -3.9901750000000003e-03
  -5.0888050000000001e-03
   7.0953499999999985e-04
   3.0365010000000000e-03
  -1.0299699999999998e-03
  -1.6189550000000000e-02
  -1.1245715000000000e-02
   4.9438450000000005e-03
   1.4923100000000000e-02
   7.2097799999999998e-03
  -2.4337750000000000e-03
   2.2125240000000000e-03
   1.0620114999999999e-02
   1.6860950000000000e-02
   1.2756350000000000e-02
  -2.1362299999999998e-03
  -9.2773500000000002e-03
  -3.8528600000000005e-03
  -4.4174200000000000e-03
  -9.1629099999999998e-03
  -1.3069170000000000e-02
  -1.8455500000000000e-02
  -7.1334900000000001e-03
  -5.2643000000000004e-04
  -2.0141600000000001e-03
  -8.2473600000000005e-03
  -9.6435350000000000e-03
  -9.7656000000000001e-04
   6.8130499999999993e-03
   4.3182364999999993e-03
  -7.6904399999999998e-03
  -8.4533600000000000e-03
   4.3411249999999995e-03
   3.2959000000000000e-03
  -4.8828000000000022e-04
  -7.3394949999999997e-03
  -5.2871699999999999e-03
  -5.1956150000000006e-03
  -2.4795500000000001e-03
  -1.5260000000000013e-05
  -7.8888150000000004e-03
  -8.4838950000000000e-03
  -1.3122544000000000e-03
   2.7389525000000000e-03
   7.0801049999999997e-03
   6.7901499999999983e-04
  -6.4010849999999999e-03
  -4.6005250000000003e-03
   4.9057000000000007e-03
   9.9792549999999994e-03
   4.9896250000000001e-03
   1.6784500000000002e-04
  -3.5324099999999997e-03
   5.2795400000000001e-03
   2.3193350000000005e-03
  -8.7356550000000002e-03
  -7.0190349999999999e-03
  -1.3465895000000000e-02
  -7.6249999999998194e-06
   3.9520399999999995e-03
   1.4572150000000000e-03
  -1.5792850000000002e-03
  -1.1619549999999999e-02
  -3.7155350000000003e-03
   8.1634500000000000e-04
  -4.3564099999999998e-03
  -5.2795300000000002e-03
  -6.9885250000000006e-03
  -1.1978154999999999e-02
  -7.3394949999999997e-03
  -2.6779050000000004e-03
  -6.3858249999999995e-03
  -5.1117064999999995e-03
   1.6403200000000000e-03
   4.4631934999999996e-03
   7.6827845000000004e-03
   2.7847099999999997e-03
  -1.4038050000000002e-03
   1.4343250000000000e-03
   7.8582549999999998e-03
   9.2925899999999999e-03
   6.0729755000000002e-03
  -7.9346000000000017e-04
  -6.5612999999999999e-04
   3.4942632000000001e-03
   2.8762799999999993e-03
  -6.0424735000000002e-03
  -1.6792300000000000e-02
  -1.4083870000000000e-02
  -5.7678249999999999e-03
  -5.0659185000000006e-03
  -1.1795045000000001e-02
  -1.2168860000000000e-02
  -8.1100300000000007e-03
  -3.0517599999999997e-03
  -4.5013419499999995e-03
  -1.5678404999999999e-02
  -2.1499650000000002e-02
  -2.0545950000000000e-02
  -1.1390660000000000e-02
  -7.3928750000000001e-03
  -4.4632200000000004e-03
  -1.3145455000000000e-02
  -1.5312199999999998e-02
  -8.1329149999999992e-03
  -6.7520150000000001e-03
  -6.1340500000000003e-03
  -1.0917654999999998e-02
  -1.7608600000000002e-02
  -8.8348349999999992e-03
   4.8065269999999997e-03
   7.6293905000000004e-03
   3.3340449999999999e-03
   1.4801049999999998e-03
   9.8419200000000005e-03
   1.1749269999999999e-02
   1.0421770000000000e-02
   3.3493000000000004e-03
   1.4419550000000002e-03
   9.8419000000000002e-04
   6.9503800000000008e-03
   8.9263950000000002e-03
   1.0147050000000003e-03
   3.8146999999999986e-04
  -1.0452299999999999e-03
   5.4931600000000004e-03
   9.7275000000000000e-03
   4.4250500000000016e-04
   3.5934450000000002e-03
   6.8206750000000000e-03
   1.4595049999999998e-02
   1.5975960000000001e-02
   4.7912399999999996e-03
  -8.1634500000000000e-04
  -3.7994350000000003e-03
   5.9127800000000003e-03
   2.7008050000000001e-03
  -5.2566599999999998e-03
  -1.4472970000000002e-02
  -1.3092059999999999e-02
  -1.5792849999999997e-03
   4.5547485000000006e-03
   5.7983499999999990e-04
   7.7056999999999994e-04
   4.7683695000000003e-03
   1.8646250000000000e-02
   1.8150349999999999e-02
   1.1795020000000000e-02
   7.4920650000000000e-03
   1.0696435000000001e-02
   1.9210800000000000e-02
   2.6771550000000002e-02
   2.4757399999999999e-02
   1.4869705000000000e-02
   9.7961649999999990e-03
   1.3519305000000001e-02
   1.6990650000000000e-02
   1.3679505000000002e-02
   2.3880000000000004e-03
  -5.9508999999999994e-04
   5.0048835000000005e-03
   1.0559074999999999e-02
   1.7700150000000001e-02
   4.0740949999999998e-03
  -5.4168500000000008e-04
  -4.3640050000000007e-03
   5.1879499999999985e-04
  -3.1127950000000002e-03
  -1.3435340000000000e-02
  -1.3626095000000000e-02
  -8.8805900000000007e-03
  -1.4953600000000000e-03
  -1.8005349999999998e-03
  -7.3852429999999997e-03
  -9.7503700000000013e-03
  -7.3089649999999997e-03
   8.9264000000000010e-04
   9.4604700000000003e-03
   8.0108799999999997e-03
   7.4463100000000003e-03
   6.9503600000000000e-03
   1.5365600000000000e-02
   1.9859349999999998e-02
   7.2250350000000003e-03
   4.8294000000000002e-03
   4.2266830000000002e-03
   1.3107299999999999e-02
   1.9561749999999999e-02
   1.4953599999999999e-02
   5.4626449999999995e-03
   6.9580019999999996e-03
   1.2847915000000001e-02
   9.1400400000000003e-03
   1.5502914999999999e-02
   1.2908960000000001e-02
   1.1489880000000001e-02
   1.5235894999999999e-02
   1.6586299999999998e-02
   8.6364900000000001e-03
  -8.6212000000000007e-04
  -5.5694600000000000e-03
   2.1362500000000006e-04
   8.3236750000000009e-03
   9.2620749999999998e-03
   2.8762850000000006e-03
  -3.2196050000000004e-03
   3.2730105000000000e-03
   7.6522650000000001e-03
   8.3847000000000001e-03
  -1.4419550000000000e-03
  -9.4604500000000005e-03
  -4.9438450000000005e-03
   1.3664249999999999e-02
   1.8852250000000001e-02
   1.0742195000000000e-02
   5.9967049999999997e-03
   6.2255999999999995e-03
   1.6197199999999998e-02
   2.1499649999999999e-02
   1.6670250000000001e-02
   8.7280499999999994e-03
   5.9814350000000002e-03
   1.2298549999999998e-02
   9.1476449999999994e-03
  -4.2724499999999971e-04
  -4.0283200000000002e-03
  -6.3324000000000002e-03
   3.1890890000000000e-03
   1.1184699999999999e-02
   5.6305150000000000e-03
   1.0833700000000002e-03
  -1.1901850000000003e-03
   3.2272335000000001e-03
   3.9596549999999994e-03
   4.4326804999999993e-03
  -2.1667450000000003e-03
  -9.6740600000000000e-03
  -1.4190649999999997e-03
   5.0964374999999994e-03
   1.7623949999999999e-03
  -8.5678000000000004e-03
  -6.4392319999999996e-03
   1.5487650000000001e-03
   6.8206750000000000e-03
   6.8664549999999996e-03
  -5.5008000000000001e-03
   1.2512199999999999e-03
   1.1955300000000000e-02
   1.4503499999999999e-02
   1.1833179999999999e-02
   7.4005314999999999e-03
   1.8005350000000002e-03
   7.6522650000000001e-03
   1.4221200000000000e-02
   1.6838050000000000e-02
   1.0231039999999999e-02
   4.1122650000000004e-03
   5.7220600000000002e-03
   1.0330220600000000e-02
   8.4533499999999984e-03
  -1.5250000000000506e-05
  -7.4462950000000003e-03
  -3.5171499999999997e-03
   5.8899165000000000e-03
   1.0841350000000000e-02
  -1.9836499999999983e-04
  -1.1833175000000000e-02
  -1.1169450000000001e-02
  -4.3258669999999997e-03
  -4.0054295000000002e-03
  -5.5541844999999999e-03
  -1.0368329999999999e-02
  -1.3107299999999999e-02
  -7.6217649999999991e-03
  -6.1264000000000006e-03
  -8.9492549999999997e-03
  -1.8425000000000000e-02
  -1.8493650000000000e-02
  -1.1108400000000001e-02
  -6.3095099999999999e-03
  -1.2138355000000000e-02
  -1.4747630000000001e-02
  -1.1367805000000000e-02
  -8.5372699999999996e-03
   1.0833750000000001e-03
   3.8375849999999997e-03
   3.0517499999999998e-04
  -7.7056499999999997e-04
   1.9836443999999998e-03
   2.9220599999999998e-03
   3.2424906000000000e-03
  -6.5612754999999998e-03
  -1.1581445000000001e-02
  -1.2062085000000000e-02
  -8.7127750000000007e-03
  -3.9901750000000003e-03
  -9.1247500000000009e-03
  -1.2657145000000000e-02
  -1.4228809999999998e-02
  -7.4005000000000008e-03
  -7.7056849999999994e-03
  -1.1566145000000000e-02
  -1.8760650000000000e-02
  -1.6891449999999999e-02
  -5.5542000000000005e-03
  -5.3253030499999998e-03
  -1.0879505000000001e-02
  -1.4945979999999999e-02
  -2.0034799999999998e-02
  -1.5693684999999999e-02
  -9.7351249999999990e-03
  -4.2800900000000003e-03
  -1.1009194999999999e-02
  -1.2191765000000000e-02
   4.9591050000000001e-03
   1.9149949999999996e-03
   3.0059799999999997e-03
  -6.5765200000000006e-03
  -2.7313399999999996e-03
   6.0043550000000003e-03
   1.0307330000000000e-02
   1.1123675000000000e-02
   3.4790250000000002e-03
  -3.7536649999999998e-03
   3.1509400000000001e-03
   3.9825435000000005e-03
   4.4326899999999995e-03
  -2.2888400000000003e-03
  -1.0597225000000000e-02
  -1.0604840000000001e-02
   1.8539450000000005e-03
   8.2855020000000001e-03
  -1.0223399999999996e-03
  -3.5476649999999993e-03
  -6.5918095000000003e-03
   3.8833649999999997e-03
   1.1878980000000001e-02
  -4.5780000000000039e-05
  -5.8441200000000004e-03
  -3.2119749999999997e-03
   6.9885450000000005e-03
   7.8429934999999992e-03
   6.2103469499999999e-03
  -1.2359599999999999e-03
  -5.6304900000000001e-03
   3.4942625000000003e-03
   3.8833609999999997e-03
   1.5106199999999998e-03
  -8.0261049999999987e-03
  -2.1667499999999998e-03
   1.3649000000000001e-02
   1.9165049999999999e-02
   1.8234250000000000e-02
   1.4205915000000000e-02
   8.5678200000000003e-03
   1.9134550000000000e-02
   2.4185200000000000e-02
   5.5694625000000005e-03
   5.4626480000000005e-03
   2.9220549999999998e-03
   7.6828050000000009e-03
   8.7509249999999997e-03
   7.7056699999999995e-03
  -3.1127900000000003e-03
  -6.9122235000000001e-03
   1.9683844999999998e-03
   3.1738269999999997e-03
   4.4479300000000001e-03
   4.7302500000000018e-04
  -3.2272350000000002e-03
  -2.3193400000000000e-03
   5.7983399999999999e-03
   9.4757250000000008e-03
   2.6397700000000001e-03
  -9.7427199999999999e-03
  -8.3084250000000012e-03
   5.7983499999999990e-04
  -3.2730099999999998e-03
  -1.1337280000000000e-02
  -1.8013000000000001e-02
  -1.4022850000000000e-02
  -1.5548699999999999e-02
  -8.5601899999999988e-03
  -8.6364749999999994e-03
  -6.9580199999999997e-03
  -8.1176549999999997e-03
   6.5917850000000002e-03
   1.4114399999999999e-02
   9.4070649999999992e-03
   9.2468299999999993e-03
   4.2266856000000002e-03
   9.8037950000000006e-03
   9.3994000000000005e-03
   1.7471300000000000e-03
  -3.6621099999999997e-03
  -1.1985800000000000e-02
  -4.0130604999999995e-03
   1.8081650000000000e-03
   5.5084200000000000e-03
  -3.8147000000000007e-04
  -1.5258799999999999e-03
   4.2953490000000004e-03
   9.3231049999999999e-03
   3.2806500000000021e-04
  -5.3863550000000007e-03
  -7.8506250000000000e-03
   2.7084349999999995e-03
   9.4681000000000001e-03
   4.9133399999999995e-03
  -2.8228500000000017e-04
  -2.5787350000000000e-03
  -5.5236814999999996e-03
  -6.9885149999999998e-03
  -9.3078999999999992e-04
  -7.5225900000000000e-03
  -1.1451714999999999e-02
  -6.0882729999999999e-03
   7.3318429999999993e-03
   1.4984140000000000e-02
   6.3705389999999997e-03
  -2.0904549999999997e-03
   5.2643000000000004e-04
   9.2773300000000003e-03
   1.2954690000000001e-02
   2.6016249999999998e-03
  -4.7988874999999997e-03
  -8.6441150000000008e-03
  -4.4097900000000002e-03
  -7.5683725000000000e-03
  -1.4083870000000000e-02
  -1.8539449999999999e-02
  -1.7127999999999997e-02
  -1.7730750000000000e-02
  -8.8119300000000008e-03
  -1.1756895000000000e-02
  -1.6914400000000000e-02
  -2.1675150000000001e-02
  -1.7677300000000000e-02
  -1.1436455000000000e-02
  -8.1482004999999993e-03
  -1.1650064999999999e-02
  -1.0665915000000000e-02
  -2.9296900000000000e-03
  -4.6615549999999995e-03
  -9.7274549999999994e-03
  -1.7890949999999999e-02
  -1.8577600000000000e-02
  -1.1657730000000000e-02
  -7.4386399999999998e-03
  -9.8952999999999992e-03
  -1.7852800000000002e-02
  -1.5502925000000001e-02
  -7.2555399999999996e-03
  -1.4953599999999998e-03
   1.8844650000000001e-03
  -3.9062699999999999e-03
  -2.3651100000000001e-03
  -1.7013524999999999e-03
   4.4479350000000001e-03
  -3.4179500000000003e-03
  -2.3727449999999999e-03
  -5.3482099999999999e-03
  -8.4915300000000006e-03
   2.1667489999999999e-03
   7.6293899999999998e-03
  -1.2634299999999999e-02
  -1.9630399999999999e-02
  -1.3664260000000001e-02
  -7.7667049999999996e-03
  -8.1939739999999997e-03
  -1.2145985000000000e-02
  -1.2657185000000001e-02
  -1.0887144999999999e-02
  -8.4686000000000006e-04
   2.4337750000000000e-03
  -4.8980750000000000e-03
  -1.4106745000000000e-02
  -1.3511635000000001e-02
  -1.6021999999999998e-04
  -1.4114349999999999e-03
  -3.7918150000000005e-03
  -3.1433099999999999e-03
  -1.0284425000000000e-02
  -4.8065199999999999e-03
  -6.6452000000000004e-03
  -5.7983500000000033e-04
  -5.2414049999999993e-03
  -5.7982999999999993e-04
   7.7209549999999998e-03
   1.2512195000000000e-02
   1.8875150000000000e-02
   8.0261050000000004e-03
   5.1193275000000005e-03
   6.6909750000000000e-03
   1.2763995000000000e-02
   1.4945964999999999e-02
   5.5694500000000001e-03
   1.2970000000000004e-03
   1.2206999999999999e-03
   1.0383615000000001e-02
   1.1688225000000000e-02
   5.6915450000000010e-03
   6.2790099999999998e-03
   1.1123635000000000e-02
   1.9714349999999999e-02
   1.8249500000000002e-02
   1.3755795000000001e-02
   4.9972799999999998e-03
   7.3928600000000002e-03
   9.6816850000000006e-03
   1.1962870000000000e-02
   6.8282849999999999e-03
  -1.1749249999999998e-03
  -2.8381350000000003e-03
   9.2849500000000001e-03
   1.0215785000000000e-02
   1.0177620000000000e-02
   1.1672950000000005e-03
   3.1204199999999996e-03
   1.9462600000000000e-02
   2.4940499999999997e-02
   1.9706750000000002e-02
   6.4010450000000002e-03
   9.7198549999999995e-03
   1.3740535000000002e-02
   2.1553049999999997e-02
   1.4991780000000000e-02
   8.5372999999999994e-03
   2.8152450000000001e-03
  -2.1591150000000001e-03
  -5.6457440000000003e-03
  -1.9302400000000002e-03
   1.7318699999999999e-03
  -1.3580300000000001e-03
   3.8376050000000004e-03
   9.0942350000000009e-03
   1.4595010000000000e-02
   6.7214850000000001e-03
   1.1062649999999995e-03
   2.4795549999999996e-03
   6.3171600000000005e-03
   4.1198699999999994e-03
  -6.0348350000000005e-03
  -8.2778950000000004e-03
  -5.7907150000000001e-03
   3.3340449999999999e-03
   1.7318750000000003e-03
  -5.7296900000000000e-03
  -3.7994399999999994e-03
   2.7618449999999998e-03
   6.4392149999999999e-03
   1.0467525000000000e-02
   5.5847350000000004e-03
   3.2348600000000000e-03
   5.0354000000000024e-04
   9.7961599999999999e-03
   1.9027750000000000e-02
   3.3187849999999998e-02
   2.8160049999999999e-02
   2.2041300000000000e-02
   2.6847849999999999e-02
   3.4179700000000000e-02
   2.5306700000000001e-02
   1.3427740000000001e-02
   7.0571849999999997e-03
   1.7349250000000000e-02
   1.4671350000000000e-02
   1.4053369999999999e-02
   9.6359250000000000e-03
   8.9416700000000005e-03
   1.7089850000000000e-02
   1.7005900000000001e-02
   2.0431550000000000e-02
   1.2260435000000000e-02
   9.8419099999999989e-03
   1.1787424999999999e-02
   1.5449549999999999e-02
   1.2580869999999999e-02
   7.2250309999999998e-03
   5.1803604999999999e-03
   9.8495649999999994e-03
   1.6426099999999999e-02
   1.6365049999999999e-02
   3.8452199999999999e-03
   2.7160550000000002e-03
   3.4255950000000000e-03
   2.0225550000000002e-02
   2.9624949999999997e-02
   2.4101249999999998e-02
   1.4320395000000000e-02
   1.3336195000000000e-02
   2.7000400000000001e-02
   2.6473999999999998e-02
   1.7967250000000001e-02
   1.3877870000000000e-02
   1.5151999999999999e-02
   2.7023300000000000e-02
   2.3384100000000001e-02
   1.6761800000000000e-02
   6.6604500000000001e-03
   7.3242499999999987e-04
   8.4991500000000005e-03
   8.5525400000000008e-03
   6.3323874999999998e-03
   1.0376000000000001e-03
  -8.0108499999999999e-03
  -4.2800885000000002e-03
  -2.1209699999999998e-03
  -1.2207000000000016e-04
  -8.7127650000000008e-03
  -1.2130715000000000e-02
  -8.3389149999999988e-03
  -5.8136000000000004e-03
  -4.9438450000000005e-03
  -1.1642454999999999e-02
  -1.2298550000000000e-02
  -1.0269155000000000e-02
  -6.8664999999999980e-05
  -4.7302250000000002e-03
  -1.5869120000000000e-02
  -1.8371600000000002e-02
  -7.7361950000000004e-03
   3.7689214999999999e-03
   7.3699950000000007e-03
   5.9051550000000005e-03
   8.1405850000000005e-03
   2.0698550000000000e-02
   2.7725199999999998e-02
   2.8144849999999999e-02
   2.0133950000000001e-02
   1.4373790000000001e-02
   5.3176874999999995e-03
   7.7362000000000004e-03
   8.4686250000000005e-03
  -1.0910049999999999e-03
  -8.1329200000000001e-03
  -8.7280250000000004e-03
   3.0212390000000002e-03
   4.1503899999999995e-03
  -4.6539499999999996e-04
  -3.6087050000000002e-03
  -7.1716499999999999e-03
   3.3569350000000001e-03
   1.1802650000000001e-02
  -3.1967149999999997e-03
  -6.7901849999999998e-03
  -7.9040650000000000e-03
   3.4790050000000003e-03
   1.0971075000000000e-02
   1.6860949999999999e-03
  -5.8288790000000004e-03
  -1.7929088000000000e-03
  -3.2653800000000000e-03
  -3.9520249999999996e-03
  -3.1585699999999999e-03
  -7.4463050000000003e-03
  -4.1122460000000000e-03
   2.2583000000000000e-03
   1.0574355000000001e-02
   1.4823895000000000e-02
   7.1258344999999999e-03
   1.1207590000000000e-02
   1.5731799999999997e-02
   2.0057699999999998e-02
   1.9653299999999999e-02
   4.5700150000000002e-03
  -1.7623899999999997e-03
   1.6860950000000001e-03
   4.9514750000000003e-03
   1.0055524999999999e-02
   5.9051749999999995e-03
   3.0517499999999998e-04
  -2.0141600000000001e-03
   1.0948184999999999e-02
   8.4152250000000001e-03
  -7.6300000000002234e-06
  -3.2196300000000002e-03
  -4.4479375000000005e-03
   5.0888040000000006e-03
   8.2626499999999999e-03
  -2.0217899999999999e-03
  -7.4844200000000003e-03
  -9.2773249999999995e-03
  -3.4408590000000001e-03
  -1.7776500000000000e-03
  -8.4533449999999993e-03
  -1.3664264999999998e-02
  -1.5686050000000000e-02
  -1.6975400000000002e-02
  -6.8283099999999998e-03
  -1.3961799999999999e-03
  -1.0185224999999999e-02
  -1.0437015000000001e-02
   3.8528450000000001e-03
   9.6740600000000000e-03
   1.0360695000000000e-02
  -4.6768199999999999e-03
  -1.1047375000000000e-02
  -6.6452050000000004e-03
  -5.4016100000000003e-03
  -1.9912724999999998e-03
  -6.1340149999999996e-03
  -6.8588299999999998e-03
  -1.0253890000000000e-02
  -1.0398879999999999e-02
  -5.3634793999999993e-03
  -5.3329500000000004e-03
  -6.9046100000000003e-03
  -5.5236849999999995e-03
   4.9514750000000003e-03
   4.0969824000000000e-03
  -3.8299649999999998e-03
  -5.8746414999999996e-03
  -3.1127934999999997e-03
  -1.8539454999999998e-03
   5.2490250000000000e-03
   3.7155134999999999e-03
  -6.6909799999999992e-03
  -9.4070450000000010e-03
  -5.0735450000000005e-03
  -5.0277700000000000e-03
  -1.6334499999999998e-02
  -1.5785199999999999e-02
  -1.5968299999999998e-02
  -2.1820095000000001e-03
   2.6321414999999999e-03
  -3.8833600000000002e-03
  -7.9727100000000009e-03
  -4.2953499999999999e-03
   9.4146649999999991e-03
   8.7585649999999994e-03
   8.0642700000000001e-03
  -1.0833760000000000e-02
  -1.8791200000000001e-02
  -1.2748750000000000e-02
  -1.3519300000000000e-02
  -1.7715450000000001e-02
  -2.3674050000000002e-02
  -2.5566100000000001e-02
  -1.9462600000000000e-02
  -1.2069699999999999e-02
  -1.0879505000000001e-02
  -2.0057700000000001e-02
  -1.5045150000000000e-02
  -1.5922550000000001e-02
  -1.1520400000000000e-02
  -1.4228800000000000e-02
  -1.5182500000000002e-02
  -1.2672450000000000e-02
  -1.6365049999999999e-02
  -1.4274600000000000e-02
  -1.0055520000000000e-02
  -1.8425000000000000e-02
  -2.0431499999999998e-02
  -1.9439700000000001e-02
  -1.1947599999999999e-02
  -1.0131850000000000e-02
  -1.1718750000000000e-02
  -7.9422000000000000e-03
  -1.9454954999999999e-03
   5.4397600000000001e-03
   9.7427549999999988e-03
   8.6975200000000003e-03
   1.0116570000000000e-02
   3.2501200000000000e-03
   9.8571700000000002e-03
   6.3400250000000000e-03
   3.4561150000000001e-03
  -7.3242000000000012e-04
  -7.7438350000000001e-03
   2.4566649999999998e-03
   7.2937050000000002e-03
   1.6708349999999999e-03
  -6.9961299999999997e-03
  -6.6680899999999998e-03
   1.2817390000000001e-03
   9.4222849999999990e-03
   1.5983600000000001e-02
   3.4332299999999998e-03
  -6.6757400000000003e-03
  -3.3416744999999999e-03
   1.4648420000000001e-03
   5.4016105000000000e-03
  -4.5013420000000002e-03
  -7.6599149999999998e-03
  -1.2077350000000001e-02
  -9.3994149999999995e-03
  -2.2964461999999998e-03
  -1.1039730000000001e-02
  -1.7021200000000000e-02
  -1.1970500000000000e-02
  -4.3716400000000004e-03
  -2.3040800000000000e-03
  -3.5171500000000001e-03
  -4.1961685000000007e-03
  -3.7994400000000003e-03
   8.4533700000000000e-03
   1.2390149999999999e-02
   7.6446750000000001e-03
   8.2702499999999998e-03
   1.3580350000000000e-02
   9.9639849999999999e-03
   5.9738150000000004e-03
  -6.2713400000000002e-03
  -1.0360695000000000e-02
  -2.0248400000000000e-02
  -2.3132300000000001e-02
  -2.8839099999999999e-02
  -4.1641249999999998e-02
  -5.3749100000000001e-02
  -6.2103300000000000e-02
  -7.3158250000000008e-02
  -8.2771299999999992e-02
  -9.1255200000000009e-02
  -9.7595349999999997e-02
  -1.0164660000000000e-01
  -9.4299350000000004e-02
  -8.4785500000000014e-02
  -7.5118999999999991e-02
  -9.7099400000000002e-02
  -1.1387650000000001e-01
  -1.0215750000000000e-01
  -8.2992549999999998e-02
  -8.8752749999999991e-02
  -9.4741600000000009e-02
  -8.3175649999999990e-02
  -6.8427999999999989e-02
  -5.1979049999999999e-02
  -5.9776299999999997e-02
  -6.1592099999999997e-02
  -6.1683650000000007e-02
  -6.1256399999999996e-02
  -5.6014999999999995e-02
  -5.2276650000000001e-02
  -4.5471150000000002e-02
  -2.5207549999999999e-02
  -4.4349699999999999e-02
  -3.3737199999999995e-02
  -1.9119250000000001e-02
  -1.8157949999999999e-02
  -1.8814100000000000e-02
  -1.9348150000000001e-02
  -7.7285599999999998e-03
  -6.2637350000000003e-03
  -3.6468550000000001e-03
  -5.4397793999999998e-03
  -7.0037699999999994e-03
   8.6135900000000008e-03
   1.5487649999999999e-02
   1.9477849999999998e-02
  -1.0238631500000000e-02
  -3.9062349999999997e-03
   5.5236799999999996e-03
   1.5617370000000000e-02
   2.5497449999999998e-02
   1.8554700000000000e-02
   1.0406470000000001e-02
   2.0614600000000000e-02
   3.3676150000000002e-02
   2.9510499999999999e-02
   1.1436465000000000e-02
   1.5945439999999998e-02
   3.5034200000000001e-02
   3.0380249999999998e-02
   3.2699599999999995e-02
   3.1486500000000001e-02
   3.4675600000000001e-02
   3.8490299999999998e-02
   5.5542000000000001e-02
   5.8280949999999998e-02
   3.6392200000000000e-02
   2.6870749999999999e-02
   3.2516500000000004e-02
   4.1976949999999999e-02
   4.2411799999999999e-02
   3.1730649999999999e-02
   1.8333450000000001e-02
   2.4421650000000000e-02
   1.3053894999999999e-02
   3.3920300000000000e-02
   2.4848900000000000e-02
   1.5945435000000001e-02
   5.2719199999999994e-03
   7.8277550000000005e-03
   2.1804799999999999e-02
   2.6473999999999998e-02
   1.6204830000000000e-02
   1.9310000000000001e-02
   2.8427099999999997e-02
   3.4622199999999999e-02
   3.3493050000000003e-02
   2.5115949999999998e-02
   2.0187400000000001e-02
   3.1372049999999999e-02
   3.6338849999999999e-02
   3.6605800000000001e-02
   2.9640199999999998e-02
   3.2394450000000005e-02
   3.8177500000000003e-02
   4.1999800000000004e-02
   4.4204700000000000e-02
   3.4713750000000002e-02
   3.9321900000000007e-02
   5.1292400000000002e-02
   4.8957799999999996e-02
   4.7225950000000003e-02
   3.0151350000000000e-02
   3.8131749999999999e-02
   3.3691399999999996e-02
   4.1717549999999999e-02
   4.5135499999999995e-02
   3.4492499999999995e-02
   3.1486550000000002e-02
   2.5672900000000002e-02
   3.0158999999999998e-02
   3.4904499999999998e-02
   2.8976450000000001e-02
   2.0607000000000000e-02
   2.1469149999999999e-02
   2.8503399999999998e-02
   2.7328499999999999e-02
   2.4017299999999998e-02
   1.7486590000000000e-02
   1.5342725000000000e-02
   1.5563950000000000e-02
   1.5724149999999999e-02
   1.4320355000000000e-02
   2.0065300000000001e-02
   1.2741104999999999e-02
   1.3938900000000001e-02
   7.5225750000000001e-03
   8.3465599999999994e-03
  -3.5019000000000001e-03
  -4.1275249999999999e-03
   1.1054995000000000e-02
   1.6326899999999998e-02
   9.9334650000000007e-03
   1.1825600000000005e-03
  -7.3623500000000001e-03
  -1.0810835000000000e-02
