  -2.2277500000000006e-03
   2.2354050000000002e-03
   4.9972510000000003e-03
  -2.0141600000000001e-03
  -3.1890750000000004e-03
  -1.0620120000000000e-02
  -7.8659150000000011e-03
  -4.6920769999999994e-03
  -2.9907449999999999e-03
  -9.4680795000000005e-03
  -1.3587970000000001e-02
  -1.1795040000000000e-02
  -5.9661910000000000e-03
  -1.2283299999999999e-03
  -4.7683600000000001e-03
  -1.0368350000000000e-02
  -5.6762699999999998e-03
  -1.2283299999999999e-03
   7.9879849999999995e-03
   5.4931440000000002e-03
  -9.5367500000000018e-04
  -1.7547500000000002e-04
   1.8920899999999997e-03
   9.1018699999999998e-03
   7.4691950000000005e-03
   2.1209799999999997e-03
   4.0817400000000004e-03
   3.1127800000000003e-03
   4.8294250000000000e-03
   5.8670200000000006e-03
   6.0272099999999999e-03
   2.5329750000000002e-03
  -7.2478999999999990e-04
  -2.4413999999999990e-04
   4.0817150000000005e-03
   3.4561099999999997e-03
  -6.7367499999999997e-03
   4.4250500000000016e-04
   3.0822900000000006e-03
  -4.4250000000000018e-04
   4.5166000000000008e-03
   4.2266700000000009e-03
   7.7133150000000001e-03
   6.5384050000000006e-03
   6.2866450000000004e-03
   8.1634600000000009e-03
   1.6479599999999995e-03
   2.5024500000000002e-03
   7.6217450000000001e-03
   2.9144299999999995e-03
   1.9149700000000002e-03
  -2.1362449999999997e-03
   2.6702850000000001e-03
   2.2354150000000001e-03
   1.1444099999999998e-03
   1.8615749999999994e-03
   3.0520000000000026e-05
   2.7160650000000001e-03
   8.0871500000000021e-04
   1.6937250000000001e-03
  -4.7836349999999996e-03
  -9.9945030500000007e-03
  -1.0490414999999999e-02
  -1.0986329999999999e-02
  -9.8495349999999995e-03
  -1.2687695000000001e-02
  -5.0354249999999996e-03
  -6.5765200000000006e-03
  -6.0043330000000006e-03
   3.7307699999999996e-03
  -6.8664499999999962e-04
  -9.1628794000000006e-03
  -1.0162339999999999e-02
  -1.2100210000000000e-02
  -4.3563849999999999e-03
  -5.8212050000000003e-03
  -1.1672995000000000e-02
  -1.9271850000000000e-02
  -1.7410300000000000e-02
  -1.2916565000000001e-02
  -1.2237570000000000e-02
  -1.2962355000000000e-02
  -1.9180280000000001e-02
  -1.9058249999999999e-02
  -1.6548150000000001e-02
  -9.7961550000000008e-03
  -2.8839099999999995e-03
  -3.8299699999999994e-03
  -1.0681150000000001e-03
   3.6468500000000001e-03
   6.9427700000000000e-03
   3.2501250000000004e-03
  -5.3408000000000014e-04
  -4.1656475000000004e-03
  -4.3258699999999999e-03
  -4.4174300000000000e-03
  -5.3481999999999991e-03
   6.6378000000000010e-04
  -2.4414050000000007e-03
  -6.2789950000000008e-03
   2.9983500000000003e-03
   6.1798500000000058e-04
  -4.3182399999999992e-03
  -1.9454700000000004e-03
  -2.5863650000000002e-03
   3.8070704999999998e-03
   4.0740749999999999e-03
   2.2506699999999998e-03
   5.1879999999999938e-04
  -3.0364950000000002e-03
  -2.3040750000000000e-03
  -3.2806349999999996e-03
  -6.2561249999999995e-03
  -8.7356385000000002e-03
  -6.5154849999999997e-03
  -8.9264000000000010e-04
  -2.8457649999999997e-03
  -1.2435750000000002e-03
  -1.4800999999999998e-03
   4.8675550000000008e-03
   1.5640250000000001e-03
   1.6632099999999996e-03
   7.2860549999999996e-03
   8.3923500000000024e-04
   4.8523150000000003e-03
   8.5754650000000009e-03
   8.2244650000000002e-03
   1.0047900000000000e-02
   3.3416599999999998e-03
   1.2588500000000002e-03
  -1.9836445000000003e-03
   2.1362300000000002e-03
  -4.1198699999999994e-03
  -9.4451699999999993e-03
  -1.2870810000000000e-02
  -5.4779049999999999e-03
  -1.9378650000000000e-03
  -3.8986100000000003e-03
  -4.5852649999999998e-03
  -7.9803449999999998e-03
  -9.9029300000000008e-03
  -9.6130399999999998e-03
  -1.3137830000000000e-02
  -1.4495825000000000e-02
  -1.0437010000000000e-02
  -1.2344380000000000e-02
  -4.3411249999999995e-03
  -1.5182499999999999e-03
  -7.3394549999999999e-03
  -1.1566155000000000e-02
  -1.1474630000000000e-02
  -9.9029349999999999e-03
  -7.5683549999999997e-03
  -3.3645600000000004e-03
  -6.1797999999999996e-04
  -5.7983199999999996e-04
   2.3651104999999999e-03
  -4.0436000000000031e-04
  -1.3809199999999999e-03
   1.5792850000000002e-03
   7.4157649999999995e-03
   9.0790049999999994e-03
   8.3770500000000005e-03
   6.7138435000000003e-03
   3.9749125000000003e-03
   4.5166000000000000e-03
   7.5378349999999997e-03
   4.4250499999999998e-03
  -1.3427750000000000e-03
  -6.8511900000000001e-03
  -7.0571849999999997e-03
  -3.3569500000000000e-04
   3.1433100000000003e-03
   2.1362300000000002e-03
  -9.8418999999999980e-04
   2.3651150000000001e-03
   4.5089700000000002e-03
   2.1133404999999997e-03
   6.7901499999999983e-04
  -1.2069719999999999e-02
  -1.1436465000000000e-02
  -1.2290950000000000e-02
  -6.8130450000000002e-03
  -7.1716100000000001e-03
  -8.9111399999999997e-03
  -1.2741100000000000e-02
  -1.1734025000000000e-02
  -5.6686400000000000e-03
  -4.7683704999999998e-03
  -5.0430399999999995e-03
  -4.6691800000000002e-03
  -1.8844600000000001e-03
   6.7825550000000000e-03
   3.9520299999999996e-03
  -1.6556000000000001e-03
  -2.0599349999999997e-03
  -5.1803625000000006e-03
  -6.9427299999999994e-03
  -7.6522889999999996e-03
  -1.2237564999999999e-02
  -1.6838094999999997e-02
  -1.1215210000000000e-02
  -1.1062599999999999e-02
  -1.0574354999999999e-02
  -8.1481699999999997e-03
  -1.6090375000000001e-02
  -1.2466415000000000e-02
  -9.5519850000000007e-03
  -9.2010649999999996e-03
  -5.3787300000000000e-03
  -9.4986000000000011e-03
  -9.7808649999999997e-03
  -4.4250449999999998e-03
  -4.2648314999999999e-03
  -4.3411000000000005e-03
  -1.6479500000000001e-02
  -8.6974949999999995e-03
  -7.9803449999999998e-03
  -7.0724350000000002e-03
  -1.1146520000000000e-02
  -1.5609740000000000e-02
  -1.2062085000000000e-02
  -4.8064999999999978e-04
   8.2473750000000012e-03
   7.5454950000000002e-03
   6.6604650000000008e-03
   7.4233904999999999e-03
   1.0253915000000001e-02
   1.2657145000000000e-02
   1.1444110000000000e-02
   1.1596685000000001e-02
   9.3307700000000004e-03
   1.8539410000000000e-03
  -2.9754999999999972e-04
  -3.8604700000000000e-03
  -8.7966849999999985e-03
  -9.1705399999999996e-03
  -4.7454649999999999e-03
   8.8195600000000006e-03
   6.1111215000000003e-03
   6.2103250000000000e-03
   1.8310550000000003e-03
  -1.0375950000000001e-03
   5.3253199999999997e-03
   2.8915399999999997e-03
   1.1444099999999998e-03
   5.9508999999999994e-04
   3.5934449999999998e-03
   1.4495500000000000e-04
  -1.7242450000000001e-03
  -7.8201355000000004e-03
  -5.7525650000000003e-03
  -1.1154170000000000e-02
  -6.2332150000000003e-03
   7.6295000000000095e-05
   4.2495800000000002e-03
   5.5313300000000001e-03
   9.7122000000000007e-03
   1.0429375000000001e-02
   1.3053900000000000e-02
   1.1314369999999999e-02
   6.9198750000000007e-03
   7.2479150000000006e-03
   2.5558450000000002e-03
   4.4937099999999997e-03
  -3.0670199999999993e-03
  -1.7494204999999999e-02
  -1.8150300000000001e-02
  -1.6838050000000000e-02
  -7.4691749999999998e-03
  -1.4686589999999999e-02
  -1.0597206500000001e-02
  -1.0414100000000001e-02
  -1.0078439999999999e-02
  -6.7596374999999995e-03
  -2.8991699999999995e-03
  -5.6686499999999999e-03
  -1.2619030000000000e-02
  -1.2535075000000000e-02
  -8.2015999999999999e-03
  -1.1238105000000000e-02
  -1.6738889999999999e-02
  -1.6159045000000000e-02
  -1.1581404999999999e-02
  -8.4991649999999995e-03
  -7.6293799999999998e-03
  -7.9269649999999994e-03
  -1.3359065000000000e-02
  -1.3954184999999999e-02
  -4.9819950000000003e-03
   2.2964459999999997e-03
   4.2114400000000003e-03
   5.1879949999999999e-03
   9.1247550000000000e-03
   1.1558535000000000e-02
   1.9401550000000000e-02
   1.6136154999999999e-02
   1.3275140000000000e-02
   1.5182500000000000e-02
   9.3460149999999992e-03
   1.4984100000000000e-02
   1.2863150000000000e-02
   9.6206900000000012e-03
   1.0589579999999999e-02
   2.7084355000000001e-03
   5.3405749999999993e-03
   6.4926200000000002e-03
  -1.3809399999999998e-03
   2.4719349999999998e-03
   5.6915469500000001e-03
   8.0337350000000002e-03
   1.0620095000000000e-02
   1.2268055000000000e-02
   1.5113850000000002e-02
   1.2359615000000001e-02
   1.9882250000000001e-02
   1.4564519999999999e-02
   1.0910009999999999e-02
   9.7045750000000000e-03
   9.1095199999999994e-03
   1.2794500000000000e-02
   6.8817299999999991e-03
  -1.0833750000000001e-03
   1.9378699999999995e-03
   8.7280150000000004e-03
   1.5571600000000000e-02
   1.6426099999999999e-02
   1.4015179999999999e-02
   9.5215000000000004e-03
   1.9676199999999998e-02
   2.6298550000000000e-02
   2.9022199999999998e-02
   2.4757350000000001e-02
   1.4266959999999999e-02
   9.6359050000000002e-03
   9.4528299999999989e-03
   9.2468399999999992e-03
   9.3612700000000014e-03
   2.5787250000000000e-03
   8.2092450000000004e-03
   9.7885350000000010e-03
   1.6075100000000002e-02
   1.7593399999999999e-02
   7.1411349999999998e-03
   1.0467525000000000e-02
   8.2931600000000008e-03
   7.0190499999999998e-03
   5.4702594999999996e-03
   8.6975000000000030e-04
   7.3242500000000009e-04
  -4.6157849999999999e-03
   8.3924999999999994e-05
  -6.3095250000000007e-03
  -1.1352549999999999e-02
  -7.8506599999999989e-03
  -8.1024249999999999e-03
  -1.2588499999999999e-03
  -3.1585700000000003e-03
   1.2741049999999998e-03
   4.4250500000000016e-04
   1.7013529999999998e-03
  -1.3427740000000001e-03
   1.5716550000000001e-03
   6.5078740000000003e-03
   3.8070900000000000e-03
   5.9509500000000000e-03
   7.6294099999999997e-03
   5.2871699999999999e-03
  -2.1667450000000003e-03
  -1.4373785000000000e-02
  -1.1985780000000000e-02
  -7.9956100000000002e-03
  -8.4304900000000006e-03
  -7.2098004999999995e-03
  -4.7607394999999997e-03
  -5.0735460000000000e-03
  -8.3924999999999994e-05
  -2.3040750000000000e-03
  -6.0119676000000002e-03
  -7.5454900000000002e-03
  -2.2583000000000000e-03
  -3.4256000000000000e-03
  -2.4719230500000002e-03
  -3.8909900000000000e-03
  -6.1492949999999999e-03
  -5.7220450000000003e-03
  -6.6757199999999996e-03
  -4.3029799999999997e-03
  -3.6010750000000005e-03
  -1.3648980000000000e-02
  -1.2825005000000000e-02
  -1.2275700000000001e-02
  -5.7983399999999999e-03
  -1.0910049999999997e-03
  -8.4686450000000003e-03
  -8.1634500000000009e-03
  -4.0512094999999998e-03
   8.5754450000000010e-03
   1.3740499999999999e-02
   1.2870795000000001e-02
   7.2403199999999997e-03
   6.5155000000000005e-03
   8.6212199999999989e-03
   4.8980719999999998e-03
   7.4997050000000006e-03
   6.9427350000000002e-03
   5.1345814999999998e-03
   9.4680849999999993e-03
   9.7732599999999989e-03
   7.8048564999999995e-03
   1.8386850000000001e-03
   7.7590850000000006e-03
   3.6087055000000000e-03
   3.6697399999999999e-03
  -2.9983750000000002e-03
  -8.5296499999999997e-03
  -5.5007950000000002e-03
  -3.3493050000000003e-03
  -3.4637460000000002e-03
  -8.2397500000000005e-03
  -8.8882649999999994e-03
  -4.7149700000000006e-03
  -4.1198699999999994e-03
  -1.2741070000000000e-03
  -9.5138599999999990e-03
  -1.1581434999999999e-02
  -4.5776400000000000e-03
   5.0811750000000003e-03
   9.0179249999999996e-03
   1.1833194999999999e-02
   7.3547200000000004e-03
   8.3389450000000004e-03
   1.3206499999999999e-02
   1.6693149999999997e-02
   1.3633750000000000e-02
   1.0681140000000000e-02
   6.4086899999999999e-03
   2.4948135000000000e-03
   6.9351199999999995e-03
  -2.4795550000000000e-03
  -7.6446735000000000e-03
  -4.9057010000000002e-03
  -2.8228755000000000e-03
  -8.4686500000000003e-04
   5.0354199999999997e-03
   3.9062500000000000e-03
  -5.3405500000000029e-04
  -4.2724500000000014e-04
   2.5253299999999997e-03
   6.4086999999999998e-04
  -3.1433250000000002e-03
  -5.3482299999999998e-03
   4.6386550000000002e-03
   5.5847350000000004e-03
   2.7618399999999998e-03
   9.2315499999999972e-04
  -6.1263849999999998e-03
  -2.2201550000000001e-03
  -8.7738049999999991e-03
  -5.2413950000000003e-03
  -2.9602049999999996e-03
  -3.3569350000000001e-03
   1.5259000000000019e-04
   4.0588385000000001e-03
   1.1459335000000001e-02
   8.8043099999999992e-03
   1.1894200000000001e-02
   1.0925290000000001e-02
   1.1520349999999999e-02
   8.9416499999999989e-03
   5.3710894999999996e-03
  -3.2501299999999999e-03
  -4.9896450000000000e-03
  -4.6463049999999999e-03
  -3.7307745000000002e-03
  -4.6310424000000003e-03
  -2.2583200000000003e-03
   6.0272499999999970e-04
   2.2888205999999998e-03
   6.3705400000000001e-03
   4.4326805000000002e-03
  -1.1062650000000002e-03
  -1.9226079999999999e-03
  -5.6839000000000004e-03
   2.0751974999999997e-03
  -2.2125499999999995e-04
  -1.0025019999999999e-02
  -9.4757200000000000e-03
  -4.1351299999999999e-03
  -1.4419534999999999e-03
  -7.6293999999999993e-04
  -1.8844599999999999e-03
  -6.3171334999999997e-03
  -3.6926250000000002e-03
   3.0670175000000002e-03
   1.4678999999999999e-02
   1.6334519999999998e-02
   9.5214850000000014e-03
   9.2773400000000002e-03
   1.2016300000000001e-02
   1.3481150000000001e-02
   1.3343789999999999e-02
   1.2527455000000000e-02
   2.0011899999999999e-02
   1.5914899999999999e-02
   1.3267500000000000e-02
   8.6593600000000014e-03
   2.7160650000000001e-03
   1.9226050000000000e-03
  -3.5095250000000003e-03
  -3.1967185000000000e-03
  -5.5160599999999997e-03
  -8.0108849999999988e-03
  -5.9738149999999995e-03
  -2.9830950000000003e-03
  -5.1116900000000001e-04
  -4.5776500000000017e-04
  -1.9531249999999998e-03
  -8.0871500000000000e-04
   9.9179999999999928e-05
   4.3411255000000001e-03
  -2.9754650000000001e-03
  -1.0116574999999999e-02
  -1.2329115000000002e-02
  -1.6243000000000000e-02
  -1.5525799999999999e-02
  -1.5159600000000001e-02
  -2.4116499999999999e-02
  -1.5304580000000002e-02
  -1.2542700000000000e-02
  -5.7220500000000000e-04
  -6.5155050000000004e-03
  -6.3781654999999996e-03
  -9.6511750000000014e-03
  -5.0353900000000000e-04
   4.8446649999999997e-03
   1.5640250000000001e-03
   7.3166100000000003e-03
  -1.3885500000000001e-03
  -1.8386855000000000e-03
  -6.1874400000000006e-03
  -8.0642800000000001e-03
  -1.2947065000000001e-02
  -1.1039725000000000e-02
  -1.2657160000000001e-02
  -1.2741070000000000e-02
  -6.1264070000000004e-03
  -8.1558050000000003e-03
  -1.4892575000000000e-02
  -1.0314944999999999e-02
  -9.6893550000000002e-03
  -2.8991680499999999e-03
   7.6293999999999971e-04
  -6.7748914999999996e-03
  -8.5678300000000002e-03
  -1.0925310000000001e-02
  -1.0139469999999999e-02
  -1.3488775000000000e-02
  -1.6815190000000001e-02
  -1.4984149999999998e-02
  -1.1489849999999999e-02
  -1.1146550000000000e-02
  -9.3994249999999994e-03
  -7.3394949999999997e-03
  -7.2097749999999999e-03
  -4.7149649999999998e-03
   3.0899039999999997e-03
   6.4316050000000000e-03
   1.4190649999999997e-03
  -2.4566650000000002e-03
  -3.9215099999999996e-03
   4.5776400000000004e-04
  -2.4948139999999997e-03
  -5.2032500000000004e-03
  -6.1645609999999998e-03
  -2.6245094999999999e-03
  -3.4332250000000003e-04
   1.6021999999999998e-04
   2.5177000000000003e-03
  -2.6092499999999996e-03
  -1.5335100000000001e-03
  -6.4086999999999998e-04
   1.4572150000000000e-03
  -6.1492819999999998e-03
  -1.1642470000000000e-02
  -9.4070649999999992e-03
  -1.6693100000000002e-02
  -1.6029399999999999e-02
  -1.4289840000000000e-02
  -1.3214105000000000e-02
  -8.5678149999999995e-03
  -4.0130635000000005e-03
   3.5934450000000007e-03
   5.9280150000000000e-03
   1.7623899999999995e-03
  -7.6294000000000015e-04
   3.4484900000000002e-03
   6.9885249999999998e-03
   4.6768184999999999e-03
  -8.0871499999999978e-04
   2.9220589999999999e-03
   3.2348640000000001e-03
   4.7302249999999994e-03
   5.2261355000000004e-03
  -3.7078649999999999e-03
  -5.6228618000000001e-03
  -7.4462950000000003e-03
  -7.4691549999999999e-03
  -1.0757434999999999e-02
  -1.2771609999999999e-02
  -1.8661499999999998e-02
  -2.1339450000000003e-02
  -1.3481150000000001e-02
  -9.6816950000000006e-03
  -6.0730109999999997e-03
  -1.1726395000000001e-02
  -1.1230449999999999e-02
  -7.1563700000000004e-03
  -8.6059600000000010e-03
  -8.6517299999999998e-03
  -6.8511949999999992e-03
  -2.0294175000000001e-03
  -1.1978140000000000e-03
  -8.3770549999999996e-03
  -1.1260994999999999e-02
  -1.7250049999999999e-02
  -1.7227199999999998e-02
  -1.8791200000000001e-02
  -2.1667449999999998e-02
  -2.4841300000000000e-02
  -2.0919800000000002e-02
  -1.1848460000000002e-02
  -5.9509250000000001e-03
  -3.5934449999999998e-03
  -5.2795354999999999e-03
  -8.0795250000000006e-03
  -3.1433124999999998e-03
  -2.4566650000000002e-03
   4.9590999999999991e-04
   2.1057149999999998e-03
  -2.9525770000000001e-03
  -1.0505670000000000e-02
  -1.4457700000000000e-02
  -1.0185225000000001e-02
  -1.4663715000000001e-02
  -1.5266435000000000e-02
  -2.1759049999999999e-02
  -1.6014090000000002e-02
  -7.9803399999999990e-03
  -6.2331940000000001e-03
  -7.9040450000000002e-03
  -1.0467509999999999e-02
  -9.0637249999999999e-03
  -5.4397600000000001e-03
   3.9673000000000009e-04
  -2.8839099999999999e-03
  -1.2619010000000000e-02
  -1.1070250000000000e-02
  -7.9574550000000004e-03
  -1.1039730000000001e-02
  -1.0299679999999999e-02
  -1.3092020000000001e-02
  -1.4457700000000000e-02
  -1.3023350000000000e-02
  -1.5243549999999998e-02
  -7.2402800000000000e-03
  -7.9650950000000002e-03
  -5.7678249999999999e-03
  -2.8305050000000001e-03
   8.8500499999999991e-04
   4.7683504999999999e-03
   3.2653850000000004e-03
   2.7466000000000014e-04
   1.3122550000000000e-03
   6.2255899999999996e-03
   2.7008050000000001e-03
  -6.0272049999999999e-03
  -9.6969399999999994e-03
  -9.6435350000000000e-03
  -8.4304800000000006e-03
  -9.3459949999999993e-03
  -1.1466960000000002e-02
  -4.7073300000000000e-03
  -4.4937114999999998e-03
   4.7378500000000000e-03
   4.4784700000000000e-03
   2.5405900000000001e-03
   8.3007800000000007e-03
   3.3721929999999999e-03
  -4.5394918000000008e-03
  -8.2092450000000004e-03
  -7.6980569999999995e-03
  -1.0505660000000000e-02
  -1.3084400000000000e-02
  -8.0108650000000007e-03
  -7.6522949999999999e-03
  -1.1581430000000000e-02
  -1.7402669999999999e-02
  -1.5182500000000000e-02
  -7.4996949999999998e-03
  -2.3956300000000002e-03
  -3.7155050000000000e-03
  -6.7672588000000002e-03
  -9.3536550000000006e-03
   3.3416750000000001e-03
   6.5078600000000007e-03
   8.9721850000000006e-03
   2.5253300000000001e-03
   9.7884949999999995e-03
   6.8664699999999995e-03
   4.1275030000000002e-03
   2.7923599999999998e-03
  -2.3193399999999996e-03
   6.0348499999999996e-03
   1.4511099999999999e-02
   1.6487100000000001e-02
   1.5022279999999999e-02
   6.7138499999999986e-03
   1.1764500000000001e-02
   1.1093145000000000e-02
   1.4511099999999999e-02
   7.4920685000000008e-03
   3.3111650000000000e-03
   2.0599499999999996e-03
   5.6304700000000003e-03
   7.5759799999999995e-03
   5.2108594999999997e-03
   3.6545000000000002e-03
   6.4697490000000003e-03
   1.1734000000000001e-02
   1.2245150000000000e-02
   7.3394549999999999e-03
   2.1514900000000003e-03
   4.3945299999999998e-03
   7.0724450000000001e-03
   1.5571600000000000e-02
   1.4129635000000000e-02
   1.1962894999999999e-02
   9.3460349999999991e-03
   9.7427199999999999e-03
   5.9509300000000001e-03
   5.1727300000000004e-03
  -2.9449450000000000e-03
  -1.9149800000000002e-03
  -4.3258675000000003e-03
  -2.8228499999999996e-04
  -4.8370154999999998e-03
  -5.1116800000000004e-03
  -5.5313049999999994e-03
  -1.6021700000000002e-03
  -5.4015995000000006e-03
  -1.5640250000000001e-03
   2.5634899999999999e-03
   1.2054450000000001e-03
  -8.6974999999999986e-04
   1.3656630000000000e-03
  -3.5858499999999981e-04
  -5.6838799999999997e-03
  -6.4773749999999996e-03
  -4.4403075000000007e-03
  -7.3623899999999999e-03
  -4.5852669499999998e-03
  -8.5220175000000013e-03
  -1.6952494999999998e-02
  -1.1535650000000000e-02
  -9.8495300000000004e-03
  -6.2332400000000001e-03
  -8.3922999999999984e-04
   4.0283000000000003e-03
   1.1077895000000001e-02
   5.1116950000000003e-03
   1.1245725000000000e-02
   1.0238625000000001e-02
   7.3471214999999996e-03
   6.0195700000000001e-03
   1.4061000000000001e-02
   1.8188500000000000e-02
   1.5617385000000001e-02
   1.4617935000000000e-02
   1.0681139999999999e-02
   1.4770499999999999e-02
   1.0925279999999999e-02
  -1.3580300000000001e-03
   2.8991499999999996e-03
   3.3874400000000002e-03
   7.2860499999999996e-03
   6.0958849999999997e-03
   2.8762799999999997e-03
   1.2130599999999993e-03
   2.5177099999999998e-03
   8.9492949999999995e-03
   6.8664450000000005e-03
   1.3313300000000000e-02
   7.4386475000000002e-03
  -2.8610250000000005e-03
   1.3504049999999998e-03
   4.9972500000000000e-03
   8.6898800000000005e-03
   1.1474605000000001e-02
   3.1661999999999997e-03
   2.5939999999999991e-04
   5.1345850000000005e-03
   1.0696430000000000e-02
   9.1247450000000001e-03
   2.2887999999999988e-04
  -2.4642950000000000e-03
   2.5939999999999991e-04
   7.3547349999999994e-03
   6.5765399999999996e-03
   3.3111350000000002e-03
   2.0217900000000003e-03
   1.8005364999999999e-03
  -8.6974999999999986e-04
  -2.9373150000000002e-03
  -9.3612699999999997e-03
  -1.2054440000000001e-02
  -8.2473649999999996e-03
   2.3269699999999998e-03
   3.9672500000000012e-04
   1.6174349999999995e-03
   7.7819999999999973e-04
   5.0048799999999997e-03
   3.5705549999999996e-03
  -1.5640249999999997e-03
  -4.6081300000000002e-03
  -9.1857850000000001e-03
  -5.0048799999999997e-03
  -2.8991700000000000e-03
  -1.3198850000000000e-03
  -5.1727299999999995e-03
  -6.2408250000000002e-03
  -8.3007754999999996e-03
  -1.7852750000000002e-03
  -6.0348700000000003e-03
  -7.3699904999999996e-03
  -1.2222310000000000e-02
  -1.1054999999999999e-02
  -5.2642800000000005e-03
  -3.2882700000000003e-03
   5.6455500000000044e-04
  -1.3122350000000001e-03
   4.0588450000000002e-03
   2.3345950000000001e-03
   4.7073380000000001e-03
   5.8746000000000015e-04
  -4.6692150000000000e-03
   5.6457500000000032e-04
  -4.4631949999999997e-03
  -1.8386849999999998e-03
  -4.4479350000000001e-03
  -6.8283200000000006e-03
  -4.9591085000000000e-03
  -2.2659289999999999e-03
  -7.2479499999999987e-04
  -7.5530999999999992e-04
  -6.5307500000000001e-03
  -3.8299399999999996e-03
  -1.9073500000000001e-03
  -1.5487649999999999e-03
  -8.0261434999999992e-03
  -9.3460214999999992e-03
  -1.0475145000000000e-02
  -1.3183610000000000e-02
  -8.4762700000000010e-03
  -7.4386499999999998e-03
  -6.9961800000000003e-03
  -7.3395004999999994e-03
  -3.2424945000000000e-03
  -3.6392190000000000e-03
   3.0520000000000026e-05
   5.4168500000000008e-04
  -1.9378850000000003e-03
  -2.0523099999999999e-03
   2.0904549999999997e-03
   8.6822350000000000e-03
   1.0063180000000001e-02
   8.9416293999999997e-03
   1.3778685000000001e-02
   1.5769949999999998e-02
   1.5869150000000002e-02
   1.2138350000000001e-02
   3.3645450000000000e-03
   1.7013549999999999e-03
   1.5258800000000003e-03
   1.8310500000000003e-04
  -1.6098000000000002e-03
  -5.1193149999999993e-03
  -2.3345950000000001e-03
   4.3487499999999993e-04
  -7.7895899999999999e-03
  -1.2313849999999999e-02
  -1.7372135000000000e-02
  -1.9180300000000001e-02
  -2.2148149999999998e-02
  -1.9416849999999999e-02
  -2.1148650000000001e-02
  -2.4764999999999999e-02
  -2.2132850000000003e-02
  -2.0767200000000000e-02
  -1.8638599999999998e-02
  -1.6326920000000002e-02
  -1.9981400000000000e-02
  -2.1049499999999999e-02
  -1.5686050000000000e-02
  -7.0114150000000000e-03
  -1.3198849999999998e-03
  -9.5367500000000018e-04
   1.0452249999999999e-03
   1.6250600000000000e-03
   3.2882670000000001e-03
  -1.4801050000000002e-03
  -6.7901500000000069e-04
  -4.7759949999999999e-03
  -7.4004999999999991e-04
  -2.2506749999999997e-03
  -4.2114200000000004e-03
  -6.6985899999999991e-03
  -1.2756350000000000e-02
  -1.6807550000000001e-02
  -7.9498199999999998e-03
   2.3651100000000001e-03
   6.4392245000000001e-03
   5.1574749999999999e-03
   5.3252980000000000e-03
   4.9896254999999999e-03
   8.6669899999999994e-03
   1.2893649999999998e-03
  -3.1890949999999999e-03
  -9.0255600000000002e-03
  -4.8446635000000005e-03
  -5.4550085000000005e-03
  -8.1329400000000000e-03
  -9.2163019999999991e-03
  -1.0910055000000000e-02
  -7.2326700000000001e-03
  -3.9901735000000002e-03
  -1.1833200000000000e-02
  -1.4358525000000000e-02
  -3.8375850000000001e-03
   4.2724599999999996e-03
   6.2561049999999997e-03
   8.1634500000000000e-04
  -3.9977950000000002e-03
  -2.1438600000000005e-03
   7.4767849999999997e-03
   1.2168900000000000e-02
   7.2936799999999994e-03
   4.3640350000000005e-03
   2.0599500000000005e-04
   2.5100725000000001e-03
   3.8223299999999997e-03
   2.1820068000000001e-03
  -1.1619575000000000e-02
  -1.4495825000000000e-02
  -6.9427450000000002e-03
  -7.7133200000000001e-03
  -3.3416755000000003e-03
  -1.1833210000000000e-02
  -1.2435890000000002e-02
  -8.1634399999999992e-03
  -6.6833650000000001e-03
  -3.4026950000000003e-03
  -2.6702800000000001e-03
  -1.1939980000000001e-02
  -9.9105700000000005e-03
  -1.3992350000000001e-02
  -1.2039200000000000e-02
  -1.0688770000000000e-02
  -2.4704000000000000e-02
  -2.2972100000000002e-02
  -1.9279450000000000e-02
  -1.1138925000000001e-02
  -6.2713585000000001e-03
  -7.4005199999999998e-03
  -2.1514900000000003e-03
   2.6397700000000005e-03
   7.1334900000000001e-03
   3.1738299999999999e-03
   5.4779154999999996e-03
   3.7689200000000003e-03
   6.2179599999999998e-03
   1.3809200000000001e-02
   1.4350900000000000e-02
   1.1528020000000000e-02
   5.6305150000000000e-03
   8.1481950000000004e-03
   7.3318450000000000e-03
   8.7738000000000009e-04
  -2.2506700000000002e-03
  -3.0517549999999997e-03
   6.4849999999999999e-04
   3.4332299999999998e-03
  -2.2889999999999803e-05
   1.9989050000000000e-03
   1.1596650000000003e-03
   4.5242286499999999e-03
   6.9808950000000000e-03
   4.7988915000000002e-03
  -1.4266849999999996e-03
  -4.2877300000000000e-03
  -7.1258550000000004e-03
  -5.6686400000000000e-03
  -5.2337676000000005e-03
  -5.9280500000000007e-03
  -1.4740005000000000e-02
  -1.4938350000000000e-02
  -7.0495599999999999e-03
  -6.1798499999999993e-04
   3.5095500000000002e-04
  -1.2207000000000003e-03
  -6.0501145000000003e-03
  -1.7700200000000002e-03
   4.4403056000000005e-03
   3.9977950000000002e-03
   2.5100600000000002e-03
   2.9754899999999999e-03
  -1.1062600000000004e-03
   1.5029900000000001e-03
   1.4266850000000005e-03
  -3.4713749999999996e-03
  -8.2397500000000023e-04
  -4.0435499999999991e-04
   3.0365000000000001e-03
   2.0294200000000001e-03
   2.8457500000000002e-03
  -1.6250600000000002e-03
   1.5563949999999999e-03
   7.2708149999999999e-03
   4.4097650000000004e-03
   2.6702649999999998e-03
  -1.2207050000000003e-03
  -9.8419500000000021e-04
   3.9291368000000000e-03
   4.7531200000000004e-03
   4.6386900000000000e-03
  -2.2888000000000032e-04
   2.6016249999999998e-03
   1.0986300000000000e-03
  -3.8909999999999986e-04
  -5.0277799999999999e-03
  -7.9345760000000005e-03
   3.6620999999999984e-04
  -2.9525770000000001e-03
  -5.5313176000000002e-03
  -6.8512050000000000e-03
  -6.2866399999999996e-03
   4.7301999999999978e-04
   1.5335100000000001e-03
  -1.0604849999999999e-03
  -4.7302500000000018e-04
  -6.7367775000000000e-03
  -2.8686549999999999e-03
  -1.0757449999999999e-03
   9.8419000000000002e-04
  -1.5869100000000000e-03
  -1.7211894999999998e-02
  -1.7524700000000001e-02
  -1.0993960000000001e-02
  -1.8386850000000001e-03
  -2.3879999999999995e-03
  -3.4866449999999996e-03
   3.9672499999999990e-04
  -5.1116949999999997e-04
  -3.3111599999999996e-03
  -9.3002499999999995e-03
  -1.1352549999999999e-02
  -1.0025029999999999e-02
  -1.1337295000000001e-02
  -1.1047365000000000e-02
  -1.3725299999999999e-02
  -1.9210800000000000e-02
  -1.6021730000000001e-02
  -1.4175399999999999e-02
  -1.4953600000000001e-02
  -9.4756900000000002e-03
  -7.8125049999999991e-03
  -8.2931400000000009e-03
  -6.1340300000000004e-03
  -1.4801000000000000e-03
  -3.8144999999999846e-05
  -2.0217849999999999e-03
  -1.8386800000000001e-03
   2.8076150000000003e-03
   5.9967049999999997e-03
   2.5329599999999999e-03
  -4.2495800000000002e-03
  -7.7514495000000003e-03
  -6.3934140000000000e-03
  -1.3366700000000000e-02
  -1.3816850000000000e-02
  -1.7028825000000001e-02
  -1.7822285000000000e-02
  -1.3954185000000001e-02
  -9.8572000000000000e-03
  -5.1879900000000000e-03
  -5.4321240000000000e-03
  -4.1961699999999999e-03
  -4.0817244999999999e-03
  -6.7520150000000001e-03
  -2.2125249999999999e-03
  -5.7144055000000003e-03
  -1.2664780000000000e-02
  -1.7288249999999998e-02
  -1.4961249999999999e-02
  -1.2527500000000000e-02
  -1.3183570000000000e-02
  -9.4452145000000001e-03
  -1.3664225000000000e-02
  -7.6370450000000003e-03
   8.0871500000000000e-04
  -3.0899050000000000e-03
  -4.7378749999999999e-03
  -1.3763434999999999e-02
  -5.8441150000000004e-03
   1.9378650000000000e-03
   2.1514850000000003e-03
  -2.6092450000000001e-03
  -3.6163149999999997e-03
   1.2283344999999999e-03
   1.8005350000000000e-03
  -2.2125500000000006e-04
  -4.4174050000000001e-03
  -1.3900750000000000e-02
  -1.1566140000000001e-02
  -9.3689199999999993e-03
  -5.2261149999999999e-03
  -5.7144050000000005e-03
  -2.6855499999999997e-03
   5.6457500000000010e-04
   1.9073500000000004e-04
   3.7994399999999998e-03
   5.4931500000000031e-04
  -3.8986199999999998e-03
  -4.4860834999999998e-03
  -5.9509400000000000e-04
   1.2588499999999999e-03
  -2.3193350000000005e-03
  -3.5781800000000002e-03
  -4.4097889999999999e-03
  -6.2255899999999996e-03
  -9.5215049999999996e-03
  -1.5350349999999999e-02
  -2.1263100000000000e-02
  -1.3076760000000000e-02
  -3.0517499999999998e-04
   1.1886609999999999e-02
   1.3015740000000000e-02
   6.2179450000000008e-03
   5.4550199999999997e-03
   3.9596540000000000e-03
   9.5901299999999988e-03
   7.5302199999999998e-03
   6.8664999999999872e-05
   1.7852750000000000e-03
   1.6174300000000000e-03
   4.8980704999999998e-03
   6.6833604999999999e-03
  -6.8664999999999872e-05
  -6.7672949999999996e-03
  -4.8828000000000001e-04
   1.6021500000000001e-04
  -4.1198499999999970e-04
   1.2893650000000002e-03
  -3.6468700000000000e-03
  -4.4174193999999998e-03
  -2.2964450000000003e-03
  -6.6909799999999992e-03
  -1.0818480000000000e-02
  -1.7730750000000000e-02
  -1.4656100000000000e-02
  -1.2573249999999999e-02
  -1.1833200000000000e-02
  -1.6479485000000002e-02
  -1.7944350000000001e-02
  -1.7379749999999999e-02
  -1.8119850000000000e-02
  -9.8800399999999997e-03
  -6.7596399999999999e-03
  -9.7351049999999991e-03
  -8.6441000000000000e-03
  -8.3160500000000002e-04
  -5.9509500000000013e-04
  -5.4016250000000002e-03
  -1.6784600000000001e-03
   2.2583000000000004e-03
   4.5700050000000002e-03
   9.1857950000000001e-03
   7.5073319999999994e-03
   4.9590900000000002e-03
   1.3046300000000002e-03
   1.7089850000000001e-03
   6.4544900000000002e-03
   3.5705600000000004e-03
   3.7383949999999998e-03
   2.1972649999999999e-03
   2.7160660000000001e-03
   3.9825455000000003e-03
   3.6468500000000001e-03
   4.2877200000000001e-03
   5.4855240000000003e-03
   6.8893250000000000e-03
   5.1574699999999999e-03
   7.3928799999999992e-03
  -2.1359999999999955e-04
  -4.5928800000000006e-03
   5.7983500000000033e-04
   3.8833600000000002e-03
   2.5253250000000001e-03
  -1.5640300000000001e-03
  -9.2086740000000000e-03
  -2.3956300000000002e-03
   2.3727410000000003e-03
   4.3716420000000002e-03
   4.8675550000000000e-03
   2.2125249999999999e-03
   8.1024249999999999e-03
   1.7242449999999999e-02
   2.5833149999999999e-02
   2.3841850000000001e-02
   1.1329644999999999e-02
   9.8495450000000012e-03
   6.4392099999999999e-03
   2.9983499999999999e-03
  -8.3999644999999991e-03
  -1.4366150000000001e-02
  -1.5052799999999998e-02
  -1.3587960000000000e-02
  -5.4016099999999994e-03
  -1.5869149999999999e-03
  -7.7362150000000003e-03
  -6.7825550000000000e-03
  -5.6304900000000001e-03
  -6.1416650000000001e-03
  -8.0184950000000005e-03
  -7.9116800000000008e-03
  -1.0719289999999999e-02
  -1.1505120000000001e-02
  -7.6370249999999995e-03
  -1.3809210000000001e-02
  -1.4152505000000001e-02
  -1.7730750000000000e-02
  -1.4808699999999999e-02
  -1.3397200000000000e-02
  -1.3839700000000000e-02
  -1.3916029999999999e-02
  -1.3641340000000002e-02
  -3.8070689999999997e-03
  -1.1596669500000001e-03
  -4.4021585000000004e-03
  -1.4724650000000001e-03
  -2.5634750000000000e-03
   8.1634550000000000e-03
   9.1858000000000009e-03
   1.1199944999999999e-02
   6.7749230000000004e-03
  -2.3803899999999996e-03
  -2.7465499999999995e-04
  -3.3569349999999997e-03
  -1.3885499999999999e-03
  -8.8424549999999991e-03
  -1.1054975000000000e-02
  -5.2490475000000003e-03
  -1.9989050000000000e-03
   1.8234249999999998e-03
  -6.3171449999999997e-03
  -1.6761794999999999e-02
  -1.5953050000000000e-02
  -1.4434800000000001e-02
  -1.1619580000000001e-02
  -1.8425000000000000e-02
  -2.2491500000000001e-02
  -1.8470750000000001e-02
  -1.1596675000000001e-02
  -6.2103250000000009e-03
  -8.8195549999999998e-03
  -1.0902384999999999e-02
  -1.3282795000000000e-02
  -1.4503499999999999e-02
  -1.0459895000000000e-02
  -5.9890550000000001e-03
  -5.9051500000000005e-03
   1.6785000000000020e-04
  -2.0675655000000001e-03
  -3.0670200000000002e-03
  -1.2588500000000002e-03
  -3.6010850000000000e-03
  -7.3165905000000002e-03
  -2.8228749999999999e-03
  -4.8141499999999997e-03
  -5.8593799999999991e-03
  -6.3705689999999995e-03
  -5.5847200000000005e-03
   9.9945000000000003e-04
  -1.8997195000000000e-03
  -2.7466000000000036e-04
   1.5792849999999997e-03
   2.5863600000000002e-03
   1.9378650000000002e-03
   3.8146999999999986e-04
   7.0114150000000000e-03
   3.6621099999999997e-03
   7.3241999999999969e-04
   3.3950699999999996e-03
   3.1814579999999999e-03
   2.9220600000000002e-03
   1.2969999999999995e-04
  -9.8800664999999996e-03
  -1.3122570000000000e-02
  -1.5335080000000001e-02
  -1.2016305000000000e-02
  -1.3420120000000001e-02
  -1.2687670000000000e-02
  -3.8681200000000001e-03
   4.6157849999999999e-03
   1.2916585000000000e-02
   1.1352555000000000e-02
   1.0910050000000004e-03
  -2.0828250000000000e-03
   2.3422240000000000e-03
   3.6468500000000001e-03
   5.6915300000000002e-03
   1.0299649999999999e-03
  -7.1410909999999996e-03
  -1.1695875000000000e-02
  -1.0963430000000000e-02
  -1.0726904999999998e-02
  -1.1566179999999999e-02
  -1.5884420000000000e-02
  -8.9721449999999991e-03
  -3.1738299999999999e-03
   2.3574850000000003e-03
   3.3645500000000009e-03
   1.6784500000000006e-03
   8.5067549999999995e-03
   9.5749049999999999e-03
   1.0360734999999999e-02
  -2.8152399999999997e-03
  -6.4239699999999993e-03
  -2.5711050000000002e-03
  -7.9345500000000020e-04
   5.4321299999999994e-03
  -6.1034999999999649e-05
  -8.0642849999999992e-03
  -6.6146736499999997e-03
  -6.2561049999999997e-03
  -2.6245150000000000e-03
  -5.2795499999999992e-03
  -6.2561200000000004e-03
   5.2719349999999993e-03
   5.4473899999999999e-03
   5.6533644999999999e-03
   1.8768350000000003e-03
   6.3323950000000002e-03
   7.1868850000000005e-03
   5.4931649999999995e-03
   1.1795070000000000e-02
   4.2724600000000005e-03
  -6.6376000000000022e-04
  -8.6745999999999993e-03
  -4.7531135000000004e-03
   4.4708250000000003e-03
   2.1591200000000000e-03
  -1.6784899999999999e-03
   2.1362300000000002e-03
   7.8506250000000000e-03
   7.1792699999999997e-03
   7.3852609999999997e-03
   2.6931550000000000e-03
  -1.8997100000000002e-03
  -5.3100650000000001e-03
  -3.0212400000000001e-03
   1.9149749999999998e-03
  -1.1902049999999997e-03
  -3.0136149999999999e-03
   4.5013500000000038e-04
   4.1122449999999996e-03
   9.6893299999999995e-03
   7.9651030500000001e-03
  -3.8147000000000007e-04
  -4.5775999999999976e-04
   2.9144250000000000e-03
   5.6304950000000001e-03
   1.1131270000000000e-02
   1.2237550000000000e-02
   1.4373754999999998e-02
   2.0095849999999998e-02
   1.9897450000000001e-02
   1.4694235000000000e-02
   1.0498070000000000e-02
   2.3956299999999997e-03
   7.0876899999999998e-03
   9.6893150000000004e-03
   5.9509244999999995e-03
  -6.6376000000000022e-04
  -8.3924999999999885e-05
  -8.3160000000000005e-04
  -1.1138899999999998e-03
   4.3487499999999993e-04
   3.2806000000000024e-04
   1.8768349999999999e-03
   1.6555780000000000e-03
   7.9193149999999997e-03
   3.9596570000000001e-03
   1.1749299999999998e-03
   5.3406000000000026e-04
   9.0942550000000007e-03
   1.0345465000000000e-02
   5.0048845000000000e-03
   5.1879654999999998e-03
  -4.9591000000000001e-04
  -2.1438600000000000e-03
   1.9149799999999999e-03
   9.9945000000000003e-04
  -5.1727535000000002e-03
  -1.0330220000000001e-02
  -5.3405820000000000e-03
   4.6615600000000004e-03
   1.0635385000000001e-02
   1.0887150000000000e-02
   1.1016825000000001e-02
   1.5846249999999999e-02
   1.7623899999999998e-02
   2.6214600000000001e-02
   2.6840250000000000e-02
   2.4292000000000001e-02
   2.6138300000000000e-02
   2.6817299999999999e-02
   3.1616199999999997e-02
   2.6535000000000000e-02
   1.7204299999999999e-02
   1.1566145000000000e-02
   1.2641885000000000e-02
   1.3435350000000000e-02
   3.8375600000000003e-03
  -2.8228649999999999e-03
  -1.1016840000000000e-02
  -1.2863174999999999e-02
  -8.6898900000000005e-03
  -7.0495793999999995e-03
  -4.5776549999999999e-03
  -9.2086849999999994e-03
   3.3569000000000003e-04
   5.0811750000000003e-03
   5.4931850000000003e-03
   3.4027099999999998e-03
  -3.3569000000000047e-04
   9.3536450000000007e-03
   1.3519250000000000e-02
   1.1627215000000000e-02
   8.9950450000000001e-03
   9.6664600000000000e-03
   1.1306770000000001e-02
   8.6898700000000006e-03
   6.0271995000000002e-03
   1.5945449999999997e-03
   1.7547500000000002e-04
   3.5324075000000002e-03
   2.0446755000000003e-03
  -2.5939499999999994e-04
  -1.0681150000000001e-03
  -5.2032450000000004e-03
   6.4086500000000001e-04
   6.2561049999999997e-03
   1.0086040000000001e-02
   8.7280150000000004e-03
   9.2468229999999995e-03
   1.3847340000000000e-02
   1.2123109999999999e-02
   1.1779780000000000e-02
   5.3939949999999995e-03
  -1.9760200000000002e-03
  -3.2119745000000000e-03
  -3.5324093999999999e-03
  -1.7318750000000001e-03
  -4.1962000000000032e-04
  -7.5988549999999998e-03
  -5.3253050000000007e-03
  -5.9356700000000005e-03
  -5.0506600000000002e-03
  -2.0141600000000001e-03
  -1.9988999999999996e-03
  -8.4686450000000003e-03
  -6.0577399999999998e-03
   1.5029899999999998e-03
   3.2272349999999997e-03
   4.6386650000000001e-03
   3.9062550000000008e-03
   6.2103249999999992e-03
   1.1047385000000000e-02
   1.2100220000000000e-02
   1.2969975000000000e-02
   9.5977900000000001e-03
   7.4768049999999996e-03
   1.0749800000000000e-02
   1.0551430000000001e-02
   3.0517600000000006e-03
  -4.7073299999999992e-03
   2.0599500000000005e-04
   5.0354000000000002e-04
   7.2784199999999999e-03
   2.6245100000000000e-03
  -3.4027300000000005e-03
   1.7929049999999998e-03
   4.6844505000000003e-03
   8.7280299999999995e-03
  -4.4250499999999972e-04
  -8.6822505000000005e-03
  -7.6523099999999998e-03
  -6.3552900000000004e-03
   2.9754499999999975e-04
   3.2272400000000001e-03
  -5.7984999999999981e-04
   1.1367899999999999e-03
   5.5313120000000000e-03
   6.6146644999999999e-03
  -2.8762750000000002e-03
  -9.6664349999999993e-03
  -8.2016049999999990e-03
  -5.5694600000000000e-03
   2.8228999999999993e-04
  -3.4484900000000002e-03
   1.0223249999999993e-03
   3.2501249999999995e-03
   7.3547500000000002e-03
   5.2108785000000001e-03
  -1.1291500000000002e-03
  -6.0119850000000001e-03
  -1.0589584499999999e-02
  -8.7585400000000004e-03
  -8.7661700000000002e-03
  -1.0215745000000000e-02
  -1.2489340000000002e-02
  -1.0902425000000000e-02
  -1.1985770000000000e-02
  -6.9656300000000004e-03
  -2.3956300000000002e-03
  -7.1029500000000002e-03
  -1.2763964999999999e-02
  -8.6059499999999994e-03
  -8.0871699999999994e-03
  -7.4386699999999997e-03
  -1.2237560000000000e-02
  -1.6365069999999999e-02
  -1.2008645000000000e-02
  -8.8806249999999996e-03
  -5.9661850000000006e-03
  -4.4479345000000003e-03
  -8.4381164999999987e-03
   6.1798000000000018e-04
  -2.8839099999999999e-03
  -3.5324079999999999e-03
  -2.8610199999999997e-03
  -5.0048850000000006e-03
  -1.3656599999999999e-03
   7.1792599999999998e-03
   9.0027000000000006e-03
   1.1672960000000000e-02
   7.6293793999999996e-03
   9.3994000000000005e-03
   1.2161245000000001e-02
   1.2062095000000000e-02
   1.0200524999999998e-02
   5.5542149999999995e-03
   6.1492949999999999e-03
   1.0025005000000000e-02
   1.2565610000000001e-02
   3.8528450000000006e-03
  -4.7378550000000009e-03
  -4.7531150000000005e-03
   3.7384000000000028e-04
   4.4097900000000002e-03
   2.0446750000000006e-03
  -4.4250499999999972e-04
  -4.0969649999999993e-03
  -4.6157845000000001e-03
  -2.6016219999999996e-03
  -6.3324000000000019e-04
   4.8065000000000000e-04
   3.6621000000000049e-04
   5.4855375000000001e-03
   9.2544749999999999e-03
   1.2313859999999999e-02
   1.1802670000000001e-02
   9.5138680000000000e-03
   1.6792300000000000e-02
   1.9531250000000000e-02
   2.5901799999999999e-02
   2.3307800000000000e-02
   2.0004250000000001e-02
   1.9523650000000000e-02
   1.9821200000000001e-02
   2.5413499999999999e-02
   2.2125249999999999e-02
   1.9821155000000000e-02
   2.4124150000000000e-02
   2.2972099999999999e-02
   2.3529050000000003e-02
   2.1804799999999999e-02
   1.4450065000000002e-02
   3.7002650000000003e-03
   1.0452250000000001e-03
   3.1280499999999998e-04
  -3.3874499999999997e-03
  -7.6064949999999996e-03
  -1.0711685000000000e-02
  -6.8512000000000000e-03
  -1.5869134999999999e-03
   3.1661975000000001e-03
  -1.2512199999999999e-03
  -1.2359649999999999e-03
  -4.0283204999999999e-03
  -5.5389400000000000e-03
  -8.0032149999999993e-03
  -9.9792600000000002e-03
  -8.0795150000000007e-03
  -2.9449486500000002e-03
  -2.5939950000000006e-04
   1.5255000000000043e-05
  -9.1781550000000003e-03
  -1.6029350000000001e-02
  -7.5836200000000001e-03
   1.5869100000000000e-03
   7.0647999999999996e-03
   7.2173969499999997e-03
   5.8746499999999969e-04
   2.9907250000000001e-03
   3.1585679999999996e-03
   2.4185200000000004e-03
   5.9814300000000003e-03
  -1.0833750000000001e-03
  -3.2196050000000004e-03
  -3.2653800000000000e-03
  -2.5939915000000001e-03
  -6.5765599999999995e-03
  -9.4223209999999991e-03
  -7.9956249999999993e-03
  -3.2043474999999999e-03
   4.2572019999999999e-03
  -1.5640249999999997e-03
  -7.4691975000000001e-03
  -5.4321050000000004e-03
  -6.7596499999999999e-03
   2.3879999999999999e-03
   4.4784450000000002e-03
   1.7471349999999995e-03
  -7.0953499999999985e-04
  -4.7302499999999996e-04
   3.8833629999999999e-03
   1.8463100000000001e-03
  -3.6163149999999997e-03
  -5.4779070000000006e-03
  -4.2266850000000000e-03
  -1.8997200000000001e-03
  -2.2354150000000001e-03
  -3.7307650000000000e-03
  -3.0365149999999996e-03
   4.1046164999999999e-03
   5.6686400000000008e-03
   9.1400049999999997e-03
   7.0419300000000001e-03
   4.0436000000000031e-04
   8.4152200000000010e-03
   1.2588485000000001e-03
  -3.9825414999999998e-03
  -6.0043185000000004e-03
  -7.3699849999999999e-03
  -4.6997081999999996e-03
  -2.4261450000000002e-03
  -1.2435899999999999e-03
  -1.0711650000000001e-02
  -1.4465350000000000e-02
  -1.4038099999999999e-03
  -2.5482154999999997e-03
  -1.1367800000000000e-03
  -3.5323850000000003e-03
  -6.5536249999999996e-03
  -4.1656509999999994e-03
  -1.6326900000000000e-03
   2.8228785000000002e-03
  -3.8757299999999995e-03
  -6.1950849999999995e-03
  -7.3700145000000000e-03
  -5.0964349999999999e-03
  -1.6021999999999998e-04
  -3.4256000000000000e-03
  -1.0597215000000000e-02
  -1.3626120000000000e-02
  -7.9269500000000003e-03
   6.2256050000000004e-03
   1.2901309999999999e-02
   7.6141250000000002e-03
   1.1871340500000001e-02
   1.3710040000000000e-02
   1.5380850000000000e-02
   8.4381350000000011e-03
   2.1743550000000002e-03
  -1.4266999999999999e-03
  -3.4332500000000023e-04
   1.0223350000000001e-03
  -1.0299649999999999e-03
  -2.5177099999999998e-03
  -4.9209700000000002e-03
  -2.1362499999999984e-04
  -4.8828000000000022e-04
  -2.5176999999999990e-04
  -1.0604849999999999e-03
  -1.1749399999999998e-03
   4.0969850000000000e-03
   9.2010499999999988e-03
   1.1444095000000000e-02
   2.3880199999999994e-03
  -8.4991349999999997e-03
  -1.1138950000000002e-03
  -2.0904535000000001e-03
   4.5623749999999996e-03
   4.7759850000000000e-03
   2.2583049999999999e-03
   1.5998850000000002e-02
   1.8226599999999999e-02
   1.8386850000000003e-02
   1.0620095000000000e-02
   1.4038099999999997e-03
   6.3247435000000005e-03
   8.8958800000000001e-03
   1.4915450000000000e-02
   1.2466410000000001e-02
   8.9950444999999987e-03
   1.5037540000000002e-02
   1.8051150000000002e-02
   2.2316000000000003e-02
   1.8882750000000000e-02
   1.3847340000000000e-02
   1.1940019999999999e-02
   8.7280099999999996e-03
   4.7302249999999994e-03
   2.7008050000000001e-03
   4.2724499999999971e-04
  -4.8065000000000000e-04
   2.9830923999999998e-03
   4.9514799999999994e-03
   9.3994200000000003e-03
   8.7585549999999995e-03
   6.3247650000000004e-03
   6.2866199999999997e-03
   7.8506299999999991e-03
   6.5612900000000000e-03
   3.3874499999999997e-03
   9.1550999999999959e-04
   4.0435549999999999e-03
   7.2479250000000005e-03
   5.5313100000000002e-03
   2.7923600000000002e-03
  -5.7068049999999997e-03
  -3.6621100000000005e-03
  -1.2970000000000000e-03
   2.5329549999999999e-03
   3.5095199999999995e-03
   4.1199000000000010e-04
   1.2435899999999997e-03
   3.5857999999999984e-04
   9.3917700000000007e-03
   1.0551459999999999e-02
   7.5988800000000006e-03
   9.9716349999999995e-03
   7.6980599999999996e-03
   1.3679500000000001e-02
   9.9945299999999997e-03
   5.1651099999999997e-03
   3.7612749999999997e-03
   6.2789899999999999e-03
   8.9111250000000006e-03
   3.3569149999999998e-03
   6.2331899999999996e-03
   8.5220299999999999e-03
   8.0719049999999990e-03
   1.3092050000000001e-02
   1.5289300000000000e-02
   9.2697205000000001e-03
   4.5929149999999995e-03
   5.0048920000000004e-03
   3.9749130000000001e-03
   4.1656449999999999e-03
   5.4626250000000005e-03
  -4.8141449999999997e-03
  -3.4027100000000002e-03
  -1.1062645000000000e-03
   2.6703000000000013e-04
   2.3574850000000003e-03
  -1.8539450000000001e-03
   2.2888169999999998e-03
   6.1416600000000002e-03
   1.4144875000000001e-02
   1.1657714999999999e-02
   9.4604249999999997e-03
   7.9498499999999996e-03
   8.9721750000000006e-03
   1.3793949999999999e-02
   9.7732400000000007e-03
   1.2695329999999999e-02
   2.1484400000000001e-02
   2.3544299999999997e-02
   1.9287099999999998e-02
   1.4083840000000000e-02
   6.9504050000000006e-03
   4.3868799999999993e-03
   4.9591000000000001e-04
   7.2937079999999994e-03
   6.9732594999999996e-03
   5.5465549999999999e-03
   6.7062480000000006e-03
   5.0888150000000000e-03
   6.7825400000000001e-03
   3.6239599999999999e-03
  -2.0217899999999994e-03
  -9.6130199999999999e-03
  -6.3934350000000003e-03
  -2.1514910000000002e-03
  -6.5078519999999997e-03
  -2.6092750000000003e-03
  -4.5852800000000006e-03
   3.8528429999999995e-03
   3.7460340000000001e-03
   3.7841799999999998e-03
  -3.1280349999999995e-03
  -5.0124899999999997e-03
   1.9073500000000001e-03
   1.0643030000000000e-02
   1.4740000000000000e-02
   1.0238625000000001e-02
   6.1035300000000002e-03
   1.0345480000000001e-02
   1.1795025000000001e-02
   1.1711144999999999e-02
   1.0368329999999999e-02
   3.5095200000000003e-03
   9.0865900000000003e-03
   9.9563749999999999e-03
   1.1383065000000000e-02
   8.3999439999999995e-03
   8.6211500000000010e-04
   6.5536700000000002e-03
   6.0806250000000001e-03
   7.2250300000000003e-03
   5.6076236500000000e-03
   4.5318450000000005e-03
   1.1672950000000001e-03
  -8.9263999999999988e-04
   1.3580350000000001e-03
   1.8615700000000001e-03
  -5.7983499999999990e-04
  -4.1122429999999998e-03
  -1.2206999999999995e-04
   1.8157959999999999e-03
   5.1345799999999997e-03
  -1.9225900000000001e-03
  -3.0975550000000001e-03
  -2.3803700000000001e-03
   1.7929050000000000e-03
   2.2354099999999997e-03
   1.7242399999999997e-03
   4.1808950000000004e-03
   7.9574450000000005e-03
   8.5906799999999998e-03
   6.8359614999999995e-03
   4.3945100000000008e-03
   4.4555450000000000e-03
   1.6548150000000001e-02
   2.1698000000000002e-02
   2.4650550000000000e-02
   1.5716559999999997e-02
   1.0482770000000001e-02
   1.1138930000000000e-02
   1.5113850000000002e-02
   1.3725299999999999e-02
   1.0002150000000001e-02
   2.9296750000000001e-03
   3.5247799999999999e-03
   6.4163049999999998e-03
   6.9503750000000000e-03
  -1.5259000000000019e-04
  -8.1634360000000013e-03
  -1.3374325000000001e-02
  -1.5449539999999999e-02
  -1.6998249999999999e-02
  -1.1627219999999999e-02
  -1.4007594999999999e-02
  -1.7608650000000000e-02
  -9.1399949999999997e-03
  -3.0975344000000000e-03
   8.6975000000000008e-04
  -3.4332099999999999e-03
  -6.8282949999999999e-03
  -5.2261340000000003e-03
   4.4174150000000001e-03
   5.1269499999999999e-03
   7.8735200000000002e-03
   3.9214850000000006e-03
   1.9226099999999999e-03
   5.0659195000000001e-03
  -1.8463150000000003e-03
  -4.6234299999999996e-03
  -4.4402950000000004e-03
  -4.8904625000000005e-03
  -3.1890880500000003e-03
  -6.7825200000000002e-03
  -1.0971080000000001e-02
  -9.1400400000000003e-03
  -1.1863725000000000e-02
  -1.1062599999999999e-02
  -5.9967000000000006e-03
  -1.6784649999999996e-03
  -2.3880149999999998e-03
   4.7302500000000018e-04
   9.9184999999999898e-05
  -7.6293999999999971e-04
  -4.3488000000000034e-04
  -4.7226049999999995e-03
  -4.0359514999999992e-03
   1.5945449999999999e-03
  -1.6479500000000000e-03
  -1.9149800000000002e-03
  -3.3416750000000001e-03
  -5.8746200000000005e-03
  -2.1438594999999999e-03
  -3.8986199999999998e-03
  -6.6375706000000008e-03
  -4.8751699999999999e-03
  -1.3961799999999999e-03
   3.6163345000000003e-03
   6.2103149999999992e-03
   4.3106050000000003e-03
   4.5242299999999997e-03
   9.3078500000000038e-04
   1.7623880000000001e-03
   4.6691900000000001e-03
   9.9945000000000003e-04
  -2.0980999999999994e-03
  -6.7062585000000003e-03
  -1.1054985000000000e-02
  -6.9656400000000004e-03
  -9.6435300000000009e-03
  -1.0528554999999998e-02
  -1.5609745000000000e-02
  -1.0910055000000000e-02
  -1.0452300000000001e-03
  -2.6168849999999998e-03
  -4.8751749999999998e-03
  -4.3640099999999998e-03
  -1.2054449999999999e-03
  -1.7242409999999998e-03
  -3.2272300000000002e-03
  -4.4479450000000000e-03
  -5.5008200000000000e-03
  -6.8359499999999995e-03
  -7.3318400000000001e-03
  -3.7765526000000001e-03
  -7.4996899999999990e-03
  -6.2179420000000006e-03
  -7.2860549999999996e-03
  -8.1329349999999991e-03
  -9.1171350000000002e-03
  -7.7895950000000007e-03
  -8.5907175000000009e-03
  -5.7296650000000001e-03
  -4.2800920000000001e-03
  -1.8844599999999999e-03
  -4.6538999999999999e-04
  -3.0059650000000002e-03
  -1.0833750000000001e-03
  -6.1034999999999996e-04
   3.0364979999999999e-03
  -2.6626549999999994e-03
  -9.4070374999999998e-03
  -7.0800949999999998e-03
  -1.1604284999999999e-02
  -1.4114390000000001e-02
  -8.7127599999999999e-03
  -2.4185200000000004e-03
  -4.8675550000000000e-03
  -1.4343250000000002e-03
   2.6855443999999999e-03
  -1.8768300000000001e-03
  -5.4474049999999998e-03
  -8.5296399999999998e-03
  -2.6702900000000001e-03
   2.1743780000000002e-03
   2.4795550000000005e-03
  -3.3571500000000032e-04
  -6.1874200000000008e-03
  -2.7694700000000000e-03
  -3.3569500000000000e-04
   7.9193100000000006e-03
   5.4702800000000001e-03
  -3.3416650000000002e-03
  -1.9836499999999983e-04
   7.7896199999999997e-03
   8.6364550000000012e-03
   8.9569204999999999e-03
   1.9912699999999998e-03
   4.4784564999999993e-03
   1.2054450000000003e-03
   6.2789999999999999e-03
   7.6675349999999996e-03
   7.0572000000000005e-03
   6.9732605000000000e-03
   1.8920899999999997e-03
   4.9285885000000000e-03
  -2.5939999999999991e-04
  -8.3618334999999988e-03
  -4.6310436499999996e-03
  -9.9640149999999997e-03
  -4.5242293999999995e-03
  -4.4937049999999997e-03
  -4.5471000000000001e-03
  -3.9291299999999994e-03
  -4.1198735000000002e-03
  -1.6632099999999998e-03
  -4.0206950000000003e-03
  -9.6282999999999994e-03
  -1.4579789999999999e-02
  -1.0368320000000000e-02
  -9.5825349999999997e-03
  -1.0398890000000001e-02
  -5.1193200000000001e-03
  -8.3313199999999997e-03
  -8.3312949999999990e-03
  -1.4648450000000000e-03
  -2.1286050000000004e-03
   3.3035200000000003e-03
  -1.4877350000000000e-03
   7.8964250000000003e-03
   1.1932399999999999e-02
   1.4045749999999999e-02
   1.1840845000000001e-02
   1.4709470000000001e-02
   1.5823350000000000e-02
   1.6738900000000001e-02
   1.0833724999999999e-02
   7.9116815000000000e-03
   4.3487350000000003e-03
   7.0953505000000000e-03
   9.4146600000000000e-03
   1.3610839999999999e-02
   4.4174000000000001e-03
   4.3869000000000009e-03
   4.9591100000000001e-03
   2.6168850000000002e-03
   9.7580050000000002e-03
   6.1569034999999998e-03
   2.5329800000000002e-03
  -3.2119749999999997e-03
  -1.1901850000000001e-03
   5.4932000000000006e-04
   1.1215200000000000e-03
  -6.2561035000000004e-03
  -3.9825449999999997e-03
  -5.0125100000000004e-03
  -3.2196050000000004e-03
  -2.8839099999999999e-03
  -6.1035499999999993e-04
   5.2947793999999996e-03
   5.9967049999999997e-03
   6.9503750000000000e-03
   7.9879900000000004e-03
   6.5994299999999999e-03
   5.3253355000000002e-03
   9.1476500000000002e-03
   1.1894210000000001e-02
   7.1029464999999995e-03
   5.2413749999999995e-03
   6.1874299999999998e-03
   1.0604849999999999e-02
   1.0795575000000000e-02
   1.0879514999999999e-02
   9.0331900000000000e-03
   8.3924999999999885e-05
   2.6016249999999998e-03
   1.6403199999999998e-03
  -2.5939999999999991e-04
   1.4953649999999998e-03
   8.7738000000000009e-04
   3.7765510000000000e-03
   7.3776250000000005e-03
   5.5313150000000002e-03
   1.8920899999999999e-03
  -6.9961525000000000e-03
  -1.0910000000000000e-03
   3.9673000000000009e-04
   1.9760099999999998e-03
   2.4414050000000002e-03
  -2.4032800000000003e-03
  -1.9607650000000002e-03
  -7.6294999999999987e-05
   4.1198750000000003e-03
   4.4708250000000003e-03
  -1.9302350000000002e-03
  -4.0969845000000003e-03
  -7.4386800000000005e-03
   2.1362294999999996e-03
   5.6839150000000003e-03
   6.6223199999999992e-03
   7.9574709999999989e-03
   6.2026900000000003e-03
   9.8495650000000011e-03
   1.0635380000000000e-02
   4.8980750000000000e-03
   1.0604849999999999e-03
   3.7612940000000001e-03
  -2.9449450000000000e-03
  -6.0729940000000000e-03
  -2.0599250000000002e-03
  -3.4561350000000004e-03
  -5.3482050000000000e-03
  -4.0740940000000003e-03
  -1.1291499999999998e-03
   2.9678100000000000e-03
  -3.8452149999999995e-03
  -1.9226099999999999e-03
  -9.7656499999999977e-04
  -3.5171499999999997e-03
  -4.1198900000000002e-03
   4.5013499999999994e-04
   4.1198705000000000e-03
   2.7618425000000002e-03
   2.8457650000000001e-03
  -2.7999850000000005e-03
  -1.0360705000000001e-02
  -8.8730000000000007e-03
  -6.8511950000000000e-03
   4.8828000000000001e-04
  -4.8827999999999979e-04
  -7.2174206000000006e-03
  -6.1035000000000082e-05
   6.7062349999999996e-03
   5.0125114999999996e-03
   5.2795450000000001e-03
  -6.3324000000000019e-04
  -1.6784999999999999e-04
   4.4097884999999993e-03
   1.2374850000000000e-02
   4.3792730000000004e-03
  -1.2359800000000002e-03
  -5.3482275000000003e-03
  -3.2653800000000000e-03
   1.4495999999999997e-04
  -8.6212000000000007e-04
  -2.1590999999999997e-03
  -2.0751950000000002e-03
   3.1967140000000002e-03
  -2.9678299999999999e-03
  -2.1972649999999999e-03
  -1.5716450000000000e-03
  -7.4310480000000009e-03
  -2.8533949999999999e-03
   3.2806500000000000e-04
   1.2512200000000002e-03
  -9.2316000000000013e-04
  -7.2250435000000002e-03
  -1.3351450000000000e-03
  -8.2396999999999982e-04
   2.9602050000000005e-03
   2.7084349999999995e-03
  -2.1362150000000003e-03
   1.2969999999999995e-04
  -2.6397719999999999e-03
  -1.4266999999999999e-03
   2.8991999999999993e-04
  -1.0071000000000004e-03
   1.7166150000000003e-03
  -3.4255979999999998e-03
   1.1215200000000000e-03
   4.2801000000000002e-03
   1.5563949999999999e-03
   2.2506699999999998e-03
   6.5536700000000002e-03
   1.0208135000000000e-02
   4.1656499999999999e-03
  -9.7656499999999999e-04
   2.7923599999999998e-03
   5.6839000000000004e-03
  -7.9345999999999996e-04
   5.7220499999999968e-04
  -1.5563949999999999e-03
   1.5411400000000001e-03
   4.7912600000000003e-03
   7.9956049999999994e-03
   6.6452050000000004e-03
   1.1520400000000000e-03
  -6.8206904999999996e-03
  -8.2473549999999996e-03
  -8.7356750000000000e-03
  -4.2572030000000002e-03
  -2.5253299999999997e-03
  -3.8986200000000002e-03
  -5.7372800000000000e-03
  -4.5776499999999995e-04
   1.6479500000000000e-03
   2.4413999999999990e-04
  -9.2696900000000006e-03
  -4.4021600000000004e-03
   2.6855489999999997e-03
   8.1939900000000000e-03
   1.0360720000000000e-02
   1.9455000000000002e-03
   7.5912599999999998e-03
   9.3154950000000000e-03
   1.1924740000000000e-02
   4.2495709999999997e-03
  -2.8610200000000001e-03
  -3.0975349999999998e-03
  -2.3651150000000001e-03
   3.1585700000000003e-03
   1.3809199999999999e-03
   1.4419550000000000e-03
   5.7678199999999999e-03
  -5.6533899999999995e-03
   3.5934449999999998e-03
   4.6691800000000002e-03
   1.3427750000000000e-03
   6.0730170000000000e-03
   4.0130599999999997e-03
   8.6975100000000003e-03
   7.2479450000000004e-03
   4.9743619999999995e-03
   6.7138499999999982e-04
   1.6326880500000000e-03
   5.1193250000000001e-03
   1.0070799999999998e-03
  -2.9678344999999997e-03
  -4.1809105000000001e-03
  -7.6293999999999993e-04
   1.0910049999999999e-03
  -2.0980844999999998e-03
  -8.8424599999999999e-03
  -5.0506595000000005e-03
   4.5775000000000069e-05
  -1.1138949999999997e-03
  -6.1035000000000039e-04
   2.5634750000000000e-03
   3.3950649999999996e-03
   1.2306200000000000e-02
   1.5258799999999999e-02
   2.4673450000000000e-02
   2.1484349999999999e-02
   1.0925300000000001e-02
   6.7291149999999999e-03
   1.0307320000000000e-02
   1.4480600000000000e-02
   5.0583050000000008e-03
  -8.4686500000000003e-04
   4.1580219999999999e-03
   4.2266850000000000e-03
   8.3160400000000002e-03
   9.7732749999999997e-03
   2.3880000000000004e-03
   1.6479499999999998e-03
  -1.3427744999999999e-03
  -2.5863650000000002e-03
  -5.6457499999999997e-03
  -1.3420120000000001e-02
  -1.9302350000000003e-02
  -1.6197199999999998e-02
  -4.9133299999999996e-03
  -5.8059700000000006e-03
  -3.1585700000000003e-03
  -3.6163350000000000e-03
  -2.5100700000000001e-03
   2.2735600000000000e-03
   4.5394900000000002e-03
   1.2588499999999997e-03
   3.1280539999999999e-03
   2.2506699999999998e-03
   3.9520300000000005e-03
   8.9493000000000003e-03
   1.1177069999999999e-02
   1.1398320000000000e-02
   8.4991449999999996e-03
   1.1589050000000000e-02
   1.0627749999999998e-02
   3.2730099999999998e-03
  -6.9427500000000027e-04
  -4.4403087999999999e-03
   1.5411350000000003e-03
   5.3329499999999995e-03
   7.1105850000000000e-03
   7.1334859999999996e-03
   1.6189599999999998e-02
   1.4099100000000000e-02
   1.0154750000000001e-02
   1.7471300000000000e-03
  -7.9574699999999995e-03
  -4.4479400000000001e-03
   5.1879900000000002e-04
   9.9411250000000003e-03
   7.2936950000000002e-03
   5.4168549999999999e-03
   6.0882450000000008e-03
  -1.1749289999999999e-03
   6.1034999999999996e-04
  -5.2032480000000006e-03
  -1.0902405000000000e-02
  -1.4648450000000000e-02
  -6.5689099999999990e-03
   1.6479500000000000e-03
   1.2527465000000000e-02
   1.5777599999999999e-02
   1.2931830000000002e-02
   1.8363950000000000e-02
   2.1743749999999999e-02
   1.6113299999999997e-02
   9.7656300000000008e-03
   6.2561000000000005e-03
   3.3874500000000002e-03
   5.6839000000000004e-03
   1.6403205000000000e-03
  -5.3710949999999993e-03
  -7.5988749999999997e-03
  -4.0969850000000000e-03
  -9.4604499999999987e-03
  -2.3269630000000000e-03
  -3.2653800000000000e-03
  -5.3558349999999998e-03
  -2.6321399999999998e-03
  -3.3569500000000011e-04
  -1.6174300000000000e-03
  -4.0969835000000000e-03
  -8.2473849999999994e-03
  -4.2572030000000002e-03
  -2.3651110000000000e-03
  -8.4685999999999995e-04
  -2.2888200000000004e-03
  -3.7307715000000001e-03
  -1.8463120000000001e-03
  -2.0751950000000002e-03
  -8.3923499999999992e-04
  -7.4233900000000002e-03
  -1.4617910000000001e-02
  -4.1961699999999999e-03
  -1.0681165000000000e-03
   3.5705550000000000e-03
   3.5095199999999999e-03
  -1.3809199999999995e-03
   4.6234154999999994e-03
   1.0437035000000001e-02
   1.4816250000000000e-02
   1.1451705000000000e-02
   6.2332155000000000e-03
   1.9149750000000000e-03
   4.3029794999999999e-03
   9.4223199999999997e-03
   1.1672949999999998e-03
   3.2806500000000000e-03
   2.0980800000000004e-03
   3.5552959999999999e-03
   8.8348450000000009e-03
   8.1863400000000003e-03
   7.9956100000000002e-03
   4.9362186500000000e-03
   8.7738049999999991e-03
   6.4544700000000003e-03
  -1.3351449999999998e-03
  -3.5247750000000000e-03
  -5.7144350000000003e-03
  -1.7013549999999999e-03
  -3.4408550000000005e-03
  -2.6855444999999999e-03
  -7.3547144999999998e-03
  -1.2199420000000001e-02
  -8.1787100000000005e-03
  -1.0887170000000000e-02
  -5.3787200000000000e-03
  -5.3482299999999998e-03
  -6.0882799999999997e-03
  -6.2866200000000006e-03
  -4.1961700000000000e-04
   4.7302250000000002e-03
   8.6746315000000001e-03
   1.0208140000000001e-02
   1.2840285000000000e-02
   1.7822299999999999e-02
   2.1621700000000001e-02
   1.6281105000000001e-02
   1.3282780000000001e-02
   1.0818475000000001e-02
   8.3312999999999998e-03
   9.3612650000000006e-03
   5.5847335000000003e-03
   1.0536210000000001e-02
   1.5174855000000001e-02
   1.6296350000000001e-02
   2.9983499999999996e-02
   2.9380799999999999e-02
   2.4200449999999998e-02
   1.8020649999999999e-02
   1.5853900000000001e-02
   1.5014649999999999e-02
   1.2443555000000000e-02
  -7.0951999999999994e-04
  -3.7384200000000005e-03
   3.2348630499999999e-03
   7.6217699999999999e-03
   5.6915300000000002e-03
   2.9754499999999975e-04
  -6.0882649999999998e-03
  -2.7618400000000002e-03
   2.4261490000000003e-03
   4.2724605000000002e-03
   7.6904165000000000e-03
   5.7754649999999996e-03
   1.0345449999999999e-02
   1.3610850000000001e-02
   1.7929100000000000e-02
   1.6136149999999998e-02
   8.0719049999999990e-03
   8.4075999999999994e-03
   8.7661749999999993e-03
   5.9890999999999998e-03
   4.3334749999999998e-03
  -1.9302250000000003e-03
  -2.0446749999999997e-03
   4.8828149999999996e-03
   1.1939999999999999e-02
   1.4457705000000001e-02
   1.4007570000000000e-02
   1.6448950000000000e-02
   9.8571549999999994e-03
   1.2664769999999999e-02
   6.8359205000000003e-03
   1.9149649999999998e-03
  -6.4086500000000001e-04
   1.4038099999999999e-03
   3.4332280000000000e-03
   3.0288700000000003e-03
   2.5481950000000001e-03
   5.5847150000000005e-03
   8.6212200000000006e-03
   6.7596449999999999e-03
   2.5482150000000004e-03
  -1.7395100000000001e-03
   6.4850000000000020e-04
   4.6997054999999999e-03
   4.3334949999999997e-03
   7.1792350000000000e-03
   9.7045750000000000e-03
   1.2229924999999999e-02
   1.5525799999999999e-02
   1.2397755000000000e-02
   1.2146020000000000e-02
   1.0864265000000000e-02
   8.7737800000000001e-03
   9.2010299999999989e-03
   5.8898950000000000e-03
   1.6723650000000000e-02
   9.9944949999999991e-03
   7.1716354999999997e-03
   6.4926050000000003e-03
   4.8675500000000000e-03
   1.0375974999999999e-02
   7.2784405000000003e-03
   1.2207000000000016e-04
   3.0136099999999999e-03
   5.4168699999999998e-03
   9.7732449999999998e-03
   9.7122400000000005e-03
   1.1138900000000000e-02
   1.1596695000000001e-02
   1.1222835000000000e-02
   1.0986320000000001e-02
   5.0277550000000001e-03
   2.0599550000000005e-03
  -2.8915549999999996e-03
  -4.9514779999999996e-03
  -4.1275019999999999e-03
  -3.9138799999999998e-03
  -1.4801049999999998e-03
  -9.4604499999999996e-04
   2.1591200000000000e-03
   9.9639949999999998e-03
   1.1222840000000000e-02
   7.7285710000000001e-03
   3.1891049999999994e-03
   3.5858499999999981e-04
   2.7160620000000000e-03
  -6.8665000000000002e-04
  -7.5149335000000003e-03
  -6.7749005000000001e-03
  -8.2931400000000009e-03
  -5.1727300000000004e-03
   1.1749249999999998e-03
   2.0904750000000001e-03
   3.5857999999999984e-04
   2.4490349999999996e-03
   2.1591185000000000e-03
  -3.0365000000000001e-03
  -6.9198400000000000e-03
  -5.7831050000000002e-03
  -4.8980600000000001e-03
   1.3656599999999999e-03
   1.9454950000000002e-03
   1.6785000000000064e-04
  -5.4168649999999999e-03
  -5.0048599999999999e-03
  -3.3264150000000001e-03
  -2.8228749999999999e-03
  -7.2326799999999991e-03
  -1.3526895000000001e-02
  -1.0757460000000000e-02
  -1.3732885000000000e-03
   3.6392190000000000e-03
   7.2860664999999996e-03
   2.3040750000000005e-03
  -2.2888499999999985e-04
   3.1280535000000002e-03
   6.3629150000000002e-03
   8.9034949999999991e-03
   4.4784550000000001e-03
  -5.7525469499999995e-03
  -2.4948110000000000e-03
  -2.3040790000000001e-03
  -2.8152500000000000e-03
   2.1743950000000004e-03
  -2.7465999999999992e-04
   2.4948100000000001e-03
   4.4403100000000003e-03
   3.0212400000000006e-03
   4.5318750000000003e-03
   7.3242000000000012e-04
   6.8359349999999996e-03
   4.1732799999999997e-03
   7.0190430000000000e-03
   4.9667200000000000e-03
   3.5095000000000000e-03
  -2.0599349999999997e-03
  -5.3253155000000003e-03
  -8.5144000000000001e-03
  -1.1184715000000001e-02
  -1.1985765000000001e-02
  -1.5579235000000000e-02
  -1.9500750000000001e-02
  -1.2573225000000000e-02
  -1.3824444999999999e-02
  -1.2435930000000000e-02
  -7.0877199999999996e-03
  -3.1585675000000003e-03
   3.1585700000000003e-03
   3.8070650000000001e-03
  -1.1062649999999999e-03
  -5.4931499999999987e-04
   4.7454799999999998e-03
   8.6135949999999999e-03
   6.3324000000000019e-04
  -3.0822650000000003e-03
  -7.7819650000000001e-03
  -8.4915400000000005e-03
  -5.2947999999999997e-03
  -7.7667090000000001e-03
  -1.0597235500000001e-02
  -9.0255714999999993e-03
  -9.8876749999999985e-03
  -7.6751649999999994e-03
  -7.4844300000000002e-03
  -9.4909850000000004e-03
  -9.8877050000000001e-03
  -3.4484839999999999e-03
  -1.8844599999999999e-03
   3.7460314999999997e-03
  -4.2724849999999995e-03
  -6.7749200000000002e-03
  -3.7155159999999999e-03
  -3.1738300000000003e-03
   7.1639799999999995e-03
   9.1781450000000004e-03
   2.3727550000000007e-03
   7.6065299999999994e-03
   1.2146005000000000e-02
   1.7410249999999999e-02
   1.7120364999999999e-02
   1.4968870000000000e-02
   1.7677300000000000e-02
   1.5792850000000001e-02
   1.8104550000000001e-02
   1.9905100000000002e-02
   1.3763440000000000e-02
   1.2130739999999999e-02
   1.1116035000000000e-02
   1.2809744999999999e-02
   4.4326950000000004e-03
  -1.4976489999999999e-02
  -1.3984685000000000e-02
  -2.9067999999999997e-03
   3.1280499999999998e-04
   4.7302225000000007e-03
   1.1192324999999999e-02
   9.1476249999999995e-03
   6.7138499999999982e-04
  -2.1286000000000000e-03
  -2.0004250000000001e-02
  -3.6972049999999999e-02
  -4.9926750000000006e-02
  -5.4473850000000004e-02
  -5.5488599999999999e-02
  -8.4159850000000008e-02
  -1.0114305000000000e-01
  -9.7297899999999993e-02
  -9.6168550000000005e-02
  -8.0284149999999999e-02
  -8.2809450000000007e-02
  -8.7638850000000004e-02
  -1.0044075000000000e-01
  -9.1552750000000002e-02
  -8.1542950000000003e-02
  -8.3595299999999997e-02
  -7.6683050000000003e-02
  -7.3272699999999996e-02
  -6.5322900000000003e-02
  -5.7342499999999998e-02
  -5.5465700000000000e-02
  -5.5908199999999998e-02
  -6.5093999999999999e-02
  -5.3222649999999996e-02
  -5.9379599999999998e-02
  -6.1775200000000002e-02
  -5.3085350000000003e-02
  -5.5946350000000006e-02
  -3.9985649999999998e-02
  -4.0451050000000002e-02
  -4.0420550000000000e-02
  -3.2646200000000000e-02
  -2.4787899999999998e-02
  -2.0980800000000001e-02
  -2.0713800000000001e-02
  -1.3214135000000000e-02
  -8.9569150000000011e-03
  -6.4621100000000001e-03
   1.3122350000000001e-03
   8.3236790000000005e-03
   1.0009790000000001e-02
   1.7517100000000001e-02
   1.7211910000000000e-02
   1.4724755000000001e-02
   2.3681649999999999e-02
   2.0454400000000001e-02
   1.7478950000000000e-02
   2.1629325000000001e-02
   1.6990680000000001e-02
   2.0065300000000001e-02
   2.4757350000000001e-02
   2.7259849999999999e-02
   4.3632549999999999e-02
   3.1684900000000002e-02
   1.8318160000000000e-02
   2.7092000000000001e-02
   2.4703949999999999e-02
   2.6946999999999999e-02
   3.4767149999999997e-02
   3.8795499999999997e-02
   3.6872900000000000e-02
   4.5402550000000000e-02
   3.8879400000000001e-02
   3.7223800000000001e-02
   4.1305550000000003e-02
   4.5944200000000004e-02
   5.1528900000000002e-02
   4.8255949999999999e-02
   3.9123550000000000e-02
   3.5293550000000000e-02
   3.6811850000000000e-02
   3.7757899999999997e-02
   4.7828700000000002e-02
   2.2148125000000001e-02
   2.2308349999999998e-02
   2.6435850000000000e-02
   2.5993349999999998e-02
   2.1629349999999999e-02
   2.0530699999999999e-02
   1.9721949999999999e-02
   1.9599900000000000e-02
   2.0477300000000000e-02
   2.4688749999999999e-02
   2.2270200000000000e-02
   1.0925295000000000e-02
   1.8211350000000001e-02
   2.1163950000000001e-02
   2.5428750000000000e-02
   2.0698550000000000e-02
   2.2033700000000000e-02
   2.7473450000000000e-02
   3.2371549999999999e-02
   3.7185700000000002e-02
   3.8558950000000002e-02
   3.0891450000000001e-02
   3.6239599999999997e-02
   3.9260850000000000e-02
   4.5272850000000003e-02
   4.9774150000000003e-02
   4.6264649999999997e-02
   4.1862499999999997e-02
   3.9215050000000001e-02
   4.5059200000000001e-02
   4.3518100000000004e-02
   4.5364399999999999e-02
   4.7355649999999999e-02
   4.5860300000000000e-02
   4.3075549999999997e-02
   3.9993299999999996e-02
   2.9037449999999999e-02
   3.2852149999999997e-02
   2.8221150000000000e-02
   3.1288150000000001e-02
   3.8024900000000000e-02
   3.1463600000000001e-02
   2.8251649999999996e-02
   2.6458749999999996e-02
   2.8266900000000001e-02
   3.0128500000000003e-02
   2.9685949999999999e-02
   3.2753000000000004e-02
   3.5003699999999999e-02
   4.0428149999999996e-02
   3.7269600000000000e-02
   2.3056050000000002e-02
   2.3986800000000003e-02
   2.7008050000000002e-02
   3.0181850000000000e-02
   3.3729549999999997e-02
   2.6603700000000001e-02
   1.7684949999999998e-02
   1.9966100000000001e-02
   2.0370449999999998e-02
   1.8539449999999999e-02
   8.1558099999999994e-03
   1.1093120000000001e-02
   1.5594490000000001e-02
   1.4373759999999999e-02
   1.9943249999999999e-02
   1.9027700000000002e-02
   7.5912495000000002e-03
   5.6076099999999999e-03
   8.2626300000000000e-03
   8.9111499999999996e-03
   6.2866249999999997e-03
   1.5106200000000003e-03
  -1.4877350000000000e-03
  -6.9427650000000000e-03
   6.5307700000000000e-03
   9.9029549999999997e-03
   5.1574550000000000e-03
  -1.5258500000000022e-04
   9.6893499999999976e-04
  -3.1509399999999996e-03
  -7.2326650000000001e-03
  -6.8969495000000000e-03
  -3.0212400000000001e-03
  -1.8341049999999998e-02
  -1.5708920000000001e-02
  -6.0882649999999998e-03
  -1.0375995000000001e-02
  -1.4770520000000001e-02
  -1.6067515000000001e-02
  -1.1650095000000001e-02
  -1.9058200000000001e-02
  -1.9653299999999999e-02
  -2.4414050000000000e-02
  -2.4108900000000003e-02
  -2.2323599999999999e-02
  -2.2651700000000000e-02
  -2.4581900000000000e-02
  -2.0980849999999999e-02
  -2.2308349999999998e-02
  -1.0986305000000000e-02
  -1.1360149999999999e-02
  -1.5617390000000002e-02
  -1.8524150000000000e-02
  -1.3961814999999999e-02
  -9.5367649999999991e-03
  -8.4762450000000003e-03
  -6.5155230000000005e-03
  -1.6548134999999999e-02
  -1.6639704999999998e-02
  -1.3107279999999999e-02
  -7.2631900000000001e-03
  -1.0627750000000000e-02
  -1.4488200000000000e-02
  -2.2216800000000002e-02
  -2.3223850000000001e-02
  -1.5281650000000001e-02
  -1.3305685000000001e-02
  -1.7715465000000000e-02
  -1.2702930000000001e-02
  -1.8951450000000002e-02
  -1.9515999999999999e-02
  -1.7593399999999999e-02
  -2.0591749999999999e-02
  -2.5718649999999999e-02
  -2.0400999999999999e-02
  -1.7898549999999999e-02
  -1.8821700000000000e-02
  -1.3168325000000000e-02
  -1.9493099999999999e-02
  -2.1377550000000002e-02
  -1.5174850000000000e-02
  -1.5815750000000000e-02
  -1.5129090000000000e-02
  -1.4976500000000000e-02
  -1.2321490000000001e-02
  -9.1171350000000002e-03
  -1.2588520000000001e-02
  -1.2939430000000000e-02
  -1.8569950000000002e-02
  -1.3298035000000000e-02
  -1.1276235000000001e-02
  -7.7591150000000005e-03
  -6.6146800000000004e-03
  -1.5716549999999999e-02
  -8.4304570000000006e-03
  -1.9989000000000001e-03
