  -1.1474590000000000e-02
  -1.2054449999999999e-03
   5.6457750000000004e-03
   3.2806499999999978e-04
  -1.3519300000000000e-02
  -1.4938350000000000e-02
   2.6702999999999970e-04
   1.4541610000000000e-02
   7.0190349999999999e-03
  -1.2054430000000000e-02
  -2.0729049999999999e-02
  -1.2893700000000000e-03
   1.5609765000000001e-02
   1.6845695000000001e-02
   3.9978250000000000e-03
  -1.6555799999999998e-03
   5.9509300000000001e-03
   9.3536180000000010e-03
   1.3809205000000000e-02
  -9.1554999999999675e-05
  -9.9868700000000001e-03
  -2.2048950000000001e-03
   6.6375704999999995e-03
   1.6227735000000000e-02
   1.8310550000000003e-03
  -6.7291250000000007e-03
  -2.6397715000000001e-03
   1.1489889999999999e-02
   1.1581400000000000e-02
  -4.1122450000000005e-03
  -8.3084349999999994e-03
  -1.7166115000000000e-03
   1.7356900000000001e-02
   2.5299100000000001e-02
   1.3198854999999999e-02
   3.2272349999999997e-03
   7.3242500000000009e-04
   1.2207045000000000e-02
   1.8325849999999998e-02
  -4.7302500000000018e-04
  -1.5747049999999999e-02
  -1.9027700000000002e-02
  -6.9274899999999997e-03
   6.2484650000000008e-03
  -2.6169050000000001e-03
  -1.2031574999999999e-02
  -1.7990100000000002e-02
  -4.8141475000000001e-03
   3.3035050000000000e-03
   6.1492949999999999e-03
  -1.7395050000000001e-03
  -2.3498525000000001e-03
   1.0574320000000000e-02
   1.9897450000000001e-02
   1.6784674999999999e-02
  -3.3187874999999999e-03
  -1.7044049999999998e-02
  -7.2479299999999997e-03
   1.7318699999999999e-03
   3.9672700000000002e-03
  -4.2953649999999998e-03
  -1.1024490000000000e-02
  -3.9825449999999997e-03
   1.0581960000000000e-02
   1.8096925000000000e-02
   2.7923800000000001e-03
  -1.3206460000000000e-02
  -1.1642435000000000e-02
   5.7601889999999998e-03
   2.0660400000000002e-02
   1.2054450000000000e-02
   5.7296750000000000e-03
   8.2244799999999993e-03
   1.8501299999999998e-02
   2.0729049999999999e-02
   6.7291399999999998e-03
  -4.4860849999999999e-03
  -5.4168700000000007e-03
   3.8757300000000000e-03
   6.7901649999999999e-03
  -5.6839250000000003e-03
  -1.7730699999999999e-02
  -2.2582999999999999e-02
  -1.3412479999999999e-02
  -9.8114110000000008e-03
  -1.8837000000000000e-02
  -2.5527950000000001e-02
  -2.8694150000000002e-02
  -1.0993955000000000e-02
  -1.1749299999999998e-03
  -4.2114450000000003e-03
  -2.4520899999999998e-02
  -3.2562300000000002e-02
  -2.0042450000000000e-02
  -1.3397195000000001e-02
  -1.3458254999999999e-02
  -2.5482150000000002e-02
  -2.8793350000000002e-02
  -1.8058749999999998e-02
  -1.7242550000000001e-03
   6.5918199999999991e-03
  -1.1215200000000000e-03
  -9.0408150000000007e-03
  -1.6174329999999999e-03
   5.6609899999999994e-03
   1.1978139999999998e-02
   8.9263499999999970e-04
  -4.7607399999999994e-03
   4.8141449999999997e-03
   1.4152520000000002e-02
   2.1453850000000000e-02
   8.6822749999999997e-03
  -1.9760139999999999e-03
  -2.7465804999999999e-03
   1.0040275000000001e-02
   1.3359085000000000e-02
  -8.0108499999999999e-04
  -9.4223049999999989e-03
  -1.3275149999999999e-02
   4.8065499999999997e-04
   1.1940005000000000e-02
   9.2315999999999926e-04
  -1.1489849999999999e-02
  -1.8020649999999999e-02
  -5.3711050000000002e-03
   1.2489314999999999e-02
   8.6822350000000000e-03
  -2.6397700000000001e-03
  -1.1917150000000000e-02
  -2.1209700000000002e-03
   6.4544800000000003e-03
   3.6621150000000001e-03
  -1.1581440000000000e-02
  -1.4808650000000000e-02
  -1.2359640000000002e-02
  -9.6435700000000006e-03
  -1.1779769999999998e-02
  -1.7692550000000001e-02
  -2.4627699999999999e-02
  -1.3557400000000001e-02
  -5.4168834999999997e-03
  -2.2888299999999999e-03
  -1.5998850000000002e-02
  -2.2415150000000002e-02
  -1.3183600000000000e-02
   1.9531249999999996e-03
   1.2702920000000001e-02
   1.0680999999999972e-04
  -1.2893700000000001e-02
  -1.0932925000000000e-02
  -1.7089850000000005e-03
   7.3089649999999997e-03
  -4.7912350000000005e-03
  -1.4297499999999999e-02
  -1.4472950000000000e-02
  -6.5383699999999999e-03
  -2.0294200000000005e-03
  -1.1672970000000000e-02
  -2.4948100000000001e-02
  -2.4795550000000000e-02
  -1.6716000000000002e-02
  -8.6822265000000010e-03
  -1.3267515000000001e-02
  -1.3267549999999999e-02
  -1.4549250000000000e-02
   6.1798000000000018e-04
   9.4146799999999999e-03
  -1.6326900000000000e-03
  -1.7433150000000001e-02
  -2.7053849999999997e-02
  -1.5571600000000001e-02
  -8.6822599999999989e-03
  -1.9607550000000001e-02
  -2.8381299999999998e-02
  -3.3432000000000003e-02
  -2.2399900000000000e-02
  -7.7209710000000001e-03
  -2.6855350000000002e-03
  -1.3633735000000001e-02
  -1.6464250000000000e-02
  -5.3024300000000003e-03
   7.9269230000000006e-03
   1.6609199999999998e-02
   8.9416500000000006e-03
  -4.4250490000000001e-04
   6.1416650000000001e-03
   1.6799950000000001e-02
   1.9485450000000001e-02
   6.8359300000000005e-03
  -1.2893674000000000e-03
   4.8217799999999995e-03
   1.1489880000000001e-02
   2.2308350000000001e-02
   1.5243540000000000e-02
   5.8441150000000004e-03
   1.0192855000000001e-02
   2.0111100000000000e-02
   2.3948649999999998e-02
   9.6512000000000004e-03
  -4.7683750000000000e-03
  -2.4948130000000002e-03
   1.6365049999999999e-02
   3.4042400000000000e-02
   3.2722450000000000e-02
   1.6967799999999998e-02
   1.2420700000000000e-02
   2.3323049999999998e-02
   3.4622149999999997e-02
   2.6893600000000000e-02
   6.8740950000000002e-03
   2.6931749999999999e-03
   9.1476200000000004e-03
   1.4968890000000000e-02
   7.2250449999999994e-03
  -4.6997150000000001e-03
  -8.4381100000000004e-03
   3.0899025000000000e-03
   4.3258500000000009e-03
   5.5160449999999998e-03
  -4.2724749999999995e-03
  -9.1476549999999993e-03
   3.7536614999999999e-03
   1.2664820000000000e-02
   1.4129650000000001e-02
  -2.0599499999999962e-04
  -6.9961550000000004e-03
  -3.5781860000000001e-03
   8.3694500000000005e-03
   1.2611384999999999e-02
  -2.8534150000000002e-03
  -1.2031549999999998e-02
  -1.0108954999999999e-02
   3.7613000000000004e-03
   1.3565065000000001e-02
   9.3079000000000035e-04
  -8.1634550000000000e-03
  -5.8898900000000001e-03
   6.7672675999999998e-03
   1.7539960000000000e-02
   1.2115460000000002e-02
   4.4021600000000004e-03
   7.1487449999999998e-03
   2.4353050000000001e-02
   2.7519249999999999e-02
   2.1156299999999999e-02
   8.0719050000000007e-03
   1.5182499999999999e-03
   1.2237535000000001e-02
   2.2071849999999997e-02
   1.3427749999999999e-02
  -4.3640124999999993e-03
  -1.2741075000000001e-02
   4.4631954999999994e-03
   1.6494769999999999e-02
   9.9334875000000010e-03
  -5.5618099999999995e-03
  -1.2474050000000000e-02
  -2.3803704999999999e-03
   1.1329654999999999e-02
   1.3580314999999999e-02
   4.6997050000000002e-03
  -3.2272350000000002e-03
  -5.0354000000000002e-04
   9.0179379999999996e-03
   1.2817390000000001e-02
   3.7383999999999985e-04
  -1.2352000000000000e-02
  -4.6997050000000002e-03
   1.2901299999999999e-02
   8.1634700000000008e-03
  -6.2256000000000004e-03
  -9.5825149999999998e-03
  -9.9182000000000003e-03
   4.3563849999999999e-03
   4.6386900000000000e-03
  -1.5113820000000000e-02
  -1.8630950000000000e-02
  -8.6059699999999992e-03
   1.3656629999999999e-02
   2.4574300000000000e-02
   1.3481155000000000e-02
  -5.9966999999999998e-03
  -1.1047385000000000e-02
   7.2250250000000004e-03
   1.2786875000000000e-02
   8.8424624999999986e-03
  -5.4321320000000001e-03
  -1.0513320000000000e-02
  -1.9836499999999983e-04
   8.1329400000000000e-03
  -3.1279999999999936e-04
  -3.2196100000000004e-03
  -1.6876249999999999e-02
  -1.7944350000000001e-02
  -3.6468350000000002e-03
  -4.4860649999999992e-03
  -7.8735449999999992e-03
  -1.5060400000000000e-02
  -5.8517706000000003e-03
  -7.2479000000000033e-04
  -3.3187900000000003e-03
  -1.8066400000000000e-02
  -2.1392849999999998e-02
  -1.1032130000000001e-02
   3.9367849999999999e-03
  -3.7307799999999999e-03
  -2.4864200000000003e-02
  -3.0532850000000000e-02
  -1.1054989999999999e-02
   2.9755000000000059e-04
   9.4146799999999999e-03
   2.9296950000000000e-03
  -1.9447350000000002e-02
  -9.7579799999999994e-03
   1.0536175000000000e-02
   1.9363385000000000e-02
   1.4740010000000000e-02
   7.4081349999999997e-03
   1.6166699999999999e-02
   2.1362300000000001e-02
   2.9121399999999999e-02
   1.3885475000000000e-02
   7.9345999999999996e-04
  -1.2107840000000000e-02
   1.8310549999999998e-03
   7.0647950000000004e-03
  -5.7220699999999992e-03
  -1.3992350000000001e-02
  -2.1720900000000001e-02
  -1.2809750000000002e-02
  -5.7372949999999999e-03
  -1.5319845000000000e-02
  -2.5268550000000001e-02
  -1.9760099999999999e-02
  -4.3334984999999996e-03
   3.4790199999999998e-03
  -7.4462764999999997e-03
  -2.1850599999999998e-02
  -2.6748649999999999e-02
  -2.2026049999999998e-02
  -1.4198305000000000e-02
  -1.5441875000000001e-02
  -2.3864749999999997e-02
  -2.5878900000000003e-02
  -8.0642749999999992e-03
  -2.5939999999999991e-04
   2.2201500000000006e-03
  -1.0879510000000000e-02
  -2.6695250000000000e-02
  -2.1911600000000000e-02
  -1.3015730000000000e-02
  -6.2865999999999998e-03
  -1.5090925000000002e-02
  -1.6120900000000001e-02
  -3.1280510000000002e-03
   1.3687150000000000e-02
   1.1978164999999999e-02
  -2.9602250000000004e-03
  -1.5121450000000002e-02
  -1.5937800000000002e-02
  -6.0348293999999995e-03
   4.7760099999999998e-03
  -4.5242099999999999e-03
  -1.6220100000000001e-02
  -1.8760699999999998e-02
  -6.7520200000000001e-03
   1.4724800000000004e-03
  -9.4909650000000005e-03
  -2.1080049999999999e-02
  -2.7465799999999999e-02
  -1.5815735000000001e-02
  -1.6937250000000001e-03
  -2.7847400000000000e-03
  -1.3107299999999999e-02
  -1.2168900000000000e-02
  -8.7737999999999998e-04
   9.5214700000000006e-03
   3.5781850000000002e-03
  -1.0635394999999999e-02
  -1.7837499999999999e-02
  -3.3721949999999997e-03
   2.4642949999999996e-03
  -6.8664449999999997e-03
  -1.8280000000000001e-02
  -1.9683849999999999e-02
  -1.5121465000000001e-02
  -6.3781799999999998e-03
  -6.1492950000000008e-03
  -2.0042400000000002e-02
  -2.3468000000000003e-02
  -1.0391210000000000e-02
   1.9912849999999998e-03
   1.0627741200000001e-02
   1.1062650000000004e-03
  -5.1498450000000001e-03
  -7.0724550000000001e-03
   3.2577249999999999e-03
   1.1230473499999999e-02
  -1.0910049999999995e-03
  -4.8370349999999999e-03
  -4.8370349999999999e-03
   1.0719279999999999e-02
   1.6380329999999999e-02
   6.7748885000000003e-03
  -2.2583000000000000e-03
  -3.1662000000000001e-03
   7.7819700000000009e-03
   1.2779249999999999e-02
   9.4146799999999999e-03
   1.9760149999999998e-03
  -3.3493049999999999e-03
   1.6052250000000001e-02
   2.9815649999999999e-02
   1.6853350000000000e-02
   7.6217650000000008e-03
   5.2642799999999997e-03
   1.8837000000000000e-02
   2.8488149999999997e-02
   1.7906149999999999e-02
   2.2354104999999999e-03
  -2.3956300000000002e-03
   1.2092580000000000e-02
   1.8936180000000000e-02
   1.9332900000000000e-02
   8.8577099999999995e-03
  -2.6550280000000002e-03
   3.3645649999999999e-03
   1.6922000000000000e-02
   2.3384100000000001e-02
   4.2343154999999995e-03
  -6.3705450000000000e-03
   2.6397719500000001e-03
   2.0103450000000002e-02
   1.8379230000000000e-02
   1.8081699999999996e-03
  -4.9285900000000001e-03
   2.0141589999999997e-03
   1.8005350000000000e-02
   2.1575950000000000e-02
   4.5394950000000002e-03
  -3.7384499999999982e-04
  -3.4103350000000000e-03
   1.2840265000000000e-02
   1.7524700000000001e-02
  -3.6926450000000000e-03
  -1.4366175000000002e-02
  -9.9868800000000001e-03
   8.5906749999999990e-03
   2.5161749999999997e-02
   1.5144355000000000e-02
   7.0190499999999963e-04
   1.5255000000000043e-05
   1.5884405000000001e-02
   2.4627700000000002e-02
   1.3961800000000000e-02
   1.4038099999999999e-03
  -7.2021600000000000e-03
   5.2947799999999998e-03
   4.0817400000000004e-03
   6.2866150000000006e-03
  -5.1803614999999994e-03
  -1.3000500000000000e-02
   7.0953500000000007e-04
   5.5237050000000003e-03
   2.9525750000000003e-03
  -6.1645550000000004e-03
  -4.7073400000000000e-03
   9.0789549999999997e-03
   1.7761199999999998e-02
   1.6647365000000001e-02
   7.3775999999999998e-03
  -2.0141615000000002e-03
   4.1503900000000003e-03
   1.5838649999999999e-02
   1.9042999999999997e-02
   6.7596400000000008e-03
  -3.4790050000000003e-03
   1.1215200000000000e-03
   1.4434809999999999e-02
   1.9058224999999998e-02
   5.4321350000000003e-03
  -6.6070549999999997e-03
  -2.0828229999999997e-03
   6.8512090000000005e-03
   1.8852230000000001e-02
   1.1260985000000001e-02
   8.8501000000000009e-04
   3.1890850000000004e-03
   1.7074590000000001e-02
   1.8569944999999997e-02
   3.0670350000000001e-03
  -6.5917800000000002e-03
  -5.4702800000000001e-03
   7.8353809999999989e-03
   1.5914899999999999e-02
   7.0419150000000010e-03
  -3.0746450000000000e-03
  -3.8681050000000002e-03
   1.1955270000000000e-02
   2.0278899999999999e-02
   1.3023380000000001e-02
  -3.0517499999999998e-04
  -5.7373049999999998e-03
   9.3536200000000000e-03
   1.7089855000000001e-02
   1.3160685000000000e-02
   6.6375500000000025e-04
  -9.8571700000000002e-03
  -2.0599500000000005e-04
   4.8141350000000006e-03
   7.0954999999999976e-04
  -1.4251685000000000e-02
  -1.8913250000000000e-02
  -5.1574715000000000e-03
   2.9602049999999996e-03
   7.4539350000000001e-03
  -4.0206950000000003e-03
  -8.3618049999999999e-03
  -1.8005389999999999e-03
   3.3569300000000002e-03
   5.4931850000000011e-03
   1.1444500000000035e-04
   1.9836500000000026e-04
   8.6975000000000004e-03
   2.3361200000000002e-02
   2.7969349999999997e-02
   1.1047385000000000e-02
  -4.5242300000000006e-03
  -7.7438200000000002e-03
   8.4152250000000001e-03
   1.6609189999999999e-02
   8.0566505000000000e-03
   1.3961800000000001e-03
   1.2512199999999999e-03
   1.5548695000000000e-02
   2.5802599999999998e-02
   2.2041349999999998e-02
   1.2527470000000001e-02
   1.7776509999999999e-03
   1.1970495000000001e-02
   2.0957949999999999e-02
   1.7295854999999999e-02
   4.4326769999999995e-03
   2.7008049999999997e-03
   2.0202650000000003e-02
   2.9869050000000001e-02
   2.8594950000000001e-02
   1.2725805000000000e-02
   6.3324000000000002e-03
   1.2817400000000000e-02
   2.0874000000000000e-02
   1.9889799999999999e-02
  -4.0435999999999988e-04
  -1.0559080000000000e-02
   8.6212000000000007e-04
   1.2702950000000001e-02
   1.4480570000000000e-02
  -4.5776500000000017e-04
  -1.7219499999999999e-02
  -1.2763955000000000e-02
   8.5677965000000005e-03
   1.4327999999999999e-02
   7.2403099999999998e-03
   2.2889999999999803e-05
   2.5253290000000002e-03
   1.1688209999999999e-02
   1.4091474999999999e-02
  -1.4572150000000004e-03
  -1.5174850000000000e-02
  -1.4740000000000000e-02
  -3.4332299999999998e-03
   9.8417000000000036e-04
  -4.8217549999999996e-03
  -1.1444070000000001e-02
  -1.3214150000000001e-02
  -3.1890900000000003e-03
  -1.7700449999999996e-03
  -1.1169419999999999e-02
  -1.5251150000000000e-02
  -1.4732350000000002e-02
   4.2037975000000002e-03
   1.2718180000000001e-02
   1.0559060000000000e-02
  -7.0190500000000028e-04
  -9.3078399999999995e-03
   2.0294167999999999e-03
   1.0742169999999999e-02
   6.8664500000000048e-04
  -1.2283325000000001e-02
  -1.7814650000000001e-02
  -9.9945050000000007e-03
   4.5776499999999973e-04
  -1.3046399999999993e-03
  -8.2321149999999999e-03
  -2.1553049999999997e-02
  -1.2649549999999999e-02
  -3.4484849999999998e-03
   1.1062600000000004e-03
  -8.8043050000000001e-03
  -1.9889799999999999e-02
  -1.1932350000000001e-02
  -8.0871499999999978e-04
   2.5634849999999999e-03
  -8.8424550000000008e-03
  -1.8463150000000001e-02
  -1.1970550000000000e-02
  -1.0070800000000000e-03
   2.6397749999999996e-03
  -8.4686250000000005e-03
  -2.0004300000000003e-02
  -1.9645700000000002e-02
  -1.0665899999999999e-02
  -3.3569350000000001e-03
  -1.3061505000000001e-02
  -2.8045649999999998e-02
  -3.0220049999999998e-02
  -6.1493049999999999e-03
   1.1932394999999998e-02
   1.1711135000000001e-02
   2.4108899999999997e-03
   3.8145000000000063e-05
   1.1001565000000000e-02
   1.6265865000000001e-02
   1.0795580000000001e-02
  -2.2354145000000000e-03
  -7.9803500000000006e-03
   5.1574699999999999e-03
   1.5487684999999999e-02
   1.4091514999999999e-02
   2.6931800000000003e-03
   2.6779199999999999e-03
   1.1329650000000000e-02
   1.3458270000000001e-02
   7.0800799999999999e-03
  -4.6615609999999998e-03
  -1.0192890000000000e-02
   5.6686400000000000e-03
   2.0034799999999998e-02
   2.7709950000000001e-02
   1.7196650000000001e-02
   5.7907099999999993e-03
   8.0642700000000001e-03
   1.7906200000000001e-02
   1.9256599999999999e-02
   8.5601700000000006e-03
  -1.1444100000000000e-03
   1.7318749999999999e-03
   1.2268075000000000e-02
   1.9203200000000000e-02
   1.2245195000000000e-02
   3.2196036500000001e-03
   1.7547610000000001e-03
   1.1711095000000001e-02
   1.4884945000000000e-02
   7.6522620000000000e-03
   4.8065000000000000e-04
   5.2261349999999998e-03
   1.5914925000000000e-02
   2.6092499999999998e-02
   1.8104549999999997e-02
   8.3465850000000001e-03
   3.1738300000000003e-03
   1.0948180000000000e-02
   1.6479495000000000e-02
   6.0119800000000001e-03
  -5.8136100000000003e-03
  -1.6639700000000000e-02
  -3.6239599999999999e-03
   5.1040800000000004e-03
   3.7841650000000004e-03
  -1.0383600000000000e-02
  -2.0309450000000000e-02
  -1.1833194999999999e-02
   2.2964499999999994e-03
   5.0735650000000004e-03
  -1.0208155000000000e-02
  -2.0965549999999999e-02
  -1.0276779999999999e-02
   4.5776300000000001e-03
   6.5994449999999998e-03
  -6.7520000000000002e-03
  -1.8882750000000000e-02
  -1.1093140000000000e-02
  -5.6609850000000003e-03
  -2.8228999999999997e-03
  -1.0833760000000001e-02
  -1.5388499999999999e-02
  -4.6005249999999994e-03
   1.0726949999999999e-02
   1.1085525000000001e-02
  -5.3405000000000293e-05
  -1.4724700000000000e-02
  -1.0955804999999999e-02
   8.9797850000000005e-03
   1.9508345000000000e-02
   1.4495855000000000e-02
   5.0964349999999999e-03
  -9.6130499999999997e-04
   7.7591079999999998e-03
   1.6242960000000001e-02
   5.5542200000000003e-03
  -6.2026800000000003e-03
  -8.2092250000000005e-03
   6.6375935000000004e-03
   2.0812999999999998e-02
   1.2367265000000001e-02
  -2.2964450000000003e-03
  -1.3732899999999999e-02
  -5.3863530000000000e-03
   4.6462900000000000e-03
   2.3193550000000004e-03
  -2.1286005000000002e-03
  -1.7547600000000002e-03
   6.8588099999999999e-03
   1.3458244999999999e-02
   7.4004900000000000e-03
  -7.8659249999999993e-03
  -1.8501250000000000e-02
  -9.1247599999999991e-03
   3.7307849999999999e-03
   3.1432850000000000e-03
  -8.6364950000000010e-03
  -1.5335100000000001e-02
  -1.2824994999999999e-02
  -1.5640000000000003e-03
   9.0790499999999965e-04
  -9.4222850000000007e-03
  -1.9447349999999999e-02
  -1.2748700000000000e-02
   3.6468250000000002e-03
   1.8783595000000000e-02
   1.0826125000000001e-02
   5.1956199999999998e-03
   7.1411150000000000e-03
   2.1499649999999999e-02
   2.4246199999999999e-02
   1.3023350000000000e-02
   4.6691900000000001e-03
   3.8223285000000000e-03
   1.7959599999999999e-02
   2.4787900000000002e-02
   1.5365600000000000e-02
   4.2190550000000002e-03
  -6.1187749999999999e-03
   3.2806399999999998e-04
   9.6740649999999991e-03
   7.5530999999999992e-04
  -1.4312749999999999e-02
  -1.6090400000000001e-02
  -3.9672850000000001e-04
   1.3198840000000000e-02
   1.0787945000000000e-02
   2.0599349999999997e-03
  -5.4931649999999995e-03
   5.8746349999999996e-03
   1.8264750000000000e-02
   8.2092350000000005e-03
  -7.8201250000000007e-03
  -1.7906200000000001e-02
  -1.0017370000000001e-02
  -1.7089849999999999e-03
   2.7694700000000000e-03
  -5.4626450000000003e-03
  -1.3732950000000001e-02
  -3.2348650000000000e-03
   8.5296599999999997e-03
   8.6898600000000006e-03
  -4.7454799999999998e-03
  -1.0879534999999999e-02
  -1.1215200000000000e-03
   1.0025020000000001e-02
   1.5083289999999999e-02
   6.1035299999999994e-03
  -6.4010650000000001e-03
  -5.9432949999999995e-03
   3.8299569499999999e-03
   7.0953299999999995e-03
   8.7738000000000009e-04
  -8.4228350000000000e-03
  -1.3366699999999999e-02
   1.2359649999999999e-03
   1.0925270000000001e-02
   3.6468499999999997e-03
  -2.9373149999999998e-03
  -1.1329650000000000e-02
   1.3046300000000002e-03
   1.1848444999999999e-02
   9.6816949999999988e-03
  -5.2185045000000003e-03
  -1.3832049999999999e-02
  -1.4877300000000000e-03
   5.0354200000000005e-03
   3.2882549999999995e-03
  -8.5144149999999991e-03
  -1.6693099999999999e-02
  -5.3787200000000000e-03
   4.5318649999999995e-03
   4.0741049999999997e-03
  -7.3700199999999997e-03
  -1.2725799999999999e-02
  -6.2179750000000006e-03
   2.2048899999999997e-03
   1.1749450000000002e-03
  -1.3153100000000001e-02
  -1.9783050000000000e-02
  -1.0177625000000001e-02
   5.6838849999999996e-03
   1.0353099500000001e-02
  -2.3651100000000001e-03
  -1.3633750000000000e-02
  -7.7743550000000002e-03
   1.2893700000000002e-03
   2.2735500000000001e-03
  -1.3092045000000000e-02
  -1.6410850000000001e-02
  -6.9198599999999999e-03
  -2.6244900000000002e-03
  -2.9296999999999995e-03
  -4.3258749999999999e-03
  -1.1665340000000000e-02
  -1.2382499999999999e-02
  -5.3405000000000293e-05
   8.5601900000000005e-03
  -3.1282499999999921e-04
  -7.9422099999999999e-03
  -5.8746350000000004e-03
   3.6010550000000001e-03
   1.5220625000000000e-02
   1.5335080000000001e-02
  -1.9454949999999998e-03
  -1.2260449999999999e-02
  -2.4337800000000000e-03
   7.5149700000000010e-03
   1.6021700000000000e-03
  -1.0566710000000000e-02
  -1.2565605000000001e-02
  -1.1749249999999998e-03
   1.1428835000000000e-02
   1.2817380000000000e-02
   8.3007700000000007e-03
  -5.2413950000000003e-03
  -2.6931749999999999e-03
   5.0430400000000004e-03
   6.8283200000000006e-03
  -1.1749249999999998e-03
  -6.5612500000000002e-04
   7.9803449999999998e-03
   1.7417894999999999e-02
   2.4261449999999997e-02
   3.2425049999999997e-03
  -5.0277700000000000e-03
   3.6849974999999999e-03
   9.2620800000000007e-03
   1.5335105000000000e-02
   3.9215150000000004e-03
  -2.4795545000000003e-03
  -6.7138500000000025e-04
   1.2374875000000000e-02
   1.8302900000000000e-02
   1.8005399999999998e-03
  -9.3459849999999994e-03
  -1.4907850000000000e-02
  -1.0528549999999997e-03
  -2.2354000000000002e-03
  -1.8455520000000000e-02
  -2.8465299999999999e-02
  -3.6300650000000004e-02
  -2.7374250000000003e-02
  -3.6491400000000000e-02
  -5.5603050000000001e-02
  -7.0396399999999998e-02
  -8.6929350000000002e-02
  -8.1054700000000007e-02
  -8.7379349999999995e-02
  -9.5108150000000002e-02
  -1.0918450000000000e-01
  -1.2851699999999999e-01
  -1.2510700000000000e-01
  -1.2213150000000000e-01
  -1.2841800000000000e-01
  -1.3697050000000000e-01
  -1.3988499999999998e-01
  -1.2723550000000000e-01
  -1.0713945000000000e-01
  -1.0881790000000000e-01
  -1.1431150000000000e-01
  -1.2255099999999999e-01
  -1.0597975000000000e-01
  -1.0832224999999999e-01
  -1.0237125000000000e-01
  -1.1112954999999999e-01
  -1.1691250000000000e-01
  -1.0493474999999999e-01
  -9.3117000000000005e-02
  -8.6830299999999999e-02
  -1.0270690000000000e-01
  -1.0925300000000000e-01
  -1.0174559999999999e-01
  -9.3665999999999999e-02
  -7.9421999999999993e-02
  -8.3145100000000000e-02
  -8.2908650000000000e-02
  -6.7642250000000001e-02
  -6.4201349999999990e-02
  -5.1773050000000001e-02
  -5.6068449999999999e-02
  -5.7601949999999999e-02
  -5.0956700000000001e-02
  -4.0504449999999997e-02
  -2.5497415000000002e-02
  -2.2033694999999999e-02
  -1.8470750000000001e-02
  -2.3185749999999998e-02
  -6.6451800000000005e-03
   6.3324200000000001e-03
   3.6468600000000000e-03
   5.7220335000000002e-03
  -1.9454949999999998e-03
   9.5214849999999997e-03
   3.5400349999999997e-02
   2.9769900000000002e-02
   1.4053335000000000e-02
   1.4480580000000000e-02
   3.5568250000000003e-02
   4.3373099999999998e-02
   3.5667449999999996e-02
   2.5009150000000001e-02
   3.7429799999999999e-02
   6.3491850000000002e-02
   3.6369300000000000e-02
   4.0206900000000004e-02
   3.6170950000000000e-02
   3.4011849999999996e-02
   4.2648300000000000e-02
   5.2726700000000001e-02
   5.2719149999999992e-02
   3.8925149999999999e-02
   3.2821650000000001e-02
   3.2852149999999997e-02
   3.9535500000000001e-02
   5.0613400000000003e-02
   4.0618899999999999e-02
   4.3136599999999997e-02
   4.5074450000000002e-02
   5.3230300000000001e-02
   5.8875999999999998e-02
   5.0910949999999996e-02
   4.2716950000000004e-02
   3.8276699999999997e-02
   4.7897350000000005e-02
   4.9057000000000003e-02
   4.1450500000000001e-02
   2.4803150000000003e-02
   9.8113799999999998e-03
   2.0622250000000002e-02
   3.2249449999999999e-02
   3.0494700000000000e-02
   2.6245100000000000e-02
   1.7341650000000000e-02
   2.6855449999999999e-02
   4.2144750000000002e-02
   4.4563300000000000e-02
   2.5489800000000000e-02
   1.8516550000000000e-02
   3.0685400000000002e-02
   4.7759999999999997e-02
   4.3289200000000000e-02
   4.5303350000000006e-02
   2.8045649999999998e-02
   4.6768199999999996e-02
   5.0445549999999999e-02
   5.2261349999999998e-02
   4.3518100000000004e-02
   1.6838099999999998e-02
   2.8915400000000001e-02
   3.4606949999999997e-02
   3.4698449999999999e-02
   2.4108850000000001e-02
   1.4236475000000000e-02
   2.3086549999999997e-02
   3.3569300000000003e-02
   3.9039650000000002e-02
   2.4436949999999999e-02
   1.4030470000000000e-02
   1.3198850000000000e-02
   2.9785149999999996e-02
   3.3454899999999996e-02
   1.9935599999999998e-02
   9.9792700000000002e-03
   6.0730000000000003e-03
   1.0307320000000000e-02
   2.9960599999999997e-02
   2.2644049999999999e-02
   1.3221755000000000e-02
   5.8136000000000004e-03
   1.6624449999999999e-02
   3.4759499999999999e-02
   2.1644549999999999e-02
   2.3635850000000000e-02
   1.7654400000000001e-02
   3.4225499999999999e-02
   4.6539299999999999e-02
   3.4553550000000002e-02
   3.4690849999999995e-02
   2.9541049999999999e-02
   4.1137699999999999e-02
   4.9362199999999995e-02
   4.2778000000000004e-02
   2.9373150000000001e-02
   2.4208100000000003e-02
   2.8594950000000001e-02
   3.0426000000000002e-02
   2.7091950000000000e-02
   1.5518184999999999e-02
   7.8506500000000007e-03
   1.5121450000000000e-02
   2.5421150000000000e-02
   2.7175899999999999e-02
   1.6174315000000002e-02
   1.4740000000000000e-02
   1.8783599999999998e-02
   1.8821749999999998e-02
   3.1417849999999997e-02
   2.4307250000000002e-02
   6.2560999999999997e-04
   1.3504000000000003e-03
   9.7580199999999992e-03
   1.7318725000000000e-02
   1.4846810000000000e-02
   3.6544774999999999e-03
   5.8822850000000001e-03
   1.5548704999999999e-02
   2.2117600000000001e-02
   2.1270750000000001e-02
   1.3648975000000001e-02
   6.8206800000000000e-03
   2.2254950000000003e-02
   3.0265799999999999e-02
   2.8839099999999999e-02
   1.8577600000000000e-02
   1.0864245000000000e-02
   1.6197200000000002e-02
   2.3788450000000003e-02
   2.3551949999999999e-02
   1.3916049999999999e-02
   5.3405750000000002e-03
   8.2015899999999999e-03
   2.0523100000000002e-02
   1.8646255000000000e-02
   9.8190350000000003e-03
   3.7841774999999999e-03
   4.7378450000000001e-03
   1.8341054999999998e-02
   2.1881100000000001e-02
   8.4381000000000005e-03
  -1.2588480000000001e-03
   3.7307750000000000e-03
   1.2397769999999999e-02
   1.5518179999999999e-02
   3.4103400000000004e-03
  -6.4697250000000000e-03
  -5.8898950000000000e-03
   9.6511599999999989e-03
   1.9439699999999997e-02
   9.1247499999999992e-03
  -6.9122350000000009e-03
  -3.8986200000000002e-03
   9.7808649999999997e-03
   1.8890364999999999e-02
   1.4587395000000000e-02
   1.6113300000000001e-02
   1.4266999999999998e-02
   2.7305599999999999e-02
   3.9588899999999996e-02
   3.1234750000000002e-02
   2.0492549999999998e-02
   2.9602065000000001e-03
   6.9427400000000002e-03
   1.5167240000000000e-02
   1.0368353500000000e-02
   6.4086899999999999e-03
  -5.1574699999999999e-03
   4.9896250000000001e-03
   8.5677881999999990e-03
   1.9836550000000000e-03
  -8.5830899999999998e-03
  -6.2484749999999999e-03
   2.0523049999999999e-03
   1.1520400000000000e-02
   1.3000475000000001e-02
  -6.5613000000000021e-04
  -3.1280500000000003e-03
   5.5847199999999996e-03
   1.6143785000000001e-02
   1.7410265000000001e-02
   1.0322555000000001e-02
   6.4773550000000006e-03
   1.1947619999999999e-02
   2.6619000000000000e-02
   2.5634799999999999e-02
   6.0577204999999997e-03
  -1.6479505000000002e-03
   3.9978000000000001e-03
   2.1896350000000002e-02
   2.8015149999999999e-02
   1.2771585000000000e-02
   1.4343250000000000e-02
   1.6197200000000002e-02
   2.8648399999999997e-02
   3.8238550000000003e-02
   1.9218449999999998e-02
   9.1781699999999994e-03
   8.9569049999999994e-03
   1.6990650000000000e-02
   1.9027715000000001e-02
   1.7684934999999999e-02
   3.8146999999999986e-04
  -3.4713750000000001e-03
   7.6446700000000001e-03
   1.9126899999999999e-02
   1.5472420000000001e-02
   7.3928800000000001e-03
  -1.1978160000000000e-03
   1.1802699999999999e-02
   1.7776475000000000e-02
   1.3412475000000000e-02
   3.8223250000000001e-03
  -6.6223150000000001e-03
  -8.6288249999999997e-03
  -3.9291450000000002e-03
   3.8681250000000000e-03
  -4.1656499999999999e-03
  -1.1497500000000001e-02
   1.4495839999999999e-04
   5.9662050000000005e-03
   4.1809150000000003e-03
   2.0065299999999999e-03
   2.5177149999999998e-04
   8.9187650000000004e-03
   2.0454399999999998e-02
   2.4719249999999998e-02
   1.6555799999999999e-02
   7.0953400000000003e-03
   3.6773650000000001e-03
   7.5607250000000008e-03
   1.3915995000000000e-02
   1.6403200000000002e-03
   3.8146999999999996e-04
  -1.1215200000000000e-03
   1.9912749999999998e-03
   7.4005249999999998e-03
   4.5394900000000002e-03
  -6.9427399999999993e-04
   1.6021750000000000e-04
   9.5672399999999994e-03
   2.0683300000000002e-02
   1.5945450000000000e-02
   1.6403220000000000e-03
  -4.3945299999999998e-03
   9.7885049999999994e-03
   1.5625010000000002e-02
   1.3374350000000000e-02
   1.8997200000000001e-03
  -5.2413950000000003e-03
   4.4860849999999999e-03
   1.4846825000000001e-02
   1.6639700000000000e-02
   6.6604600000000000e-03
  -6.9885199999999998e-03
   7.1716149999999997e-04
   1.7189050000000001e-02
   1.7280580000000000e-02
   5.9432999999999995e-03
   3.8909900000000001e-04
   1.0223400000000001e-02
   1.9416799999999998e-02
   2.2605899999999998e-02
   1.1161785000000000e-02
   6.1340300000000004e-03
   8.0566400000000003e-03
   1.4724724999999999e-02
   1.8104539999999999e-02
   3.0365250000000000e-03
  -7.7362100000000003e-03
  -9.1781800000000011e-03
  -1.6021700000000000e-03
   4.7607499999999994e-03
  -1.7242650000000004e-03
  -9.2925950000000007e-03
  -1.1428819999999999e-02
  -9.6893500000000020e-04
   2.4108699999999999e-03
  -5.2643000000000004e-04
  -1.3793945000000000e-02
  -1.5167250000000000e-02
  -5.1345855000000003e-03
   2.8991850000000003e-03
  -6.2713389999999999e-03
  -1.5304600000000000e-02
  -1.9790650000000000e-02
  -6.1492949999999991e-03
   5.8746000000000015e-04
  -6.5002199999999993e-03
  -1.4572150000000001e-02
  -1.4549250000000000e-02
   4.2114249999999995e-03
   1.3198850000000002e-02
   1.0749814999999999e-02
  -3.0593865000000000e-03
  -6.9046000000000003e-03
   5.4092400000000001e-03
   1.6174290000000001e-02
   1.4175429999999999e-02
  -4.0435499999999991e-04
  -7.8277450000000005e-03
  -3.1662000000000001e-03
  -9.9945000000000025e-04
  -2.6244899999999993e-03
  -1.4602645000000001e-02
  -2.1942099999999999e-02
  -1.8295300000000000e-02
  -8.2473700000000004e-03
   5.9508999999999951e-04
  -1.3236985000000000e-02
  -1.9752499999999999e-02
  -1.7967200000000003e-02
  -4.5776350000000000e-03
  -7.6293999999999971e-04
  -1.0986349999999999e-02
  -1.9996600000000003e-02
  -1.6693150000000000e-02
  -8.4991500000000005e-03
  -2.2735550000000000e-03
  -8.7203950000000006e-03
  -1.4205900000000000e-02
  -1.5968349999999999e-02
  -7.3089450000000007e-03
   1.6632100000000000e-03
  -6.3323825000000007e-03
  -8.1023950000000001e-03
  -5.6610099999999993e-03
   4.3945295000000001e-03
   1.4350904999999999e-02
   1.8775899999999998e-02
   4.2266850000000000e-03
  -5.1040649999999996e-03
   2.9983550000000003e-03
   1.1611959999999999e-02
   7.5073249999999996e-03
  -7.0190644999999999e-03
  -1.4984100000000000e-02
  -8.5449150000000001e-03
  -2.8305250000000004e-03
  -9.5367500000000018e-04
  -1.0978715000000000e-02
  -1.3488799999999999e-02
  -1.5487650000000001e-03
   9.2086979999999995e-03
   1.2077308799999999e-02
   2.5634600000000000e-03
  -6.7825400000000001e-03
  -3.1661950000000001e-03
   2.1972799999999998e-03
   3.0059700000000002e-03
  -8.9721520000000006e-03
  -1.9134499999999999e-02
  -1.4053349999999999e-02
   1.2054400000000003e-03
   3.5705749999999999e-03
  -1.2176534999999999e-02
  -2.6466350000000000e-02
  -2.7984599999999998e-02
  -1.4190680000000001e-02
   9.2315499999999972e-04
  -4.9056900000000007e-03
  -1.1299135000000000e-02
  -1.1817899999999999e-02
   5.9280460000000002e-03
   1.1955255000000001e-02
   2.1667499999999998e-03
  -1.2786849999999999e-02
  -1.7646799999999997e-02
  -5.4626499999999995e-03
   3.0136150000000003e-03
  -1.0147100000000003e-03
  -9.5062350000000000e-03
  -2.0042450000000000e-02
  -1.0894754999999999e-02
   4.1961500000000035e-04
   8.0108499999999956e-04
  -5.7678249999999999e-03
  -1.0955800000000002e-02
  -5.4931650000000004e-03
   5.9966949999999998e-03
   3.0515000000000056e-05
  -1.4770499999999999e-02
  -2.4360649999999998e-02
  -1.4991800000000000e-02
  -3.9443949999999998e-03
   1.2970200000000003e-03
  -9.6740500000000000e-03
  -1.8707300000000000e-02
  -1.0406515000000000e-02
   1.3503999999999999e-03
   2.1820049999999999e-03
  -1.2039200000000000e-02
  -1.6685499999999999e-02
  -9.0942349999999991e-03
   5.8059650000000006e-03
   1.6510005000000001e-02
   9.8877050000000001e-03
   2.7618450000000002e-03
   4.5547450000000007e-03
   8.7509149999999997e-03
   1.5365614999999999e-02
   3.2119749999999997e-03
  -6.1111450000000001e-03
  -9.8342699999999991e-03
  -3.3264299999999996e-03
   7.4539300000000001e-03
  -2.8686750000000002e-03
  -1.3336199999999999e-02
  -1.8623350000000000e-02
  -5.6457549999999997e-03
   7.4769499999999961e-04
  -7.0953500000000029e-04
  -1.4198300000000001e-02
  -2.2361750000000000e-02
  -1.0696384999999999e-02
  -2.5710950000000002e-03
  -6.5231300000000002e-03
  -1.6471850000000000e-02
  -2.5016799999999999e-02
  -1.4633199999999999e-02
  -7.6293749999999999e-03
  -4.9362350000000006e-03
  -1.5617349999999999e-02
  -2.1995500000000001e-02
  -1.6235349999999999e-02
  -1.3870215000000002e-02
  -5.4016000000000003e-03
  -1.1672990000000001e-02
  -1.6922000000000000e-02
  -5.2642799999999997e-03
   4.9056799999999999e-03
   1.1489870000000001e-02
  -1.0757449999999999e-03
  -9.8266699999999992e-03
  -5.9814450000000002e-03
   6.6375499999999999e-03
   1.2481700000000000e-02
   4.1198500000000013e-04
  -7.6828000000000000e-03
  -7.0953400000000003e-03
  -5.5008050000000001e-03
   2.2888000000000032e-04
  -6.3858049999999996e-03
  -1.1329644999999999e-02
  -1.3748150000000001e-02
  -2.0370449999999999e-03
   8.1100249999999999e-03
   1.5716550000000004e-03
  -6.4849850000000004e-03
  -8.8500950000000005e-03
   1.8768295000000000e-03
   7.9956200000000002e-03
   3.9062499999999996e-03
  -1.2603750000000000e-02
  -1.7959599999999999e-02
  -5.0888100000000000e-03
   4.7836200000000006e-03
   3.8146899999999999e-03
  -5.8135999999999995e-03
  -1.6098049999999999e-02
  -6.7215100000000000e-03
   3.6544799999999999e-03
   3.5552900000000000e-03
  -3.8909890000000001e-03
  -7.9116849999999999e-03
   1.1749299999999998e-03
   1.3687140000000000e-02
   1.6731255000000000e-02
   6.1569349999999997e-03
  -4.8065500000000008e-04
   3.8757300000000000e-03
   1.3473509999999999e-02
   1.7189025000000000e-02
  -1.4114400000000004e-03
  -1.3351445000000000e-02
  -1.2832619999999999e-02
   6.7138499999999960e-04
   1.4114385000000000e-02
   3.5018949999999997e-03
  -7.9879700000000005e-03
  -6.4163199999999997e-03
   6.3858150000000004e-03
   1.0330193999999999e-02
  -3.6163449999999995e-03
  -1.3359090000000001e-02
  -1.4091500000000000e-02
  -4.2724500000000014e-04
   4.9514950000000002e-03
  -3.6620899999999998e-03
  -1.4022844999999999e-02
  -1.7356850000000000e-02
  -8.1710949999999997e-03
  -2.7160650000000001e-03
  -1.0749815000000001e-02
  -1.7570499999999999e-02
  -1.4175449999999999e-02
  -2.7923605000000000e-03
   6.9427650000000000e-03
   6.0882599999999999e-03
  -3.8681000000000002e-03
  -1.0849000000000001e-02
   2.9602055000000002e-03
   1.0345435000000000e-02
   1.0459880000000000e-02
  -4.0435949999999997e-03
  -1.5747049999999999e-02
  -1.6433699999999999e-02
  -2.7008200000000005e-03
  -4.0054349999999999e-03
  -1.6006490000000002e-02
  -2.3399349999999999e-02
  -1.4541600000000000e-02
   1.5258999999999932e-04
   6.4392049999999999e-03
  -5.0277849999999999e-03
  -2.1842950000000000e-02
  -1.6799900000000000e-02
  -9.5062300000000009e-03
  -3.2805999999999981e-04
  -1.1428815000000000e-02
  -1.5960700000000001e-02
  -1.4762850000000001e-02
  -4.0054549999999998e-03
   3.0746599999999999e-03
  -5.6915250000000002e-03
  -1.3198835000000001e-02
  -1.5930150000000001e-02
  -7.4463050000000003e-03
   7.6292499999999937e-04
  -9.9182000000000003e-04
  -8.8805900000000007e-03
  -1.3519300000000001e-02
   4.6539499999999996e-04
   1.3343829999999999e-02
   1.3679500000000001e-02
   4.2877250000000000e-03
   1.2970000000000000e-03
   1.7486550000000000e-02
   2.7366599999999998e-02
   1.7334005000000000e-02
   1.9836450000000000e-03
  -6.7672499999999998e-03
   1.0375949999999997e-03
   1.0101330500000000e-02
   4.4021549999999996e-03
  -7.7438530500000000e-03
  -1.8051150000000002e-02
  -8.0947650000000003e-03
   2.4413849999999999e-03
   4.4937350000000004e-03
  -1.0154725000000000e-02
  -1.6563399999999999e-02
  -1.4015214999999999e-02
  -2.2048749999999994e-03
   1.9454800000000003e-03
  -1.3626085000000000e-02
  -1.9271850000000000e-02
  -1.7288200000000000e-02
  -6.0272050000000008e-03
  -1.0833750000000001e-03
  -1.1436475000000000e-02
  -2.2758450000000000e-02
  -1.4671300000000002e-02
  -7.0190500000000006e-04
   9.5825175000000002e-03
   1.2512199999999999e-03
  -6.3018800000000002e-03
  -1.0101295000000000e-02
   4.6386650000000001e-03
   1.1260984999999999e-02
   4.6691949999999992e-03
  -6.9503999999999998e-03
  -1.5213000000000001e-02
  -7.0877149999999996e-03
  -3.2730149999999998e-03
  -5.1956099999999998e-03
  -1.5678399999999999e-02
  -2.4688700000000001e-02
  -8.3313060000000001e-03
   5.7830899999999994e-03
   6.9656249999999996e-03
  -2.9449450000000000e-03
  -6.8359349999999996e-03
   1.0917655000000000e-02
   2.4833700000000000e-02
   2.2552500000000003e-02
   5.8593550000000001e-03
  -7.4615350000000000e-03
  -3.1890849999999995e-03
   3.2272299999999998e-03
   4.4860850000000008e-03
  -6.6680900000000006e-03
  -1.5724149999999999e-02
  -5.7754500000000005e-03
   6.3095154999999997e-03
   4.7378650000000008e-03
  -6.5841594999999998e-03
  -1.2863150000000000e-02
  -7.0648300000000002e-03
   5.6915244999999996e-03
   1.3435350000000000e-02
   4.0893600000000002e-03
   2.2430434999999999e-03
   1.1177050000000001e-02
   1.5098590000000002e-02
   1.8508924999999999e-02
   3.8833700000000001e-03
  -1.0597215000000000e-02
  -1.5281650000000001e-02
  -8.5525649999999998e-03
  -3.8375749999999993e-03
  -1.3015770000000001e-02
  -1.7906200000000001e-02
  -1.8272400000000001e-02
  -3.7079000000000001e-03
   1.0070850000000004e-03
  -8.1711000000000006e-03
  -2.0729049999999999e-02
  -2.7595500000000002e-02
  -1.8623350000000000e-02
  -1.1825540000000001e-02
  -1.4236434999999999e-02
  -2.7259800000000001e-02
  -3.1059300000000001e-02
  -1.9729600000000000e-02
  -1.1222825000000001e-02
  -7.4463150000000002e-03
  -1.8280000000000001e-02
  -2.3262049999999999e-02
  -1.9432049999999999e-02
  -4.2343199999999998e-03
   4.8446849999999996e-03
  -3.2196049999999995e-03
  -5.7373049999999998e-03
   8.0566300000000004e-03
   1.2390120000000001e-02
   1.8325809999999998e-02
   1.4808650000000000e-02
   2.8991700000000000e-04
  -8.2244900000000010e-03
   7.4920559999999995e-03
   1.5640249999999998e-02
   6.7672749999999997e-03
  -4.4937149999999997e-03
  -6.4392249999999998e-03
   5.0354000000000024e-04
   1.3733000000000000e-03
  -6.1111350000000002e-03
  -1.1642480000000000e-02
  -1.2481684999999999e-02
  -5.7220500000000011e-04
   1.0879534499999999e-02
   8.1176979999999996e-03
  -1.5106200000000003e-03
  -9.7656000000000012e-04
   1.0330215000000000e-02
   1.1985775000000001e-02
   4.2037949999999998e-03
  -9.1476349999999994e-03
  -1.7677300000000000e-02
  -9.3078499999999995e-04
   1.0284445000000000e-02
   8.1634530500000000e-03
  -2.1667485000000002e-03
  -1.0017375000000000e-02
   5.5007950000000002e-03
   2.0172099999999998e-02
   2.2926300000000000e-02
   1.3656620000000001e-02
   8.2016149999999989e-03
   2.5489850000000001e-02
   3.4461949999999998e-02
   3.3485399999999998e-02
   2.1667499999999999e-02
   1.4236450000000001e-02
   1.7257700000000001e-02
   2.2666949999999998e-02
   2.3658749999999999e-02
   1.2367230000000000e-02
   7.0419499999999999e-03
   1.3236999999999999e-02
   2.8717050000000001e-02
   3.0914299999999999e-02
   1.2077319999999999e-02
  -4.1962000000000011e-04
   6.4849999999999999e-04
   7.9650709999999989e-03
   5.9967100000000006e-03
  -4.6539249999999997e-03
  -2.1812450000000001e-02
  -2.3063649999999998e-02
  -9.3307300000000006e-03
   2.2888499999999985e-04
  -9.5672610000000005e-03
  -1.9340549999999998e-02
  -1.9226050000000001e-02
  -9.8724399999999997e-03
  -1.0505685000000001e-02
  -2.3078950000000001e-02
  -2.7206450000000000e-02
  -2.3948650000000002e-02
  -6.7596399999999999e-03
   1.0032630000000001e-02
   7.8125249999999990e-03
  -6.8053999999999996e-03
  -1.2146000000000001e-02
  -2.8305069999999999e-03
   4.8065399999999998e-03
   1.5487700000000005e-03
  -8.3542000000000009e-03
  -1.6326899999999998e-02
  -7.5531000000000036e-04
   1.5609760000000000e-02
   1.8615699999999999e-02
   5.3100650000000001e-03
   1.7318750000000001e-03
   1.1093120000000001e-02
   1.9577049999999999e-02
   2.2727950000000000e-02
   7.4768035000000004e-03
  -1.3656599999999999e-03
  -4.4555660000000002e-03
   3.1890900000000003e-03
   6.3018750000000002e-03
  -6.5307650000000009e-03
  -1.2100230000000000e-02
  -7.6675450000000004e-03
   1.0765055000000001e-02
   1.9432089999999999e-02
   7.7820049999999998e-03
  -9.2315500000000016e-04
   7.0189999999999988e-04
   3.9978050000000001e-03
   1.5426630000000000e-02
   8.5677965000000005e-03
  -7.7819500000000019e-04
  -7.6294100000000005e-04
   1.0711689999999999e-02
   1.8531810000000003e-02
   1.4419550000000000e-02
   6.5383799999999999e-03
   2.4795550000000000e-03
   1.4358550000000001e-02
   1.9111650000000001e-02
   1.3572704999999999e-02
  -2.4871799999999999e-03
  -6.8816999999999993e-03
   4.4326649999999997e-03
   9.2010355000000012e-03
   1.1413562500000000e-02
   5.0735299999999997e-03
  -1.1138949999999997e-03
   9.7274549999999994e-03
   1.7501815000000000e-02
   1.4976525000000001e-02
   3.1357000000000004e-03
  -6.7138649999999994e-03
   1.8539449999999999e-03
   1.1398290000000000e-02
   1.7433145000000001e-02
   5.0735449999999996e-03
  -2.0370499999999999e-03
   1.1138949999999999e-03
   1.2161235000000001e-02
   1.3473509999999999e-02
  -9.4604499999999953e-04
  -1.4595050000000000e-02
  -1.0269159999999999e-02
   1.0925275000000002e-02
   1.7280594999999999e-02
   1.1077875000000001e-02
   5.8670199999999997e-03
   5.8441050000000005e-03
   1.5960700000000001e-02
   2.5833149999999999e-02
   1.4480595000000001e-02
   3.0212399999999997e-03
  -9.6893550000000004e-04
   1.0009765000000000e-02
   1.2245195000000000e-02
  -5.0277799999999991e-03
  -1.4785784999999999e-02
  -2.0294199999999998e-02
  -4.6539499999999996e-04
   1.2916555000000000e-02
   1.2069720000000001e-02
   1.3961749999999999e-03
  -3.0365000000000001e-03
   9.0027049999999997e-03
   1.1093135000000000e-02
   3.3111800000000004e-03
  -9.2391899999999996e-03
  -1.6296399999999999e-02
  -3.9062500000000000e-03
   6.8359149999999997e-03
   1.1947640000000001e-02
  -3.8757349999999999e-03
  -1.7906199999999997e-02
  -1.3404864999999998e-02
  -5.0201550000000001e-03
  -8.7585534999999985e-03
  -1.5274050000000001e-02
  -1.0711650000000000e-02
   1.2817400000000000e-03
   1.7234824999999999e-02
   2.0751930000000002e-02
   4.3945399999999997e-03
  -5.8670049999999998e-03
  -1.2741100000000000e-03
   1.3580300000000000e-02
   1.5914910000000001e-02
   6.7901499999999939e-04
  -1.5152000000000001e-02
  -1.5541050000000001e-02
   2.4948099999999996e-03
   6.7291100000000000e-03
  -5.5389450000000000e-03
  -9.7961599999999999e-03
  -1.1734029999999999e-02
  -4.7302149999999994e-03
   1.5259999999999926e-04
  -7.5607199999999999e-03
  -1.9363399999999999e-02
  -1.9004799999999999e-02
   7.7057000000000037e-04
   1.2573250000000001e-02
   1.0231011800000000e-02
  -2.8305100000000005e-03
  -5.5618300000000002e-03
   3.2043465000000000e-03
   1.1825555000000000e-02
   9.6740604999999997e-03
  -7.6299999999997897e-06
  -4.3563849999999999e-03
  -3.0517999999999995e-04
   7.5683594999999999e-03
   1.8463134999999999e-02
   1.1260965000000000e-02
   1.0910050000000001e-03
   9.0255649999999993e-03
   1.7623899999999998e-02
   2.2422800000000000e-02
   1.3595565000000000e-02
   1.1520400000000000e-02
   2.2346499999999998e-02
   3.2936050000000001e-02
   3.5301199999999998e-02
   2.0416299999999998e-02
   8.2702650000000006e-03
   5.6152349999999997e-03
   1.3488755000000000e-02
   1.7890904999999999e-02
   9.4604674999999999e-03
   1.0299649999999999e-03
   4.1275050000000001e-03
   1.4480594999999999e-02
   2.0286550000000000e-02
   1.0513290500000000e-02
   2.7389530499999999e-03
  -5.3558349999999998e-03
   5.9127964999999994e-03
   1.0971045000000000e-02
   4.2343199999999998e-03
   3.1280499999999998e-04
  -4.2648349999999998e-03
   1.1146554999999999e-02
   2.1499650000000002e-02
   1.5640260000000000e-02
   1.5869120000000000e-03
  -8.1481950000000004e-03
   5.3710950000000002e-03
   2.0095850000000002e-02
   1.9767750000000001e-02
   1.0612470000000001e-02
   6.5002450000000000e-03
   1.0795599999999999e-02
   1.8661500000000001e-02
   1.9256599999999999e-02
   4.7149649999999998e-03
  -9.0332049999999990e-03
  -1.0101310000000000e-02
  -1.8615700000000003e-03
  -2.1667250000000000e-03
  -1.7684949999999998e-02
  -2.3384099999999998e-02
  -1.4129650000000001e-02
   1.8463099999999999e-03
   1.3534560000000001e-02
   1.0833750000000001e-03
  -9.4681000000000001e-03
  -7.0495599999999999e-03
   3.7231449999999998e-03
   1.2046825000000001e-02
   5.5160500000000006e-03
  -6.4086899999999999e-03
  -9.1171099999999995e-03
   3.1738299999999999e-03
   8.3999450000000007e-03
  -3.7384000000000028e-04
  -9.3917649999999998e-03
  -9.8571650000000011e-03
   5.5236800000000004e-03
   1.2115485000000000e-02
  -7.5530000000000042e-04
  -7.3165750000000005e-03
  -7.3928850000000001e-03
   1.1711104999999999e-02
   1.8325790000000002e-02
   1.0643005500000000e-02
   9.1555000000000109e-05
  -4.8446649999999997e-03
   8.7661800000000002e-03
   2.8198200000000000e-02
   2.3925750000000003e-02
   1.6372700000000000e-02
   6.9656199999999996e-03
   9.8800599999999995e-03
   1.4564520000000001e-02
   6.7367500000000006e-03
  -9.8724499999999996e-03
  -1.6830450000000000e-02
  -1.2977594999999998e-02
  -9.8419060000000010e-03
  -7.3394850000000006e-03
  -1.5731805000000001e-02
  -2.0149199999999999e-02
  -1.4022850000000000e-02
  -2.9449299999999997e-03
   1.4267150000000003e-03
  -7.6141435000000000e-03
  -1.5083300000000001e-02
  -1.4434800000000001e-02
  -5.5237000000000003e-03
   7.4767999999999970e-04
  -9.5062350000000000e-03
  -1.9996600000000003e-02
  -2.2926350000000002e-02
  -1.2329085000000000e-02
  -4.2953350000000008e-03
  -1.0017415000000000e-02
  -1.3443000000000000e-02
  -1.2298600000000000e-02
   3.3569500000000022e-04
   7.2403050000000007e-03
   2.5863449999999999e-03
  -6.5918000000000001e-03
  -1.6555799999999999e-02
  -2.4185199999999995e-03
   3.1203999999999997e-03
  -1.5411299999999999e-03
  -1.1726390000000000e-02
  -1.7723099999999999e-02
  -7.9650999999999993e-03
   5.0506800000000001e-03
  -2.7771200000000001e-03
  -8.1634500000000000e-04
  -3.5324099999999997e-03
   5.8441150000000004e-03
   1.3381944999999999e-02
   1.2145979999999999e-02
  -1.6174300000000000e-03
  -1.0833720000000000e-02
  -4.6463024999999995e-03
   1.0299684999999999e-02
   1.0238626000000001e-02
  -4.5013549999999994e-03
  -1.0314934999999999e-02
  -6.5460199999999996e-03
   4.1275249999999999e-03
   6.4392200000000007e-03
  -2.3956300000000002e-03
  -1.2176500000000000e-02
  -5.4473899999999999e-03
   5.5846969499999998e-03
   1.5907290000000001e-02
   1.3183580000000000e-02
   4.2190535000000001e-03
   5.5999750000000001e-03
   1.7700199999999999e-02
   2.0881650000000002e-02
   8.8348500000000000e-03
  -4.5013405000000001e-03
  -8.0871550000000004e-03
   6.7901500000000026e-04
   1.0589596000000000e-02
  -3.1280499999999933e-04
  -1.3626100000000000e-02
  -2.2644049999999999e-02
  -1.0078425000000000e-02
  -2.8152350000000001e-03
  -8.1176944999999997e-03
  -1.4015175000000001e-02
  -1.5327499999999999e-02
  -3.7155130000000001e-03
   9.1934200000000008e-03
   1.0429404999999999e-02
  -2.6779149999999995e-03
  -1.1436450000000001e-02
  -3.1814549999999997e-03
   5.2947899999999997e-03
   5.9738150000000004e-03
  -4.4631935000000005e-03
  -1.6113300000000001e-02
  -7.4005149999999999e-03
   2.6626599999999999e-03
   5.5999899999999991e-03
  -4.5471184999999999e-03
  -6.9656349999999995e-03
   4.7683700000000001e-03
   2.2941599999999999e-02
   2.0675699999999998e-02
   3.0288699999999995e-03
  -3.8604749999999999e-03
  -1.0681150000000001e-04
   8.6746099999999993e-03
   1.2733440000000000e-02
   4.1046119499999999e-03
   1.1444100000000000e-04
  -7.7820000000000005e-04
   1.1421199999999999e-02
   1.5327455000000000e-02
  -8.3160499999999958e-04
  -1.1383080000000000e-02
  -1.3343799999999999e-02
  -1.8692000000000001e-03
   9.1171150000000003e-03
  -2.8229000000000014e-04
  -7.8277399999999997e-03
  -1.0856625000000000e-02
  -7.1716500000000008e-04
   1.2969849999999996e-03
  -6.4315850000000001e-03
  -1.7349250000000000e-02
  -2.1041850000000001e-02
  -8.9340099999999992e-03
   2.0370500000000003e-03
   3.8147000000000007e-04
  -1.1245705000000000e-02
  -1.6868599999999997e-02
  -5.0048849999999997e-03
   5.5923414999999995e-03
   1.5914900000000003e-02
   7.3928999999999991e-03
   1.3809195000000002e-03
   1.2886050000000000e-02
   1.9409200000000001e-02
   1.9454949999999999e-02
   5.9814450000000002e-03
  -1.5640255000000001e-03
   2.8228799999999998e-03
   9.6359449999999999e-03
   1.2054435000000000e-02
  -1.6021499999999979e-04
  -1.1779800000000000e-02
  -9.7884950000000012e-03
  -3.5171488000000002e-03
   5.1193100000000002e-03
  -6.2561200000000004e-03
  -1.1772150000000000e-02
  -5.7830850000000003e-03
   9.7732600000000006e-03
   1.8821750000000002e-02
   1.0742185000000000e-02
  -7.1716500000000008e-04
  -4.7836300000000005e-03
   2.4414050000000002e-03
   2.2582800000000001e-03
  -8.8653734999999990e-03
  -1.7921449999999998e-02
  -1.5609699999999999e-02
  -7.3013100000000001e-03
  -1.9073500000000004e-03
  -1.1939979999999999e-02
  -2.8457650000000001e-02
  -2.8808600000000000e-02
  -1.1703450000000001e-02
  -2.2201549999999997e-03
  -1.7394999999999997e-03
  -9.8037799999999998e-03
  -9.9792749999999993e-03
   8.6441049999999992e-03
   1.9569400000000001e-02
   1.9012500000000002e-02
   7.9498249999999989e-03
  -4.3945299999999998e-03
  -8.9263999999999999e-04
   6.5918000000000001e-03
   2.4948099999999996e-03
  -1.0009755000000000e-02
  -1.8310550000000002e-02
  -1.2084935000000000e-02
   1.5258999999999976e-04
   7.7667209999999990e-03
  -1.7471349999999999e-03
  -9.0179449999999994e-03
  -3.3569300000000002e-03
   1.3061520000000000e-02
   2.0462050000000002e-02
   8.8348355000000007e-03
   5.6457499999999997e-03
   3.6544795000000001e-03
   1.4114390000000001e-02
   1.9210800000000000e-02
   6.1645335000000004e-03
  -5.9051549999999996e-03
  -7.9727150000000000e-03
  -1.7547600000000000e-03
  -2.3651150000000001e-03
  -1.0467545000000000e-02
  -2.2201550000000000e-02
  -2.5810250000000000e-02
  -1.0826100000000000e-02
   9.9183999999999991e-04
   2.7465999999999949e-04
  -6.1645499999999995e-03
  -1.1421199999999999e-02
  -2.4108875000000002e-03
   4.3487700000000001e-03
   1.1215199999999995e-03
  -5.9356650000000006e-03
  -1.4495849999999999e-02
  -7.5149550000000002e-03
   2.2354099999999997e-03
   4.3945349999999998e-03
  -8.9874050000000004e-03
  -1.4022850000000000e-02
  -7.1715999999999989e-04
   1.0917650000000001e-02
   1.4190649999999999e-02
   3.8452350000000007e-03
  -5.5313150000000002e-03
  -2.2964500000000002e-03
   1.2130739999999999e-02
   1.6258265000000001e-02
   4.1198599999999995e-03
  -8.5449150000000001e-03
  -5.6457499999999999e-04
   7.4539254999999999e-03
   1.4366155000000000e-02
   8.5296665000000015e-03
   1.4724750000000000e-03
  -1.1596684999999999e-03
   1.0803205000000000e-02
   1.9004810000000000e-02
   1.2832630000000001e-02
   6.3705450000000000e-03
   5.8364899999999997e-03
   1.7257700000000001e-02
   2.3056000000000000e-02
   1.5113845000000001e-02
   2.9068000000000002e-03
  -2.4719249999999998e-03
   3.5629249999999998e-03
   6.4697499999999998e-03
   6.1034999999999996e-04
  -8.4991649999999995e-03
  -1.6784649999999998e-02
  -8.6136049999999999e-03
   1.8768150000000000e-03
   1.0231005500000001e-02
   3.4637439999999995e-03
  -2.3727449999999999e-03
   9.1400349999999995e-03
   1.6914385000000001e-02
   1.6540510000000001e-02
   7.5530900000000002e-03
   1.2435899999999999e-03
   6.4773549999999997e-03
   1.2741080000000000e-02
   8.5983250000000004e-03
  -3.7155150000000000e-03
  -1.2962350000000001e-02
  -7.3623600000000001e-03
   7.9345999999999974e-04
   3.4789900000000004e-03
  -1.2458815000000002e-02
  -2.1842950000000000e-02
  -1.4396650000000000e-02
   4.6768100000000000e-03
   1.9905100000000002e-02
   1.4892575000000000e-02
   5.4473899999999999e-03
   8.1405899999999996e-03
   1.9401550000000000e-02
   2.1797150000000001e-02
   9.3154650000000002e-03
  -1.7547595000000000e-03
  -5.4321249999999995e-03
   2.3880000000000004e-03
   1.0025020000000001e-02
  -9.1555000000000109e-05
  -1.7105099999999998e-02
  -2.0919800000000002e-02
  -1.1772160000000000e-02
  -2.7313250000000002e-03
  -3.5781949999999997e-03
  -1.4968900000000000e-02
  -2.5749200000000000e-02
  -1.5701300000000001e-02
  -2.9067850000000003e-03
  -6.0806350000000000e-03
  -1.5708900000000001e-02
  -1.5121450000000002e-02
  -6.5612499999999992e-04
   1.6349775000000000e-02
   1.6021725000000001e-02
   1.0376000000000001e-03
  -3.3187900000000003e-03
   1.1291509999999999e-03
   5.3939749999999996e-03
   2.1438650000000000e-03
  -2.4032599999999999e-03
  -6.2103250000000000e-03
   1.1535650000000000e-02
   1.6998275000000000e-02
   1.6746529999999999e-02
   7.0266949999999995e-03
  -2.8381349999999999e-03
  -7.0800749999999999e-03
   1.7547600000000002e-03
   7.7743500000000002e-03
  -6.5155090000000001e-03
  -1.6952500000000002e-02
  -1.7349250000000000e-02
  -6.4926239999999998e-03
  -1.3122699999999999e-03
  -9.8953293999999997e-03
  -1.3244640000000002e-02
  -9.0560950000000001e-03
   1.3153075000000000e-02
   2.1369949999999999e-02
   1.4915485000000001e-02
   1.8234299999999998e-03
  -3.2806350000000001e-03
   7.5836299999999992e-03
   1.3397220000000000e-02
   4.6539499999999996e-04
  -1.0368354999999999e-02
  -1.3496399999999999e-02
  -2.6473980000000000e-03
   5.5694450000000001e-03
   1.8463149999999998e-03
  -1.0589605000000000e-02
  -2.0713800000000001e-02
  -1.3534555000000000e-02
  -5.5618500000000001e-03
  -3.0517349999999999e-03
  -7.4081530500000005e-03
  -9.2773350000000011e-03
   2.6245119999999999e-03
   1.9653350000000000e-02
   2.9815649999999999e-02
   1.6693099999999999e-02
   5.7449299999999997e-03
   1.0620124999999999e-02
   2.3284949999999999e-02
   1.6754140000000001e-02
  -1.1749299999999998e-03
  -1.3206480000000000e-02
  -1.0810850000000000e-02
   2.6092750000000003e-03
   6.0348699999999995e-03
  -3.6926049999999998e-03
  -1.1146554999999999e-02
  -9.1552849999999991e-03
   3.0593849999999995e-03
   1.1032085000000001e-02
  -1.5716650000000003e-03
  -7.7896000000000007e-03
  -7.8964250000000003e-03
   6.6833400000000003e-03
   1.6876224999999998e-02
   1.0650635000000000e-02
  -4.5242299999999997e-03
  -6.2713650000000010e-03
   8.3618049999999999e-03
   1.6914345000000001e-02
   8.7280100000000013e-03
  -2.3498550000000001e-03
   3.4331999999999982e-04
   1.6189574999999998e-02
   2.3170449999999999e-02
   1.9912725000000003e-02
   9.7503850000000003e-03
  -2.5329600000000003e-03
   5.6533799999999995e-03
   1.4274604999999999e-02
   9.0866150000000010e-03
   6.7138499999999982e-04
  -5.6610099999999993e-03
  -5.9661640000000004e-03
   2.1819949999999995e-03
   5.9890650000000000e-03
  -9.5138524999999995e-03
  -1.7776500000000001e-02
  -8.7203950000000006e-03
   3.1280599999999998e-03
   1.2802144999999999e-02
   5.6534050000000002e-03
  -2.0294199999999997e-03
   3.8452154999999997e-03
   1.5830970000000000e-02
   1.8409735000000000e-02
   3.9977900000000002e-03
  -9.3536299999999999e-03
  -9.2773300000000003e-03
   3.5248049999999998e-03
   7.9040449999999984e-03
  -2.4185050000000005e-03
  -1.1169415000000000e-02
  -1.3725299999999999e-02
  -6.5918064999999993e-03
   3.5247650000000004e-03
   2.4719100000000003e-03
  -8.8500999999999988e-04
  -1.9073499999999960e-04
   1.0719310000000001e-02
   1.4930740000000000e-02
   7.3165799999999996e-03
  -4.8675649999999999e-03
  -1.0200480000000000e-02
   2.7465999999999992e-04
   7.6370400000000003e-03
   1.6326999999999999e-03
  -1.1215190000000000e-02
  -9.0866000000000002e-03
  -5.2261585000000004e-03
  -2.1286000000000005e-03
  -1.1062499999999996e-03
  -8.3389524999999999e-03
  -2.2148149999999998e-02
  -1.0978680000000001e-02
   1.5869099999999995e-03
   6.0958899999999996e-03
  -5.3558199999999999e-03
  -6.1569105000000004e-03
   5.6457500000000032e-04
   1.1077870000000000e-02
   9.4604335000000005e-03
  -4.9896200000000002e-03
  -1.1291499999999999e-02
  -6.4468400000000006e-03
   5.3710744999999997e-03
   9.9792644999999996e-03
  -2.5787400000000004e-03
  -1.4709449999999999e-02
  -1.0025005000000000e-02
   4.6005255000000000e-03
   1.5823360000000002e-02
   9.8266819999999998e-03
   2.6474000000000003e-03
  -6.1264049999999997e-03
   4.3029799999999997e-03
   1.0002132000000000e-02
  -3.0517499999999998e-04
  -7.0343000000000003e-03
  -8.1329350000000009e-03
   4.0206950000000003e-03
   1.2619024999999999e-02
   7.7361859999999999e-03
   0.0000000000000000e+00
  -1.2847875000000000e-02
  -3.8223249999999997e-03
   4.0664550000000001e-03
  -3.7689299999999998e-03
  -1.0932940000000000e-02
  -1.7028800000000000e-02
  -2.6474000000000003e-03
   7.7590890000000003e-03
   3.6163400000000000e-03
  -5.8517469500000002e-03
  -1.0635394999999999e-02
  -5.6152349999999997e-03
   2.2201449999999998e-03
   3.3721949999999997e-03
  -1.0528545000000000e-02
  -2.1682750000000001e-02
  -1.4053349999999999e-02
  -3.0593949999999999e-03
  -2.7236850000000000e-03
  -1.4854409999999998e-02
  -1.5174850000000000e-02
  -5.1803599999999993e-03
   5.3405850000000001e-03
   1.3526890000000000e-02
   1.5260000000000013e-05
  -5.7601950000000001e-03
  -1.0986343999999999e-03
   1.1245705000000000e-02
   1.6098044999999998e-02
   5.5847150000000005e-03
  -1.2817405000000000e-02
  -1.5365600000000000e-02
  -2.3269649999999998e-03
   5.0506399999999986e-03
  -5.9508500000000041e-04
  -1.3275155000000000e-02
  -1.3504010000000000e-02
  -1.8311000000000022e-04
   7.7743750000000000e-03
  -1.2360000000000001e-03
  -8.6669950000000003e-03
  -1.0398885000000000e-02
   4.3258649999999999e-03
   1.4816285000000000e-02
   7.8811550000000008e-03
  -4.2724614999999997e-03
  -9.2392150000000003e-03
  -1.3732899999999999e-03
   6.6986264999999998e-03
   7.2326650000000010e-03
  -3.1738299999999999e-03
  -9.0942200000000001e-03
  -2.5634745000000002e-03
   5.4626469499999995e-03
   4.5166049999999999e-03
  -4.0512050000000004e-03
  -9.6130499999999997e-03
   3.6621500000000003e-04
   8.0871499999999995e-03
   7.6751900000000010e-03
  -4.1122299999999997e-03
  -1.2565610000000000e-02
  -5.5007900000000002e-03
   6.8741035000000001e-03
   1.4785764999999999e-02
   4.2877449999999999e-03
  -5.3024300000000003e-03
  -5.8441150000000004e-03
   3.2196149999999999e-03
   8.3924499999999975e-04
  -1.5686039999999998e-02
  -2.4803150000000000e-02
  -2.2857700000000002e-02
  -6.2484625000000004e-03
   9.9105619999999995e-03
   1.9683850000000000e-03
  -1.3305640000000001e-02
  -1.6136149999999998e-02
  -9.8419000000000006e-03
  -2.2048950000000001e-03
  -1.4930720000000000e-02
  -2.5756849999999998e-02
  -3.3538800000000001e-02
  -2.4185200000000000e-02
  -1.2512222999999999e-02
  -1.2001025000000000e-02
  -1.9790650000000000e-02
  -2.4070750000000002e-02
  -1.7013550000000002e-02
  -1.1978299999999996e-03
   3.1356550000000002e-03
  -4.5166034999999998e-03
  -8.2549950000000011e-03
   2.7084335000000003e-03
   9.8343100000000006e-03
   1.1833170000000000e-02
  -1.7776649999999995e-03
  -7.6523049999999999e-03
   3.5552950000000000e-03
   1.7684925000000001e-02
   2.2300720000000003e-02
   1.1055007000000000e-02
  -3.5095500000000002e-04
  -6.4849499999999980e-04
   8.5450000000000022e-04
   5.9585400000000000e-03
  -4.9743849999999996e-03
  -9.3536450000000007e-03
  -1.7242399999999997e-03
   1.2374885000000000e-02
   1.4343280000000000e-02
   5.5389499999999999e-03
  -4.2800899999999994e-03
  -1.0925299999999999e-02
   8.9264000000000010e-04
   5.5770850000000007e-03
  -1.4572150000000004e-03
  -1.3664249999999999e-02
  -1.4427199999999999e-02
   1.9302349999999998e-03
   1.0131860500000001e-02
  -4.1961749999999999e-03
  -2.0278950000000000e-02
  -2.5436399999999998e-02
  -9.6816799999999998e-03
   3.4561000000000001e-03
  -4.0511950000000005e-03
  -1.5251180000000000e-02
  -1.7509450000000003e-02
  -2.1133450000000000e-03
   1.2558004999999999e-02
   1.4076230000000000e-02
   4.7912609999999998e-03
   2.2888299999999998e-04
   9.4222799999999999e-03
   1.1215184999999999e-02
   6.5841599999999995e-03
  -6.0729950000000003e-03
  -1.2710599999999999e-02
  -2.9220565000000003e-03
   7.6980449999999997e-03
   9.8418999999999989e-03
   2.3040749999999996e-03
  -5.8822600000000003e-03
  -6.1798100000000000e-03
   4.5852499999999999e-03
   4.1656649999999998e-03
  -1.0658285000000000e-02
  -1.8814100000000000e-02
  -1.6181950000000001e-02
  -5.6533905000000001e-03
   1.0223399999999996e-03
  -1.1161780000000000e-02
  -1.3687100000000001e-02
  -5.3329450000000004e-03
   7.1868900000000005e-03
   1.0581950000000000e-02
   5.7678449999999997e-03
  -8.7737999999999987e-04
  -2.2430400000000000e-03
   6.0959025000000000e-03
   1.5853900000000001e-02
   9.1095150000000003e-03
  -1.8386799999999999e-03
  -4.6081550000000001e-03
   6.2484500000000000e-03
   1.2146005000000000e-02
   6.6680899999999998e-03
  -9.4451999999999991e-03
  -1.9897450000000001e-02
  -1.2588510000000001e-02
  -5.2642999999999995e-03
  -9.3383749999999995e-03
  -1.7471300000000002e-02
  -2.3666399999999997e-02
  -1.1177055000000000e-02
   1.4953800000000001e-03
   4.6539449999999996e-03
  -4.5166000000000000e-03
  -9.1247550000000000e-03
  -3.6010750000000000e-03
   5.5846949999999998e-03
   6.3018950000000001e-03
  -5.3100389999999999e-03
  -1.1337255000000001e-02
  -7.0190399999999998e-03
   5.2719139999999999e-03
   8.6593850000000003e-03
  -3.6163400000000000e-03
  -1.7074599999999999e-02
  -8.4152299999999992e-03
   2.4566649999999998e-03
   1.0765090000000000e-02
   7.8048700000000002e-03
  -1.8310549999999998e-03
  -1.9226100000000002e-03
   1.4045725000000000e-02
   2.4589549999999998e-02
   1.8867499999999999e-02
   1.2329099999999999e-02
   1.5335049999999999e-02
   2.1636949999999999e-02
   2.7046199999999999e-02
   1.5769979999999999e-02
   1.2664785000000001e-03
  -8.2397349999999998e-03
   8.9263999999999988e-04
   1.2886060000000001e-02
   1.4274600000000000e-02
   6.2866349999999996e-03
   1.6021700000000000e-03
   1.2649515000000000e-02
   1.9821149999999999e-02
   1.7051714999999999e-02
   2.0599350000000002e-03
  -6.8130500000000002e-03
   2.3345950000000001e-03
   8.7814534999999996e-03
   9.1171494999999995e-03
  -4.3487700000000001e-03
  -5.8288599999999999e-03
   7.2784399999999997e-03
   1.9660950000000000e-02
   1.8890350000000000e-02
   6.6986099999999998e-03
  -7.0953500000000007e-04
   3.5629299999999997e-03
   1.0894800000000001e-02
   2.0645150000000001e-02
   1.4076255000000001e-02
   9.2620600000000008e-03
   1.4267000000000000e-02
   2.8877250000000000e-02
   2.6329050000000000e-02
   1.5510540000000000e-02
   1.1146550000000000e-02
   8.0032350000000009e-03
   1.5090949999999999e-02
   1.6044595000000002e-02
   4.8065249999999999e-03
  -5.0048840000000002e-03
  -5.4626499999999995e-03
   1.0223385000000000e-02
   2.1194450000000000e-02
   1.2588525000000000e-02
   8.1252950000000011e-03
  -3.4332500000000012e-04
   8.9416299999999990e-03
   1.5701310000000000e-02
   9.3154855000000016e-03
  -4.4250700000000006e-03
  -1.4846800000000000e-02
  -3.2653800000000000e-03
   8.4381260000000007e-03
   7.0648300000000002e-03
  -5.4779049999999999e-03
  -9.0942549999999990e-03
  -5.3558349999999998e-03
   1.7089849999999997e-03
   1.6708400000000003e-03
  -5.2642740000000002e-03
  -7.9269400000000004e-03
   7.0037850000000002e-03
   1.5823364999999999e-02
   1.3122570000000000e-02
   1.4648449999999998e-03
  -3.2882699999999998e-03
   3.5018899999999997e-03
   9.7808649999999997e-03
   1.5190104999999999e-02
   3.6697600000000002e-03
  -5.3710900000000002e-03
  -1.1444100000000002e-03
   5.2948149999999996e-03
   8.2092099999999998e-03
  -1.8768299999999999e-03
  -1.2825005000000000e-02
  -8.9416649999999997e-03
   7.1716409999999994e-03
   1.5724180000000001e-02
   7.1716249999999992e-03
  -4.3563834999999999e-03
  -6.1111450000000001e-03
   4.7607199999999995e-03
   9.1705540000000009e-03
  -3.2653800000000000e-03
  -1.6540550000000001e-02
  -2.2087099999999998e-02
  -1.0253894999999999e-02
  -3.0515000000000056e-05
  -3.7002399999999996e-03
  -2.2514300000000001e-02
  -2.7717600000000002e-02
  -8.3541850000000001e-03
   7.1563949999999994e-03
   9.2773600000000001e-03
   3.2272319499999998e-03
  -3.9443949999999998e-03
   3.1738249999999999e-03
   1.1993409999999999e-02
   1.0414125000000000e-02
  -2.4871845000000001e-03
  -8.1176749999999995e-03
  -4.3487700000000002e-04
   7.4004999999999991e-04
  -4.1045900000000000e-03
  -1.5274045000000000e-02
  -2.2941599999999999e-02
  -2.0744300000000000e-02
  -8.4991324999999993e-03
   1.5258800000000003e-03
  -3.8223399999999996e-03
  -1.1276230000000000e-02
  -5.5160549999999997e-03
   2.4566749999999997e-03
   3.9443799999999999e-03
  -9.8419000000000006e-03
  -1.8775950000000000e-02
  -1.8310550000000002e-02
  -8.2931300000000010e-03
   6.4849699999999996e-03
  -2.0599400000000001e-03
  -1.3053884999999999e-02
  -1.2649550000000001e-02
   1.5945449999999999e-03
   8.6059689999999998e-03
   7.6295000000000095e-05
  -1.0925310000000001e-02
  -8.8043299999999991e-03
   1.0864255000000000e-02
   2.1919250000000001e-02
   1.4144900000000000e-02
   3.5094999999999961e-04
  -2.5558479999999999e-03
   1.2870804999999999e-02
   2.2247300000000001e-02
   1.8608079999999999e-02
   5.4321520000000000e-03
  -6.3552849999999996e-03
   5.7373250000000006e-03
   1.2146009999999999e-02
   5.6152250000000006e-03
  -7.6904450000000006e-03
  -1.8249550000000000e-02
  -9.3231099999999990e-03
   2.5787099999999997e-03
   3.9062550000000008e-03
  -6.0196034999999998e-03
  -1.3664249999999999e-02
  -6.8283049999999998e-03
   3.5095249999999999e-03
   4.5089850000000001e-03
  -9.3459900000000002e-03
  -1.1604300000000000e-02
  -4.1961699999999999e-03
   2.8305050000000001e-03
   8.0110499999999987e-04
  -1.2359634999999999e-02
  -1.9370999999999999e-02
  -1.3053900000000000e-02
  -3.3111550000000001e-03
   5.3863449999999998e-03
   3.3416850000000001e-03
   4.8828000000000012e-04
   5.4168599999999999e-04
   1.0742195000000000e-02
   1.7425545000000001e-02
   1.6487115000000000e-02
   8.9340000000000010e-03
   3.5934449999999998e-03
   1.3664249999999999e-02
   2.0454399999999998e-02
   1.5090939999999999e-02
   3.7918069999999999e-03
  -3.4027099999999998e-03
   8.6364750000000011e-03
   1.9828800000000001e-02
   1.2519825000000000e-02
   5.1116999999999959e-04
  -4.9514750000000003e-03
   7.6675349999999996e-03
   1.4327980000000001e-02
   1.0742184500000000e-02
   1.9454950000000002e-03
  -3.0136099999999999e-03
   4.0740949999999998e-03
   7.9040450000000002e-03
   1.0314926350000000e-02
  -1.6098000000000002e-03
  -7.5073249999999996e-03
  -4.8064999999999978e-04
   5.7220249999999995e-03
   1.6929609999999998e-02
   4.3334749999999998e-03
  -3.1890849999999999e-03
   2.1438600000000000e-03
   9.2696900000000006e-03
   2.0904560000000003e-02
   7.4005349999999998e-03
   1.9073450000000000e-03
   2.9525750000000003e-03
   1.6944850000000001e-02
   2.5268549999999997e-02
   1.7761220000000001e-02
   6.9045950000000004e-03
  -8.3160499999999980e-04
   1.1482230000000000e-02
   1.9798300000000001e-02
   1.4732374999999999e-02
  -2.0065300000000003e-03
  -1.0650659999999999e-02
   5.2337644999999999e-03
   1.5991220000000000e-02
   8.5754249999999994e-03
   1.1444100000000000e-03
  -1.3885494999999999e-03
   8.8043050000000001e-03
   1.8676800000000000e-02
   1.6342155000000001e-02
   3.5629300000000006e-03
  -5.4550199999999997e-03
   4.9591079999999994e-03
   1.0955805000000001e-02
   8.9569150000000011e-03
  -5.4550149999999997e-03
  -1.2992850000000000e-02
  -7.2326700000000001e-03
  -3.0822749999999998e-03
  -4.9514950000000002e-03
  -1.8859850000000001e-02
  -1.7280600000000000e-02
  -2.2201554999999999e-03
   5.7754650000000005e-03
   1.0757429000000001e-02
  -5.8746249999999996e-03
  -8.3923399999999999e-03
  -3.8146999999999996e-04
   1.1741639999999999e-02
   1.6448980000000002e-02
  -7.6294999999999662e-05
  -1.2214640000000001e-02
  -9.3918049999999996e-03
  -2.1591349999999995e-03
   1.7242449999999997e-03
  -1.2886040000000000e-02
  -2.4314849999999999e-02
  -2.6397700000000000e-02
  -1.3122544999999999e-02
  -2.6704999999999958e-04
  -5.8364799999999998e-03
  -1.6662600000000000e-02
  -1.4892549999999999e-02
  -9.7351200000000016e-03
  -2.4719049999999999e-03
  -5.6686449999999999e-03
  -1.4419535000000001e-02
  -1.7562899999999999e-02
  -7.9269200000000005e-03
   5.4168000000000011e-04
  -3.8986449999999996e-03
  -1.5464805000000000e-02
  -1.6761800000000000e-02
  -8.8043250000000000e-03
   5.8745999999999972e-04
   4.7300000000000033e-04
  -1.0086070000000001e-02
  -1.3839700000000000e-02
  -3.7002585000000003e-03
   8.6211949999999999e-03
   8.9263980000000003e-03
  -4.9591000000000001e-04
  -9.9944850000000009e-03
  -4.5089750000000001e-03
  -9.0026999999999989e-04
   2.9678100000000000e-03
  -9.3002299999999996e-03
  -2.2949199999999999e-02
  -1.6273500000000000e-02
  -1.2741110000000000e-02
  -7.3471050000000005e-03
  -9.4985899999999995e-03
  -1.8188450000000002e-02
  -1.5899650000000001e-02
   1.6021999999999998e-04
   6.6375649999999998e-03
  -3.1204149999999996e-03
  -8.0795299999999997e-03
  -1.1039709999999999e-02
  -7.4234200000000009e-03
  -1.7318999999999998e-03
  -9.5443895000000001e-03
  -1.3710030000000002e-02
  -1.0162365000000000e-02
  -8.0108999999999996e-04
   4.8370549999999998e-03
  -1.9378550000000005e-03
  -1.6067499999999998e-02
  -2.0591749999999999e-02
  -9.2315899999999996e-03
   3.4637349999999999e-03
   4.5318449999999996e-03
  -6.1416645000000004e-03
  -1.3542200000000001e-02
   0.0000000000000000e+00
   1.2870780000000000e-02
   1.2237544999999999e-02
   4.5775000000000069e-05
  -9.6740899999999998e-03
  -1.9683849999999996e-03
  -3.2805999999999981e-04
   4.2953549999999998e-03
  -9.6358999999999993e-03
  -1.9065900000000000e-02
  -1.5747100000000000e-02
  -6.6680799999999998e-03
  -1.1439999999999974e-04
  -1.2329125000000000e-02
  -1.8844600000000000e-02
  -6.6070755000000002e-03
   7.6751505000000001e-03
   4.4250299999999999e-03
  -3.7002549999999995e-03
  -1.4625550000000001e-02
  -1.9744900000000003e-02
  -5.4473654999999998e-03
   2.8763000000000000e-03
  -2.5177200000000002e-03
  -1.3320935000000001e-02
  -1.2405390000000001e-02
   5.6610209999999996e-03
   1.5541065000000000e-02
   1.7547650000000006e-03
  -5.9509400000000000e-03
  -4.2572000000000000e-03
   1.0643030000000000e-02
   1.9615149999999998e-02
   1.2084950000000001e-02
   2.7618399999999998e-03
  -1.9378700000000000e-03
   1.2046835000000001e-02
   1.6586310000000000e-02
   1.2016272499999999e-02
   1.6555749999999998e-03
  -6.3171400000000006e-03
   4.2495750000000002e-03
   1.2062090000000001e-02
   1.2496940000000000e-02
   3.6239649999999998e-03
  -1.0910029999999999e-02
  -4.4250500000000016e-04
   8.6975100000000003e-03
   8.2550249999999992e-03
  -5.0201350000000002e-03
  -1.5144349999999999e-02
  -8.3465750000000002e-03
  -2.3498550000000001e-03
   1.2893849999999997e-03
  -1.0024999999999999e-02
  -1.2603750000000000e-02
  -7.1716300000000000e-03
   7.0190500000000006e-04
   4.9743800000000005e-03
  -8.6822565000000008e-03
  -1.4343250000000000e-02
  -1.0696420000000000e-02
  -8.6212499999999961e-04
   7.3852700000000011e-03
   4.4250250000000000e-03
   1.0528549999999999e-03
  -8.2397500000000023e-04
   1.3893124999999999e-02
   2.1789550000000001e-02
   1.4984155000000001e-02
   1.6098000000000000e-03
  -5.1879999999999982e-04
   5.1956150000000006e-03
   7.9345849999999992e-03
  -2.0599999999999959e-04
  -9.8342800000000008e-03
  -1.2184125000000001e-02
  -1.5945449999999997e-03
   4.1045999999999999e-03
   3.3645449999999996e-03
  -4.7759949999999999e-03
  -1.6662600000000000e-02
  -2.4871799999999999e-03
   5.6000000000000008e-03
   3.0899100000000000e-03
  -8.6899049999999995e-03
  -1.6159050000000001e-02
  -2.4414100000000002e-03
   8.2092450000000004e-03
   5.7296549999999993e-03
  -4.3411400000000003e-03
  -1.0833764999999999e-02
  -1.3427725000000001e-03
   6.2866299999999996e-03
   8.4152400000000009e-03
  -2.3117099999999998e-03
  -1.4900200000000001e-02
  -7.6522650000000001e-03
   7.6904325000000003e-03
   1.2084965000000001e-02
   6.5078549999999999e-03
  -6.5460400000000004e-03
  -5.7067849999999998e-03
   7.4005100000000008e-03
   1.6273490000000002e-02
   7.6141150000000003e-03
  -4.3487499999999993e-04
  -5.1345799999999997e-03
   4.3030000000000004e-03
   9.0484650000000003e-03
  -3.1433100000000003e-03
  -1.6494749999999999e-02
  -2.2193899999999999e-02
  -1.0932920000000000e-02
  -2.2735749999999999e-03
  -8.7967009999999988e-03
  -1.5151950000000001e-02
  -2.2682149999999998e-02
  -8.5067849999999993e-03
  -1.7700249999999997e-03
  -5.4169999999999999e-04
  -7.2632084999999999e-03
  -1.5686050000000000e-02
  -1.0871905000000001e-02
  -8.5830550000000009e-03
  -1.2214684500000000e-02
  -2.3384099999999998e-02
  -2.8427100000000000e-02
  -1.5945450000000000e-02
  -2.8228750000000003e-03
  -2.9830700000000000e-03
  -9.5672650000000001e-03
  -1.2786849999999999e-02
   1.3733000000000018e-04
   1.3290395000000000e-02
   1.7227195000000001e-02
   9.3460260000000003e-03
   7.4996699999999999e-03
   1.5899700000000003e-02
   2.7267449999999999e-02
   3.1448350000000000e-02
   1.7211905000000000e-02
   1.3427750000000000e-03
   7.1640200000000001e-03
   1.4984145000000001e-02
   1.8493634999999998e-02
   5.7983349999999999e-03
  -6.2408450000000001e-03
  -8.3008000000000005e-03
   1.2588499999999997e-03
   9.4757290000000004e-03
  -1.6555749999999998e-03
  -1.2290954999999999e-02
  -1.6708350000000000e-02
  -5.6457350000000007e-03
  -1.6021949999999998e-03
  -8.3236600000000001e-03
  -1.4846805000000001e-02
  -1.6975400000000002e-02
  -1.4114350000000004e-03
   5.1040699999999996e-03
   4.5471200000000000e-03
  -6.4391900000000000e-03
  -1.3137835000000000e-02
  -1.7013549999999999e-03
   9.7961200000000002e-03
   1.0124205500000000e-02
   3.3187750000000004e-03
   2.8152500000000000e-03
   1.2191754999999999e-02
   2.5321949999999999e-02
   2.7656549999999998e-02
   1.5312200000000002e-02
   1.0673499999999999e-02
   1.1100764999999999e-02
   1.5930184999999999e-02
   1.9905114999999998e-02
   7.4539215000000002e-03
  -4.2648335000000006e-03
   1.2588500000000002e-03
   6.5917750000000002e-03
   1.8714885000000001e-02
   7.5225749999999992e-03
  -4.9896035000000002e-03
   7.3242500000000009e-04
   1.5586849999999999e-02
   2.3040800000000000e-02
   9.1476300000000003e-03
  -1.4572149999999998e-03
  -1.8997199999999999e-03
   4.9133099999999997e-03
   1.0124184999999999e-02
   6.6375549999999998e-03
  -2.1286050000000004e-03
  -6.1874399999999998e-03
   5.0659049999999999e-03
   1.9233705000000000e-02
   1.3854969999999999e-02
  -4.7912400000000004e-03
  -9.1934000000000009e-03
   8.3541799999999992e-03
   1.7509469999999999e-02
   1.4572129999999999e-02
   6.6680899999999998e-03
   3.7841800000000003e-03
   1.5586850000000001e-02
   2.4238599999999999e-02
   2.3719799999999999e-02
   1.0406479999999999e-02
   1.4572145000000000e-03
   9.5367600000000000e-03
   1.3885494999999999e-02
   1.2779219999999999e-02
  -2.3651100000000001e-03
  -1.0162335000000000e-02
   6.1034999999999974e-05
   3.0364999999999997e-03
   4.3716250000000005e-03
  -8.9568949999999994e-03
  -1.1444099999999999e-02
  -2.7389540000000000e-03
   5.3253150000000006e-03
   5.5389600000000008e-03
  -1.0482800000000000e-02
  -1.5480050000000000e-02
  -1.4358530000000001e-02
  -5.7754350000000006e-03
  -4.1579949999999994e-03
  -1.4144890000000000e-02
  -2.3216250000000001e-02
  -1.7692599999999999e-02
  -9.1705550000000004e-03
  -6.3552899999999996e-03
  -1.7272960000000000e-02
  -2.0080550000000003e-02
  -1.4175449999999999e-02
  -2.6397699999999996e-03
   3.2577399999999994e-03
  -1.8615850000000007e-03
  -1.2763960000000000e-02
  -1.3587940000000000e-02
   2.3346000000000005e-03
   1.4495859999999999e-02
   1.3168319999999999e-02
   2.3040750000000000e-03
  -4.2037949999999998e-03
   4.8904450000000002e-03
   8.4381000000000005e-03
   1.4190700000000006e-03
  -8.3465750000000002e-03
  -1.1360159999999999e-02
  -5.6457499999999989e-04
   9.1018469499999990e-03
   1.4732375000000001e-02
   4.0283300000000001e-03
  -4.2266850000000000e-03
   5.9814600000000001e-03
   1.4740005000000000e-02
   1.7951950000000001e-02
   8.5906799999999998e-03
   2.5939950000000000e-03
   7.3852350000000004e-03
   1.7456039999999999e-02
   1.8043540000000000e-02
   4.3945549999999996e-03
  -3.0364980500000001e-03
  -7.0190499999999996e-04
   8.1100300000000007e-03
   1.7349264999999999e-02
   1.0543838199999999e-02
   6.1569250000000006e-03
   4.7912605000000000e-03
   1.2733460000000000e-02
   2.4406399999999998e-02
   1.9706750000000002e-02
   9.0561050000000001e-03
   3.2424949999999998e-03
   1.6433699999999999e-02
   2.1583550000000000e-02
   1.5968315000000000e-02
   3.8833629999999999e-03
  -1.8997199999999999e-03
   7.0113965000000002e-03
   8.6822394999999993e-03
   1.7700149999999998e-03
  -5.3558349999999998e-03
  -1.0360715000000000e-02
   1.2283325000000001e-03
   1.0093670000000001e-02
   6.9427550000000001e-03
  -5.3405550000000003e-03
  -1.2100240000000000e-02
  -1.8920900000000001e-03
   6.4620749999999994e-03
   1.8005400000000002e-03
  -5.6305050000000001e-03
  -1.1917100000000000e-02
   4.5928950000000005e-03
   1.6967750000000000e-02
   1.0063168500000001e-02
   1.7700199999999998e-03
  -9.0255950000000008e-03
  -6.9274899999999997e-03
   6.6452109999999998e-03
   1.0742185000000001e-02
  -6.1040000000000053e-05
  -5.6610150000000001e-03
  -2.6779165000000000e-03
   1.1573785000000000e-02
   2.2552500000000000e-02
   1.2016290000000001e-02
   4.0130595000000000e-03
   5.3939850000000004e-03
   1.4350880000000000e-02
   1.9828800000000001e-02
   3.0746599999999999e-03
  -5.3176899999999999e-03
  -1.6098000000000000e-03
   1.6647349999999998e-02
   2.2567750000000001e-02
   1.2084980000000000e-02
   4.2114299999999995e-03
   2.8305049999999997e-03
   1.4213574999999999e-02
   1.6799925000000000e-02
   1.1779810000000000e-02
   3.8375839999999998e-03
   6.6757199999999996e-03
   1.4053349999999999e-02
   1.4541620000000000e-02
   7.6294049999999988e-03
  -2.6626599999999999e-03
  -1.0902450000000001e-02
  -4.2724605000000002e-03
   7.1716300000000000e-03
   7.0953200000000004e-03
  -2.1667449999999999e-03
  -5.4779049999999999e-03
   2.5024415000000004e-03
   1.0238655000000001e-02
   1.3717644999999999e-02
  -7.4005499999999988e-04
  -1.0383600000000000e-02
  -2.1438615000000001e-03
   3.8223450000000004e-03
   7.7590899999999997e-03
  -3.7536600000000002e-03
  -1.4266950000000000e-02
  -8.2855450000000001e-03
   1.2054449999999999e-03
   7.7133099999999993e-03
  -1.7547500000000002e-04
  -9.3383800000000003e-03
  -1.0467515000000000e-02
  -6.5612750000000001e-03
   1.3275150000000005e-03
  -9.3154999999999991e-03
  -2.0011899999999999e-02
  -1.9622799999999999e-02
  -5.6304949999999993e-03
  -1.2969999999999952e-04
  -4.6615500000000004e-03
  -1.5113849999999998e-02
  -1.8409749999999999e-02
  -1.0383580000000000e-02
  -4.3716549999999995e-03
  -5.5999850000000000e-03
  -1.1726364999999999e-02
  -1.4717100000000000e-02
  -2.8839094999999998e-03
   8.2702849999999987e-03
   3.7231299999999998e-03
  -3.7841799999999998e-03
  -1.1718750000000000e-02
  -3.2806400000000000e-03
   7.2784349999999998e-03
   4.8141699999999996e-03
  -5.9127800000000003e-03
  -1.5625000000000000e-02
  -4.2724599999999996e-03
   4.5318399999999997e-03
   1.1268630000000000e-02
   6.1035499999999993e-04
  -9.5748899999999991e-03
  -7.3928800000000001e-03
   3.0517549999999997e-03
   5.0887999999999992e-03
  -5.3177125000000002e-03
  -1.3412449999999999e-02
  -7.3242199999999993e-03
   1.8005349999999998e-03
   1.0040258999999999e-02
  -6.4850000000000020e-04
  -9.6817049999999988e-03
  -1.0414145000000000e-02
  -1.4266999999999999e-03
   2.9754650000000001e-03
  -8.1863600000000002e-03
  -1.7272949999999999e-02
  -1.8913300000000001e-02
  -4.7683700000000001e-03
  -8.0108499999999999e-04
  -5.6838964999999997e-03
  -1.0299660000000000e-02
  -1.4015200000000000e-02
  -5.7296750000000000e-03
   4.0817000000000006e-03
  -1.3427750000000000e-03
  -1.1787405000000001e-02
  -1.1810299999999999e-02
  -4.8370349999999999e-03
  -8.2779175000000007e-03
  -6.1111400000000001e-03
  -1.8997199999999999e-02
  -2.2346499999999998e-02
  -1.4923100000000002e-02
  -5.0735249999999997e-03
  -3.0746650000000003e-03
  -7.6446400000000003e-03
  -1.1032100000000000e-02
  -6.5002450000000000e-03
   7.9346000000000017e-04
   2.4871700000000004e-03
  -9.6054050000000009e-03
  -1.7234800000000002e-02
  -1.0070795000000000e-02
  -3.9673000000000009e-04
  -3.2806499999999978e-04
  -1.7326350000000001e-02
  -2.4086000000000000e-02
  -1.6052250000000001e-02
  -2.2125500000000006e-04
   8.3236549999999992e-03
   2.4414099999999998e-03
  -3.3493050000000003e-03
  -1.6785000000000010e-04
   9.7809000000000004e-03
   1.7494210000000000e-02
   1.1154175000000001e-02
   7.2555550000000003e-03
   9.0179449999999994e-03
   2.3193350000000001e-02
   2.8572100000000000e-02
   1.6899125000000001e-02
   3.5552950000000000e-03
  -7.1029649999999993e-03
   2.6092540000000001e-03
   9.8342849999999999e-03
   4.1198800000000002e-03
  -6.5002450000000000e-03
  -6.1264049999999997e-03
   5.9509300000000001e-03
   9.9868950000000008e-03
   7.8811849999999989e-03
   1.0223400000000001e-03
  -1.2969970000000000e-03
   1.4602650000000000e-02
   2.3879999999999998e-02
   1.8012980000000001e-02
   1.1817910000000001e-02
   8.3541850000000001e-03
   1.5098600000000000e-02
   2.3117050000000000e-02
   2.5924699999999998e-02
   1.2458779999999999e-02
   2.2583000000000000e-03
   3.8299549999999999e-03
   1.7608650000000000e-02
   2.6893649999999998e-02
   1.3458240000000000e-02
   3.3874504999999999e-03
   7.0190499999999985e-04
   1.5571585000000001e-02
   2.3658749999999999e-02
   1.4266945000000000e-02
   8.7661800000000002e-03
   1.0871890000000000e-02
   2.4475100000000000e-02
   2.9479949999999998e-02
   2.1453850000000000e-02
   7.9193349999999996e-03
   8.2550200000000001e-03
   1.8463149999999998e-02
   2.5993349999999998e-02
   1.6220090000000000e-02
   4.2114275000000000e-03
  -2.8610205000000003e-03
   5.7143979999999999e-03
   1.6509995000000000e-02
   7.6751859999999996e-03
   2.4871799999999999e-03
  -3.0364974000000001e-03
   6.5155000000000005e-03
   1.0192860999999999e-02
   5.0964249999999999e-03
  -7.1258399999999996e-03
  -1.0574350000000000e-02
   8.6212000000000007e-04
   7.7667350000000003e-03
  -9.7658500000000030e-04
  -1.4778115000000000e-02
  -2.2399900000000000e-02
  -1.0147085000000000e-02
  -5.7372850000000000e-03
   4.3484999999999965e-04
  -6.3324150000000001e-03
  -5.7525649999999994e-03
   5.9509500000000000e-03
   1.6021734999999999e-02
   2.2323650000000000e-02
   7.6904245000000001e-03
  -4.0359500000000000e-03
  -2.2964489999999999e-03
   6.1111550000000001e-03
   7.8277480000000007e-03
  -9.7656500000000020e-04
  -7.3242150000000002e-03
  -7.4310299999999999e-03
  -1.7471300000000000e-03
  -5.3399999999999455e-05
  -1.1741645000000000e-02
  -2.4093650000000001e-02
  -2.4383550000000000e-02
  -8.5296549999999988e-03
  -1.9378599999999996e-03
  -3.2806400000000005e-03
  -3.2959000000000000e-03
  -1.5884400000000000e-02
  -8.0108434999999999e-03
   7.0192499999999994e-04
  -6.0501100000000000e-03
  -1.8508900000000002e-02
  -2.1194450000000000e-02
  -9.3536399999999999e-03
  -1.4114599999999998e-03
  -5.4931449999999996e-03
  -1.3305685000000001e-02
  -1.7074600000000002e-02
  -6.6223400000000000e-03
   1.8691950000000001e-03
  -1.8310549999999998e-03
  -8.6746099999999993e-03
  -8.7356549999999984e-03
   4.2724649999999996e-03
   2.1835300000000002e-02
   1.8775950000000000e-02
   8.2321050000000000e-03
   4.8370349999999999e-03
   1.4190649999999999e-02
   2.1461500000000001e-02
   2.3719799999999999e-02
   8.9645300000000001e-03
  -3.1356785000000000e-03
   1.8920900000000001e-03
   1.3885509999999998e-02
   1.3290420000000001e-02
  -6.5612500000000002e-04
  -1.1680585000000000e-02
  -1.0467540000000001e-02
  -7.4767999999999970e-04
   1.0353070500000000e-02
  -2.7465750000000002e-03
  -9.4223050000000006e-03
   9.8419000000000002e-04
   8.6974899999999987e-03
   1.2985240000000000e-02
   3.5019150000000000e-03
  -5.4779049999999999e-03
  -5.4016099999999994e-03
   1.3030995000000000e-02
   1.6372680000000001e-02
   1.1535654999999999e-02
  -7.2479500000000008e-04
  -6.3400250000000000e-03
   2.0294200000000005e-03
   8.8196034999999985e-03
   1.0139445000000000e-02
   1.9302350000000002e-03
  -8.2321100000000008e-03
   6.8969950000000004e-03
   1.6571070000000000e-02
   1.9515949999999997e-02
   4.9514750000000003e-03
   1.6784650000000001e-03
   1.1413585000000000e-02
   1.6975400000000002e-02
   1.5647905000000000e-02
   2.0141589999999997e-03
  -9.4909749999999987e-03
  -1.5335049999999999e-03
   8.4075709999999991e-03
   1.1085509000000000e-02
   4.0664450000000001e-03
  -4.5776500000000006e-04
   6.8054199999999995e-03
   1.7776500000000001e-02
   1.9569420000000001e-02
   1.3404865000000000e-02
  -1.7166149999999999e-03
   8.3923499999999981e-04
   9.5214749999999997e-03
   1.1253337500000000e-02
   2.1896349999999997e-03
  -7.7590950000000006e-03
  -7.8888099999999996e-03
   5.7525480000000006e-03
   1.8737779999999999e-02
   9.9105875000000000e-03
  -3.4484850000000003e-03
  -8.9340200000000008e-03
   2.9830899999999999e-03
   1.2611410000000000e-02
   1.8692000000000001e-03
  -8.4533850000000008e-03
  -1.0635400000000000e-02
   4.5852680000000000e-03
   1.3984690000000001e-02
   7.6751505000000001e-03
  -2.7313250000000002e-03
  -5.0811800000000002e-03
   4.9514750000000003e-03
   1.6410805000000001e-02
   4.1122299999999997e-03
  -8.1558199999999994e-03
  -1.1955285000000000e-02
  -4.8065149999999999e-03
   4.9438599999999996e-03
   6.0806099999999993e-03
  -8.5449000000000028e-04
  -4.7988900000000001e-03
   1.4495849999999998e-03
   1.1840839999999998e-02
   1.4114399999999999e-02
   1.8386850000000001e-03
  -4.7683700000000001e-03
   1.3961799999999999e-03
   1.0070780000000000e-02
   1.0803240000000000e-02
   3.1738249999999999e-03
  -1.0231040000000000e-02
  -8.7738150000000008e-03
   1.7089800000000001e-03
  -3.3416899999999996e-03
  -1.6410825000000000e-02
  -1.8112200000000002e-02
  -1.0391225000000000e-02
   3.0517499999999998e-04
   4.0664899999999999e-03
  -5.6228700000000003e-03
  -1.3542149999999999e-02
  -8.5449200000000010e-03
   8.6212500000000026e-04
   5.1727300000000004e-03
  -2.5177000000000012e-04
  -8.4609949999999989e-03
  -1.4488249999999999e-02
  -1.4343300000000002e-03
   4.2648099999999991e-03
  -7.7056799999999995e-03
  -2.1293649999999997e-02
  -3.2058699999999996e-02
  -1.3870250000000001e-02
  -6.9427450000000002e-03
  -1.4366135000000000e-02
  -1.7486550000000000e-02
  -2.5253299999999999e-02
  -1.6555799999999999e-02
  -8.1481849999999988e-03
  -9.6511700000000006e-03
  -1.8890400000000002e-02
  -2.1934499999999999e-02
  -1.1123635000000000e-02
  -2.3269650000000003e-03
   3.6773799999999996e-03
  -1.1497475000000000e-02
  -2.3902899999999998e-02
  -2.1713250000000000e-02
  -1.1642460000000000e-02
  -7.4539399999999992e-03
  -1.5831000000000001e-02
  -1.9264200000000002e-02
  -1.0002110000000000e-02
   3.1738299999999999e-03
   6.4086750000000000e-03
  -2.3803699999999997e-03
  -9.3994300000000003e-03
  -1.0238650000000000e-02
   2.9678349999999998e-03
   5.7754499999999997e-03
   2.6702499999999973e-04
  -8.5296650000000005e-03
  -1.1703450000000001e-02
  -3.2958950000000001e-03
   3.4408749999999999e-03
  -8.3465689999999999e-03
  -1.5968349999999999e-02
  -1.4587405000000001e-02
   2.1591150000000005e-03
   1.2550356000000000e-02
   9.6664549999999991e-03
  -3.5095000000000000e-03
  -7.3089399999999999e-03
   2.0141600000000001e-03
   7.5378499999999996e-03
   7.7896000000000007e-03
  -2.5329549999999999e-03
  -1.0192870000000000e-02
   2.8610199999999997e-03
   9.3612824000000004e-03
   8.1939800000000000e-03
  -4.9896300000000001e-03
  -1.1085530000000000e-02
  -2.8991499999999996e-04
   1.6777025000000001e-02
   2.1408099999999999e-02
   1.1520399999999996e-03
  -5.6076049999999999e-03
   3.2196049999999999e-03
   9.2162935000000001e-03
   1.3710000000000000e-02
   1.7852800000000002e-03
  -1.1558515000000000e-02
  -1.0322554999999999e-02
  -3.8223200000000006e-03
   2.4948000000000010e-03
  -1.1550890000000001e-02
  -1.9706750000000002e-02
  -2.2415150000000002e-02
  -8.0871820000000001e-03
   2.7084449999999994e-03
  -7.6675349999999996e-03
  -1.5151950000000001e-02
  -1.5411350000000001e-02
   7.7056499999999997e-04
   7.3089449999999999e-03
   0.0000000000000000e+00
  -1.3694750000000000e-02
  -1.8981949999999997e-02
  -5.0277823999999999e-03
   4.4097800000000003e-03
   1.2359850000000002e-03
  -8.4228299999999992e-03
  -9.7808800000000005e-03
   4.5852800000000006e-03
   1.2672430000000000e-02
   1.2557960000000000e-02
   7.0648400000000002e-03
   2.5558450000000002e-03
   2.1186850000000000e-02
   2.7191150000000001e-02
   2.2949250000000001e-02
   9.0179600000000002e-03
   4.1656499999999999e-03
   1.4625550000000001e-02
   1.7692550000000001e-02
   2.1759000000000001e-02
   4.5089750000000001e-03
  -4.6463049999999999e-03
  -3.7155149999999995e-03
   1.7776700000000003e-03
   2.4871850000000003e-03
  -1.0055534999999999e-02
  -1.5922550000000001e-02
  -7.9956100000000002e-03
  -6.8664999999999872e-05
   7.8506649999999997e-03
  -3.5095500000000002e-04
  -1.2916550000000001e-02
  -1.3229350000000001e-02
  -3.6087050000000002e-03
   2.3956449999999996e-03
  -7.8658900000000004e-03
  -1.7837499999999999e-02
  -1.6098000000000001e-02
  -2.6626599999999999e-03
   2.1362249999999994e-03
  -7.7972275000000001e-03
  -1.6410800000000000e-02
  -2.1537799999999999e-02
  -1.1444110000000000e-02
  -1.2435700000000003e-03
  -4.2190500000000002e-03
  -8.7585200000000005e-03
  -1.2771600000000001e-02
   3.1280499999999998e-04
   6.3476699999999997e-03
   3.0059950000000005e-03
  -5.2948000000000005e-03
  -1.1062634999999999e-02
  -3.4027079999999999e-03
   3.3569450000000001e-03
   6.0272000000000017e-04
  -9.4757349999999990e-03
  -1.9210800000000000e-02
  -1.1146540000000000e-02
  -2.7236949999999999e-03
  -1.0528650000000001e-03
  -8.4381000000000005e-03
  -1.4495850000000001e-02
  -5.0430300000000004e-03
   9.1857899999999992e-03
   1.1306745000000000e-02
  -7.4386799999999996e-03
  -1.6838100000000002e-02
  -1.3191200000000000e-02
   4.1961500000000035e-04
