  -2.5695800000000001e-02
  -1.1016830000000000e-02
   3.7689400000000001e-03
   7.3776149999999997e-03
  -1.0726935000000000e-02
  -1.7784100000000001e-02
  -3.4713740000000002e-03
   8.3923464999999999e-03
   1.6571050000000000e-02
   6.1263795000000001e-03
  -8.6211999999999990e-03
  -4.9591050000000001e-03
   1.4083845000000001e-02
   1.8646250000000000e-02
   4.7607249999999995e-03
  -8.1100549999999997e-03
  -6.2255899999999996e-03
   8.8500799999999998e-03
   2.0721449999999999e-02
   1.1535650000000000e-02
   1.1596664999999999e-03
  -6.2103300000000000e-03
   9.5214800000000006e-03
   2.0919800000000002e-02
   1.7967215000000002e-02
   1.3687125000000001e-02
   1.4953650000000001e-02
   2.9106100000000003e-02
   3.4378050000000000e-02
   2.1926899999999999e-02
   1.7013549999999999e-03
  -1.1306750000000001e-02
  -7.2478999999999990e-04
   1.3381975000000001e-02
   8.0337304999999991e-03
  -8.0184699999999998e-03
  -1.4038100000000000e-02
  -1.3961750000000002e-03
   1.2207015000000000e-02
   1.0849008000000000e-02
  -9.4757299999999999e-03
  -2.3727399999999999e-02
  -1.1116020000000001e-02
   1.8768299999999999e-03
   4.1808849999999996e-03
  -1.3450620000000000e-02
  -1.6601550000000000e-02
   5.5695000000000007e-04
   1.9836445000000001e-02
   2.9762299999999998e-02
   1.2115455000000001e-02
  -1.5487650000000001e-03
  -2.7465499999999995e-04
   1.2802105000000001e-02
   1.9287085000000002e-02
   8.0795290000000002e-03
  -9.0026999999999989e-04
  -7.4310200000000000e-03
   7.5378650000000004e-03
   1.6464220000000002e-02
   1.2130900000000000e-03
  -1.0002110000000000e-02
  -1.4060964999999998e-02
  -2.4948149999999996e-03
   1.0406495000000000e-02
   9.0026999999999989e-03
  -4.0664650000000000e-03
  -7.7590949999999997e-03
   4.3029800000000005e-03
   1.6769429999999998e-02
   1.4678934999999999e-02
   1.2588500000000002e-03
  -1.0452250000000001e-03
   1.9210850000000002e-02
   2.4726850000000002e-02
   1.6044639999999999e-02
  -1.6555800000000002e-03
  -1.0108960000000000e-02
  -2.9296890000000001e-03
   9.3918090000000010e-03
   1.1116010000000001e-02
  -4.6234199999999996e-03
  -1.8112150000000000e-02
  -8.0566400000000003e-03
   3.2501200000000000e-03
  -1.2436000000000001e-03
  -1.9485499999999999e-02
  -2.8045650000000002e-02
  -1.8173200000000000e-02
  -1.8310999999999978e-04
   7.8124914999999993e-03
  -6.3095299999999998e-03
  -8.3465599999999994e-03
  -1.1901850000000003e-03
   1.7120364999999999e-02
   2.8183000000000000e-02
   5.9585649999999999e-03
  -8.5983450000000003e-03
  -7.4768250000000003e-03
   1.1543275000000000e-02
   2.4444550000000002e-02
   1.4976490000000000e-02
   7.8582500000000020e-04
  -6.3095050000000000e-03
   5.2566499999999999e-03
   1.6090404999999999e-02
   8.0261150000000003e-03
  -3.9520255000000002e-03
  -3.1967150000000001e-03
   8.1710949999999997e-03
   2.0675650000000000e-02
   1.5571600000000000e-02
   4.2648304999999996e-03
  -2.0370449999999999e-03
   1.2878424999999999e-02
   1.5502914999999999e-02
   1.2725840000000000e-02
   1.1596650000000000e-03
  -6.7901599999999995e-04
   8.4762599999999994e-03
   2.0126350000000001e-02
   2.0423910000000003e-02
   7.3699949999999998e-03
  -4.1427649999999996e-03
   4.6997050000000002e-03
   2.0317050000000000e-02
   1.9981400000000000e-02
   6.0271999999999995e-04
  -1.2779200000000001e-02
  -6.9732649999999993e-03
   9.1476500000000002e-03
   1.1947639999999999e-02
  -9.3459900000000002e-03
  -2.1461500000000001e-02
  -1.5312199999999998e-02
  -5.0277719999999998e-03
   1.4266950000000000e-03
  -1.0177624999999999e-02
  -3.1021099999999999e-02
  -3.1761150000000002e-02
  -9.4909599999999997e-03
   2.7847350000000004e-03
  -5.7983499999999990e-04
  -1.1192330000000000e-02
  -1.8676749999999999e-02
  -9.0026799999999990e-03
  -2.9907049999999998e-03
  -1.0574335000000001e-02
  -2.5550850000000000e-02
  -3.1295799999999999e-02
  -1.8066449999999998e-02
  -7.2784250000000007e-03
  -1.1947640000000001e-02
  -2.4818400000000001e-02
  -3.3020049999999995e-02
  -1.6586299999999998e-02
  -5.0430049999999997e-03
  -7.0877249999999996e-03
  -1.6220100000000001e-02
  -2.2415150000000002e-02
  -1.0940540000000000e-02
   7.7819999999999973e-04
   5.2108499999999995e-03
  -6.1416750000000001e-03
  -1.3000500000000000e-02
   3.5095000000000005e-04
   1.3458250000000001e-02
   1.3748165000000000e-02
  -3.2043499999999999e-04
  -6.5536499999999994e-03
   7.6294000000000015e-04
   1.3442980000000000e-02
   1.5197730000000000e-02
  -3.9596550000000003e-03
  -1.5991200000000001e-02
  -1.5777599999999999e-02
  -1.7776500000000000e-03
   4.4555600000000008e-03
  -2.4185200000000000e-03
  -9.8953449999999998e-03
  -5.6915299999999993e-03
   1.0620095000000000e-02
   1.5808104999999999e-02
   4.5394915000000003e-03
  -1.3778700000000000e-02
  -1.8905650000000000e-02
  -1.0299700000000001e-03
   1.3137825000000001e-02
   8.8501199999999995e-03
   4.5776499999999995e-04
  -7.5683599999999997e-03
   2.7770995000000001e-03
   1.4114355000000000e-02
   8.9416449999999998e-03
  -2.7160660000000001e-03
  -1.2283350000000000e-02
   2.5024399999999999e-03
   9.5214749999999997e-03
   9.0484450000000004e-03
  -7.7209649999999998e-03
  -2.1690350000000001e-02
  -8.8348599999999999e-03
   5.8135899999999996e-03
  -4.5776499999999973e-04
  -2.0439150000000000e-02
  -2.7832050000000001e-02
  -1.8173200000000000e-02
  -8.7661800000000002e-03
  -1.2207000000000016e-04
  -6.1187799999999999e-03
  -1.5380850000000000e-02
  -3.9901719499999995e-03
   8.3389434999999994e-03
   1.0696427000000000e-02
  -5.5847050000000006e-03
  -1.8547049999999999e-02
  -1.7127949999999999e-02
  -5.6839200000000003e-03
  -5.3405000000000293e-05
  -1.6586305000000003e-02
  -2.9335000000000000e-02
  -2.2514350000000002e-02
  -8.3771000000000002e-03
  -1.3275150000000000e-03
  -1.4694220000000001e-02
  -2.9373199999999999e-02
  -3.5842899999999997e-02
  -1.7257700000000001e-02
  -2.7694649999999996e-03
  -7.9193100000000006e-03
  -1.9760150000000001e-02
  -2.3666399999999997e-02
  -3.1890884999999998e-03
   3.7536750000000006e-03
   3.5705749999999999e-03
  -9.9487250000000003e-03
  -1.9668550000000000e-02
  -9.5977749999999994e-03
  -2.9144149999999996e-03
  -5.4245099999999996e-03
  -1.7738299999999999e-02
  -2.3445149999999998e-02
  -1.6883849999999999e-02
  -4.0817249999999996e-03
  -4.1351150000000000e-03
  -1.7486600000000001e-02
  -2.7931200000000000e-02
  -1.5335099999999999e-02
  -6.8664500000000005e-04
   8.2397500000000023e-04
  -1.1558525000000000e-02
  -2.2689800000000003e-02
  -1.5457149999999999e-02
  -3.0059799999999997e-03
   1.5487700000000001e-03
  -6.3705654999999996e-03
  -4.5547506000000008e-03
   2.6397700000000001e-03
   2.1964999999999998e-02
   2.8724650000000001e-02
   1.0162359999999999e-02
   3.9215099999999996e-03
  -2.9755000000000016e-04
   1.5624980000000000e-02
   2.5230400000000000e-02
   5.4016300000000001e-03
  -4.8827999999999990e-04
  -8.6212500000000004e-04
   1.4640850000000000e-02
   2.1537799999999999e-02
   1.5098555000000000e-02
   3.8986200000000002e-03
  -1.0375950000000001e-03
   7.1945200000000003e-03
   1.6212450000000000e-02
   1.3732905000000000e-02
   7.0953100000000005e-03
  -1.3504000000000001e-03
   1.6777029999999998e-02
   3.0853300000000000e-02
   3.3668549999999998e-02
   2.2384600000000001e-02
   8.6517449999999989e-03
   1.0612509999999999e-02
   2.0607000000000000e-02
   2.1858200000000001e-02
   4.4097950000000002e-03
  -5.0582900000000000e-03
   4.7301999999999978e-04
   8.6593412000000002e-03
   1.1390702499999999e-02
   7.9345499999999977e-04
  -1.3168349999999999e-02
  -7.1334850000000002e-03
   3.1204350000000000e-03
   9.7350849999999992e-03
  -2.6779149999999999e-03
  -1.0292045000000000e-02
  -3.3035299999999998e-03
   1.0505660000000000e-02
   4.8370349999999999e-03
  -2.9907249999999996e-03
  -7.5378649999999995e-03
  -1.3732894999999999e-03
   1.6677850000000001e-02
   1.9622799999999999e-02
   5.7449450000000004e-03
  -9.9944999999999982e-04
  -9.0332149999999990e-03
   1.0299699999999998e-03
   9.5520150000000005e-03
   2.5939999999999991e-04
  -1.3954145000000001e-02
  -1.7028800000000000e-02
  -9.8419499999999977e-04
   1.1528025000000001e-02
   4.9667399999999999e-03
  -7.3623600000000001e-03
  -1.4236449999999999e-02
  -6.7902000000000001e-04
   8.2855049999999986e-03
   4.7988649999999994e-03
  -8.0795250000000006e-03
  -1.7135650000000002e-02
  -6.8817150000000001e-03
   1.0993935000000002e-02
   1.5571615000000000e-02
   6.1874585000000005e-03
  -2.5787365000000000e-03
   9.4451850000000000e-03
   2.1789549999999998e-02
   2.1499640000000000e-02
   5.1651200000000005e-03
  -9.1781399999999996e-03
  -2.3117044999999997e-03
   8.3465550000000003e-03
   4.4097949999999993e-03
  -5.8441099999999996e-03
  -1.8722500000000000e-02
  -1.1505140000000001e-02
   1.6250650000000002e-03
   5.1116899999999986e-03
  -9.6283150000000001e-03
  -2.9304499999999997e-02
  -2.8518650000000000e-02
  -8.6288249999999997e-03
  -1.6021650000000000e-03
  -1.8318174999999999e-02
  -2.5253299999999999e-02
  -2.0782499999999999e-02
  -1.1138950000000002e-03
   9.9411176000000004e-03
   5.2643000000000047e-04
  -1.5754700000000000e-02
  -2.3025500000000001e-02
  -1.1459364999999999e-02
  -6.5460149999999996e-03
  -1.3725279999999999e-02
  -2.5657699999999999e-02
  -3.1387300000000000e-02
  -1.6998300000000001e-02
  -4.0436000000000031e-04
  -6.2332350000000002e-03
  -1.3862600000000001e-02
  -2.3857150000000001e-02
  -1.4816250000000000e-02
  -4.7912750000000002e-03
  -1.6937450000000004e-03
  -9.4604349999999997e-03
  -1.0673499999999999e-02
  -7.7667250000000004e-03
   5.1269449999999999e-03
   1.1642429999999999e-02
  -3.7994410000000002e-03
  -9.3155000000000009e-03
  -8.2397400000000000e-04
   9.0637050000000000e-03
   1.5151960000000001e-02
   3.9672850000000001e-03
  -8.4228499999999991e-03
  -8.1023999999999992e-03
   5.3405854999999999e-03
   1.2039174999999999e-02
  -7.5988969499999996e-03
  -1.8020649999999999e-02
  -1.5190100000000002e-02
   3.1280500000000020e-04
   7.7667200000000004e-03
  -9.9487550000000001e-03
  -1.6929600000000000e-02
  -1.5831000000000001e-02
  -3.4103415000000001e-03
   2.7847400000000000e-03
  -1.4778160000000000e-02
  -2.2872900000000002e-02
  -2.2323599999999999e-02
  -3.6163350000000000e-03
   7.4462850000000004e-03
   5.0888249999999999e-03
  -1.0215740000000001e-02
  -2.0980850000000002e-02
  -1.0955800000000000e-02
   5.6457500000000032e-04
   1.7242399999999997e-03
  -9.6588200000000003e-03
  -1.4213549999999998e-02
  -3.6315899999999996e-03
   8.2702665000000015e-03
   1.1779800000000000e-02
  -4.3640155000000003e-03
  -9.1323849999999998e-03
   5.6838949999999996e-03
   1.5136729999999999e-02
   1.8280024999999998e-02
   4.6386706000000003e-03
  -1.8844599999999999e-03
   4.5775999999999998e-04
   1.4625529999999999e-02
   2.2041300000000000e-02
   1.1169425000000000e-02
   7.6751649999999994e-03
   1.9607550000000001e-02
   3.4233050000000001e-02
   3.2348650000000000e-02
   1.8554710000000002e-02
   4.3182385000000000e-03
   5.8288599999999999e-03
   1.3427715000000000e-02
   2.5199849999999999e-02
   1.7807000000000000e-02
   2.3651100000000001e-03
  -2.2506699999999998e-03
   1.6937250000000001e-02
   2.4787900000000002e-02
   1.1413560000000000e-02
  -5.2871699999999999e-03
  -1.0818475000000001e-02
   2.0370450000000003e-03
   7.9650675000000008e-03
  -2.4566649999999998e-03
  -1.8707300000000000e-02
  -1.5899650000000001e-02
   6.6909750000000000e-03
   2.2972100000000002e-02
   1.9126899999999999e-02
   6.4086999999999976e-04
  -6.3858049999999996e-03
   3.3264179999999998e-03
   9.3994179999999997e-03
   4.9743649999999997e-03
  -1.6273475000000003e-02
  -2.0118700000000000e-02
  -9.1171050000000003e-03
   9.4604499999999996e-04
   3.6163150000000002e-03
  -1.1703504999999999e-02
  -1.6662600000000000e-02
  -9.4985749999999987e-03
   7.1334850000000002e-03
   1.7097480000000002e-02
   5.2337600000000005e-03
  -1.8768325000000001e-03
  -7.6295000000000095e-05
   9.1095209999999989e-03
   2.2216775000000001e-02
   6.2561150000000005e-03
  -3.8223285000000000e-03
  -3.3721910000000001e-03
   1.2123095000000000e-02
   1.4121999999999999e-02
   1.8997199999999997e-03
  -6.4087099999999998e-03
  -2.7923564999999999e-03
   5.9051599999999996e-03
   1.1894205000000000e-02
  -1.0681499999999969e-04
  -1.4846800000000000e-02
  -2.0004300000000003e-02
  -8.3160500000000023e-04
   1.0002155000000000e-02
   4.2724850000000003e-03
  -1.4884950000000001e-02
  -2.1720900000000001e-02
  -6.1264049999999997e-03
   8.3694549999999996e-03
   7.3928715000000002e-03
  -6.5612750000000001e-03
  -1.4266999999999998e-02
  -9.7656000000000001e-04
   1.3198864999999999e-02
   1.8158000000000001e-02
   8.0948100000000009e-03
   2.2735605000000002e-03
   1.2397800000000000e-02
   2.4871799999999999e-02
   2.2453300000000002e-02
   6.3018800000000002e-03
  -1.1451699999999999e-02
  -4.9896200000000002e-03
   7.9574799999999994e-03
   1.0704040499999999e-02
  -4.8827899999999997e-03
  -1.6563399999999999e-02
  -1.0749810000000000e-02
   7.1487349999999998e-03
   9.2163285000000008e-03
   9.1550000000000138e-05
  -9.7732700000000006e-03
  -6.4086899999999999e-03
   5.3100530500000001e-03
   1.5205375000000000e-02
   8.3160449999999993e-03
   2.4337770000000002e-03
   4.4174200000000000e-03
   1.9844050000000002e-02
   2.3414600000000001e-02
   9.0026800000000008e-03
  -1.0200500000000001e-02
  -1.4595049999999998e-02
  -1.2512199999999999e-03
   5.8822650000000011e-03
  -3.2043450000000004e-03
  -1.7417900000000000e-02
  -2.1232599999999997e-02
  -4.5776499999999973e-04
   1.7257689999999999e-02
   1.3809210000000001e-02
  -7.6293999999999993e-04
  -9.7885200000000002e-03
   8.7737999999999998e-04
   1.4472970000000000e-02
   1.5518210000000001e-02
   2.0065349999999998e-03
  -1.3587950000000000e-02
  -3.2577524999999998e-03
   1.1535654999999999e-02
   2.2903449999999999e-02
   1.2680040000000000e-02
   3.3493049999999999e-03
   1.5029900000000001e-02
   2.3613000000000002e-02
   2.3750300000000002e-02
   4.2648304999999996e-03
  -6.6146850000000004e-03
  -3.9596600000000003e-03
   6.2560990000000002e-03
   1.2756355000000000e-02
   3.9673050000000000e-03
  -7.5530999999999992e-04
  -5.3405549999999992e-04
   1.6204850000000000e-02
   1.9447349999999999e-02
   7.2250550000000002e-03
  -1.0292055000000000e-02
  -1.2603750000000000e-02
   2.8915400000000002e-03
   1.2481690000000000e-02
  -9.4604499999999953e-04
  -5.6686236499999994e-03
  -1.9226099999999999e-03
   9.4375400000000012e-03
   1.9180300000000001e-02
   6.2713399999999994e-03
  -8.4686150000000005e-03
  -1.4755249999999999e-02
  -1.5869149999999999e-03
   3.3874300000000003e-03
  -1.7318950000000002e-03
  -1.5342700000000001e-02
  -1.7662049999999999e-02
  -2.1286025000000000e-03
   1.6120900000000001e-02
   1.4907840000000000e-02
   1.6403200000000002e-03
  -9.1858150000000000e-03
  -1.8768299999999999e-03
   1.0765050000000000e-02
   1.3717640000000000e-02
  -3.6621100000000005e-03
  -1.6899100000000000e-02
  -2.6092535000000004e-03
   1.6410845000000000e-02
   2.6763950000000002e-02
   1.5258785000000000e-02
   5.0125099999999995e-03
   7.0724400000000002e-03
   1.2260420000000001e-02
   1.7829919999999999e-02
   6.6909899999999991e-03
  -4.0283204999999999e-03
  -3.6621000000000006e-04
   1.4297495000000000e-02
   2.3071249999999998e-02
   8.5296650000000005e-03
  -5.5465699999999998e-03
  -9.2086600000000005e-03
   5.3405599999999994e-03
   1.7715470000000001e-02
   1.2001035000000000e-02
   2.2430429999999997e-03
  -1.9607564999999999e-03
   1.2344350000000000e-02
   1.3839714999999999e-02
   4.7683949999999999e-03
  -2.9144300000000000e-03
  -1.8005385000000001e-03
   1.5899650000000001e-02
   2.6687599999999999e-02
   2.6741049999999999e-02
   1.1833179999999999e-02
   7.8048600000000003e-03
   2.1133400000000000e-02
   2.6718150000000003e-02
   1.8157949999999999e-02
   3.1585699999999999e-03
  -2.0904539999999998e-03
   7.2936900000000002e-03
   1.4968865000000001e-02
   1.4999380000000000e-02
   2.0751950000000002e-03
  -9.1323849999999998e-03
  -2.2277849999999999e-03
   9.3383600000000004e-03
   1.3641370000000000e-02
  -4.4555500000000000e-03
  -1.8562299999999997e-02
  -9.2467999999999995e-03
   8.3694449999999997e-03
   1.8943780000000000e-02
   9.8190399999999994e-03
   2.6168830000000000e-03
   5.6762700000000006e-03
   1.9073500000000000e-02
   2.9602049999999998e-02
   1.7570450000000001e-02
   1.9683850000000000e-03
  -6.2026949999999994e-03
   5.2490300000000000e-03
   1.2527460000000001e-02
   9.5138434999999990e-03
   1.4800999999999998e-03
   9.1549999999999921e-05
   1.0879514999999999e-02
   1.6090415000000000e-02
   6.4086750000000000e-03
  -4.7988895000000004e-03
  -1.1177079999999999e-02
   3.6468499999999997e-03
   9.9182200000000002e-03
   3.6926250000000002e-03
  -4.0130599999999997e-03
  -5.8746150000000012e-04
   1.7585750000000001e-02
   2.8678900000000000e-02
   2.8434749999999998e-02
   1.2413024999999999e-02
   2.3345950000000001e-03
   5.6152349999999997e-03
   1.4907825000000000e-02
   1.2008689999999999e-02
  -3.0517549999999997e-03
  -1.2329099999999999e-02
  -4.3182350000000001e-03
   1.1238115000000000e-02
   1.4144884999999999e-02
  -4.0740945000000001e-03
  -1.9683849999999999e-02
  -2.0774800000000000e-02
  -5.3787380000000001e-03
   3.3264350000000004e-03
  -1.0833740000000001e-02
  -1.7028800000000000e-02
  -1.1772200000000000e-02
   1.0589605000000000e-02
   2.2705099999999999e-02
   7.1945270000000000e-03
  -1.6784999999999999e-04
  -2.0751950000000002e-03
   6.2561259999999999e-03
   1.2702935000000000e-02
   2.5329400000000000e-03
  -1.3275135000000000e-02
  -1.8905650000000000e-02
  -2.5711050000000002e-03
   9.9640149999999997e-03
  -2.1896250000000002e-03
  -1.9012450000000000e-02
  -2.3094150000000001e-02
  -9.4528300000000006e-03
  -1.1673000000000005e-03
  -3.5476700000000002e-03
  -8.6669999999999994e-03
  -8.8424549999999991e-03
   7.4844150000000003e-03
   2.2506700000000001e-02
   2.2247300000000001e-02
   1.0459919999999999e-02
   4.1503900000000003e-03
   1.5640250000000001e-02
   3.5522449999999997e-02
   3.6415099999999999e-02
   1.8745450000000000e-02
   6.8206750000000000e-03
   1.8211350000000001e-02
   2.9052700000000001e-02
   2.9121399999999999e-02
   1.1688255000000000e-02
  -2.6473995000000001e-03
  -2.8305064999999997e-03
   2.2354050000000002e-03
   3.5781950000000002e-03
  -3.4485050000000001e-03
  -1.1123675000000000e-02
  -5.2643000000000004e-04
   1.3748179999999999e-02
   1.9660950000000000e-02
   7.9345500000000003e-03
  -3.0365000000000001e-03
  -8.6669950000000003e-03
  -1.9073500000000004e-04
   1.0780339999999999e-02
   6.3781749999999998e-03
   4.5774999999999852e-05
  -2.3117049999999998e-03
   1.0246270000000000e-02
   2.0454400000000001e-02
   1.4549275000000000e-02
   1.2054450000000003e-03
  -1.1550885000000000e-02
  -4.4708244999999997e-03
  -1.9836500000000069e-04
  -4.5395050000000001e-03
  -1.7669700000000000e-02
  -2.0889249999999998e-02
  -2.6245100000000000e-03
   1.2321470000000001e-02
   1.5007030000000001e-02
  -2.7847300000000000e-03
  -1.0871890000000000e-02
  -4.4631949999999997e-03
   5.5007700000000003e-03
   5.0888100000000000e-03
  -6.8054180000000006e-03
  -1.5518199999999999e-02
  -5.4016099999999994e-03
   5.3329325000000000e-03
   7.8048700000000002e-03
  -1.3626075000000000e-02
  -2.5222750000000002e-02
  -2.7496350000000003e-02
  -3.5285949999999996e-02
  -4.5272800000000002e-02
  -7.2654699999999989e-02
  -9.3986500000000001e-02
  -1.0550699999999999e-01
  -9.0347299999999992e-02
  -9.0767100000000003e-02
  -1.0501094999999999e-01
  -1.2113950000000000e-01
  -1.2642650000000000e-01
  -1.1592850000000000e-01
  -1.0155495000000000e-01
  -1.1202999999999999e-01
  -1.2313050000000000e-01
  -1.3539150000000000e-01
  -1.0920700000000000e-01
  -9.4466949999999994e-02
  -9.7724950000000005e-02
  -1.0969550000000000e-01
  -1.1364750000000000e-01
  -9.7267099999999995e-02
  -8.7631249999999994e-02
  -8.4014850000000002e-02
  -9.1980000000000006e-02
  -9.3887350000000008e-02
  -7.5767500000000002e-02
  -6.6391000000000006e-02
  -6.0943600000000001e-02
  -7.6385499999999995e-02
  -8.0253600000000008e-02
  -7.1685799999999994e-02
  -6.1569200000000004e-02
  -5.4260249999999996e-02
  -6.7199700000000001e-02
  -6.5528900000000001e-02
  -5.3680400000000003e-02
  -4.0397650000000000e-02
  -3.6872849999999999e-02
  -4.4601450000000001e-02
  -4.9667349999999999e-02
  -3.6911050000000001e-02
  -2.2438050000000001e-02
  -1.7005904999999998e-02
  -2.0774855000000002e-02
  -2.8762850000000000e-02
  -2.5680550000000000e-02
  -2.1743799999999996e-03
   1.3114934999999999e-02
   3.0517549999999997e-03
  -6.2103079999999995e-03
  -5.4855235000000006e-03
   1.3191230000000002e-02
   2.6466400000000001e-02
   2.6657100000000000e-02
   1.7227200000000002e-02
   1.0963420000000000e-02
   2.8861999999999999e-02
   3.4217850000000001e-02
   3.2836900000000002e-02
   3.0960099999999997e-02
   2.4436949999999999e-02
   3.7078849999999997e-02
   5.0148050000000000e-02
   4.8759449999999996e-02
   3.6216749999999999e-02
   2.3109450000000000e-02
   3.4416200000000001e-02
   4.7759999999999997e-02
   4.4250499999999998e-02
   2.5741599999999996e-02
   1.2924214999999999e-02
   2.8678900000000000e-02
   4.1259749999999998e-02
   4.3060299999999996e-02
   3.3203150000000001e-02
   2.9106099999999999e-02
   3.7529000000000000e-02
   4.9072249999999998e-02
   5.2131650000000002e-02
   3.5713200000000001e-02
   3.1265249999999994e-02
   3.3210749999999997e-02
   4.5517000000000002e-02
   5.6083700000000000e-02
   4.8797599999999997e-02
   3.7529000000000000e-02
   3.2989500000000005e-02
   4.8110950000000000e-02
   5.2871700000000008e-02
   3.7765500000000000e-02
   1.9531250000000000e-02
   1.2695314999999999e-02
   2.9212950000000001e-02
   3.9108299999999999e-02
   3.1768800000000000e-02
   2.1553050000000001e-02
   1.6059850000000001e-02
   3.1135549999999998e-02
   3.7612899999999998e-02
   3.5812350000000000e-02
   1.6670200000000000e-02
   9.9640100000000006e-03
   3.8169850000000005e-02
   4.8065200000000002e-02
   3.6666900000000002e-02
   2.7069099999999999e-02
   1.5716549999999999e-02
   3.0395550000000000e-02
   4.3571449999999998e-02
   5.0056450000000002e-02
   3.9268499999999998e-02
   3.3432000000000003e-02
   4.6615600000000000e-02
   5.4634100000000005e-02
   6.1622650000000001e-02
   4.6630850000000001e-02
   3.0761750000000001e-02
   3.9337150000000001e-02
   4.5082049999999999e-02
   4.5768699999999995e-02
   3.4416200000000001e-02
   1.8882750000000000e-02
   2.6313799999999998e-02
   3.9657600000000001e-02
   4.9797049999999995e-02
   3.7872349999999999e-02
   2.7267449999999999e-02
   2.6359550000000002e-02
   4.0801999999999998e-02
   4.5990000000000003e-02
   3.8032499999999997e-02
   1.6914350000000002e-02
   2.5009150000000001e-02
   4.0382399999999999e-02
   4.1427600000000002e-02
   2.5268550000000001e-02
   1.9508350000000001e-02
   1.1528020000000000e-02
   2.7603150000000000e-02
   5.2017200000000000e-02
   4.2121850000000002e-02
   2.6863100000000001e-02
   2.2918700000000000e-02
   4.3251049999999999e-02
   5.5007950000000000e-02
   4.6806349999999997e-02
   2.5146450000000001e-02
   3.9413450000000003e-02
   4.8561099999999996e-02
   2.2697450000000001e-02
   2.8259300000000001e-02
   1.6731250000000000e-02
   6.8893399999999999e-03
   1.9851700000000000e-02
   3.5087600000000004e-02
   3.0258199999999999e-02
   9.5977600000000003e-03
  -7.8506649999999997e-03
  -4.5775999999999998e-04
   1.5922530000000001e-02
   2.5238049999999998e-02
   1.7486550000000000e-02
   8.2397449999999997e-03
   6.3323950000000002e-03
   1.6441330000000001e-02
   2.3300149999999999e-02
   1.5800485000000000e-02
   3.2806000000000003e-04
   4.5166049999999999e-03
   1.8745400000000002e-02
   2.2598250000000000e-02
   9.4909449999999989e-03
  -1.5716550000000001e-03
  -8.8577450000000002e-03
   8.1100249999999999e-03
   1.9744850000000001e-02
   9.6893069999999994e-03
  -1.7089849999999999e-03
  -2.5863600000000002e-03
   1.5106200000000000e-02
   2.4894699999999999e-02
   1.3427749999999999e-02
  -8.3924999999999885e-05
  -1.7089850000000001e-03
   1.5335100000000001e-02
   2.5398249999999997e-02
   2.3681649999999999e-02
   9.6130500000000019e-04
  -1.4648450000000000e-02
   1.0681150000000001e-03
   1.7471319999999999e-02
   1.4564515000000000e-02
   9.5977949999999992e-03
  -1.3809200000000001e-03
   7.3928700000000002e-03
   1.9363399999999999e-02
   2.3872400000000002e-02
   9.8800450000000005e-03
   9.4604600000000008e-04
   1.2176500000000000e-02
   2.2644049999999999e-02
   2.3704499999999996e-02
   1.1772160000000000e-02
   4.3029750000000005e-03
   7.1258550000000004e-03
   1.9920350000000000e-02
   2.3635850000000000e-02
   1.8913250000000000e-02
   1.8844600000000001e-03
   1.8920899999999999e-03
   1.6555799999999999e-02
   1.6883840000000001e-02
   2.5558249999999999e-03
  -5.5313165000000003e-03
  -8.7737819999999991e-04
   1.1199960000000000e-02
   1.4091470000000000e-02
   6.5612500000000002e-04
  -1.5563969999999999e-03
  -7.6904299999999998e-03
   7.4081599999999996e-03
   1.8569950000000002e-02
   7.9727355000000014e-03
  -6.5841499999999996e-03
  -8.8348500000000000e-03
   8.5525600000000007e-03
   1.6509985000000001e-02
   1.5418995000000001e-02
   3.4484900000000002e-03
  -5.9738150000000004e-03
   6.8130650000000001e-03
   1.6876200000000001e-02
   1.8226599999999999e-02
  -2.8228500000000017e-04
  -6.9351200000000003e-03
   2.5253310000000000e-03
   1.3519264999999999e-02
   1.4266945000000000e-02
   6.9961650000000004e-03
  -6.7138680000000000e-04
   1.4495999999999997e-04
   1.6593950000000000e-02
   1.9470200000000000e-02
  -1.0681149999999999e-03
  -1.7990150000000000e-02
  -1.1611949999999999e-02
   7.2021550000000000e-03
   2.0400999999999999e-02
   1.2374860000000000e-02
   4.3487550000000002e-03
   2.8076150000000003e-03
   1.8150349999999999e-02
   2.5894150000000001e-02
   1.4495865000000000e-02
   8.7737999999999998e-04
  -1.1444100000000000e-03
   1.3290405000000000e-02
   2.2682200000000000e-02
   1.4167809999999999e-02
  -1.7852800000000000e-03
  -5.5236850000000004e-03
   1.5937799999999998e-02
   2.9747000000000003e-02
   1.7807030000000001e-02
  -1.2664800000000002e-03
  -7.1487399999999998e-03
   6.5536350000000004e-03
   1.5480065000000001e-02
   1.0520949999999999e-02
   2.7465799999999998e-03
  -5.6457550000000006e-03
   4.1885359999999996e-03
   1.0765068000000001e-02
   1.3183576000000001e-02
   6.7443618000000002e-03
  -5.9509000000000005e-04
   7.8735149999999993e-03
   1.7150900000000000e-02
   2.1438600000000002e-02
  -1.9835999999999986e-04
  -1.1650094999999999e-02
  -1.4877349999999998e-03
   1.2451150000000001e-02
   1.8196125000000000e-02
   1.2840290000000001e-02
   6.7672749999999997e-03
   1.1718740000000000e-02
   2.0133999999999999e-02
   2.4429350000000002e-02
   1.1199940000000000e-02
   5.7220500000000000e-04
  -9.6130399999999996e-04
   1.2756370000000000e-02
   1.7059350000000001e-02
   3.4942549999999999e-03
  -1.2252784999999999e-02
  -1.7738350000000000e-02
  -4.2953499999999999e-03
   4.7988900000000001e-03
  -6.8054094999999998e-03
  -1.0803235000000001e-02
  -1.0780349999999999e-02
   4.7302250000000002e-03
   1.1726380000000000e-02
   5.0659050000000008e-03
  -3.0746500000000000e-03
  -8.0184899999999996e-03
   1.4648450000000002e-03
   6.7138850000000002e-03
   2.1743800000000005e-03
  -6.1340349999999995e-03
  -1.3046300000000000e-02
  -2.3727449999999999e-03
   1.3824464999999999e-02
   1.4328000000000000e-02
  -5.8746500000000012e-04
  -7.1563749999999995e-03
   6.6757199999999996e-03
   2.1186850000000000e-02
   1.8318149999999998e-02
   4.7912550000000003e-03
  -8.0566400000000003e-03
  -1.9683825000000000e-03
   6.0272090000000004e-03
   6.5307550000000009e-03
  -6.6070759999999999e-03
  -1.4961249999999999e-02
  -1.3893100000000000e-02
  -9.1781699999999994e-03
  -2.3803500000000007e-03
  -1.2222310000000000e-02
  -1.6067499999999998e-02
  -8.3999649999999988e-03
   9.8113999999999996e-03
   1.4938375000000000e-02
  -2.7084150000000000e-03
  -1.8913250000000000e-02
  -1.6395550000000002e-02
   5.7982999999999993e-04
   8.4228505000000006e-03
  -1.6860949999999999e-03
  -1.1993400000000000e-02
  -1.3458250000000000e-02
  -2.2811880000000000e-03
   4.5547650000000005e-03
  -3.6926099999999998e-03
  -1.5220649999999999e-02
  -2.0797700000000002e-02
  -6.4086999999999998e-04
   2.3819000000000000e-02
   2.0027199999999998e-02
   6.1492949999999999e-03
  -6.1187749999999999e-03
   9.9258500000000000e-03
   1.6372660000000001e-02
   1.2123119999999999e-02
   2.0217890000000000e-03
  -8.9416499999999989e-03
  -2.8762810000000001e-03
   8.9568849999999995e-03
   1.1520370000000000e-02
  -6.3705293999999999e-03
  -1.5464800000000001e-02
  -7.5759950000000003e-03
   1.0910049999999999e-03
   3.0365050000000001e-03
  -6.9427550000000001e-03
  -1.8470750000000001e-02
  -1.1543285000000000e-02
   7.1563649999999996e-03
   1.7402645000000001e-02
   1.7242450000000001e-03
  -1.4785750000000000e-02
  -1.3015750000000000e-02
   7.2479450000000004e-03
   2.3689300000000000e-02
  -2.1209699999999998e-03
  -1.4610300000000000e-02
  -9.2926250000000005e-03
   6.4850100000000003e-03
   9.3765450000000000e-03
  -4.3182300000000002e-03
  -1.5251150000000002e-02
  -1.1131250000000001e-02
   7.4310050000000001e-03
   2.2758500000000001e-02
   1.9042949999999999e-02
   5.1193250000000001e-03
  -4.0283200000000002e-03
   9.2621049999999996e-03
   1.8211365000000000e-02
   7.8811419999999990e-03
  -5.0659199999999998e-03
  -1.3389550000000000e-02
  -3.0364950000000002e-03
   1.0063170000000000e-02
   9.9029549999999997e-03
  -6.6986199999999997e-03
  -1.4930700000000002e-02
  -2.2888199999999996e-03
   1.4282210000000000e-02
   1.7257695000000000e-02
   3.7231249999999999e-03
  -4.6081550000000001e-03
   5.1650999999999997e-03
   1.6410845000000000e-02
   1.4755225000000000e-02
   1.5260000000000013e-05
  -1.2001049999999999e-02
  -6.5307649999999991e-03
   6.0882764999999998e-03
   1.1077864999999999e-02
   1.5258900000000002e-03
  -5.8898950000000009e-03
  -1.2359635000000000e-03
   9.8343049999999998e-03
   1.7196645000000000e-02
   1.0284410000000001e-02
  -1.8310500000000003e-04
  -3.5629279999999999e-03
   1.4755245000000000e-02
   2.3551949999999999e-02
   1.3732905000000000e-02
  -9.3078365000000003e-04
  -1.0154705000000000e-02
   6.7367314999999999e-03
   1.8280024999999998e-02
   6.7443850000000003e-03
  -9.0789600000000005e-03
  -1.7639149999999999e-02
  -3.4179700000000002e-03
   7.7285949999999996e-03
   3.8528199999999999e-03
  -4.3792850000000001e-03
  -1.3320900000000000e-02
  -5.2642499999999985e-04
   1.5594499999999999e-02
   1.9660950000000000e-02
   2.3269670000000001e-03
  -1.5899650000000001e-02
  -3.9138799999999998e-03
   5.3558149999999999e-03
   8.1253050000000011e-03
  -5.9967200000000005e-03
  -1.1840800000000000e-02
  -7.7056900000000003e-04
   1.0330219999999999e-02
   1.0765060000000000e-02
  -5.3939799999999996e-03
  -1.9668600000000001e-02
  -1.2008649999999999e-02
   4.4097874999999998e-03
   9.7503799999999995e-03
  -2.9296999999999999e-03
  -1.0505680000000000e-02
  -2.8076185000000002e-03
   1.4694220000000001e-02
   2.4909950000000000e-02
   1.1611949999999999e-02
   3.2882700000000003e-03
   7.0495599999999999e-03
   2.0805350000000000e-02
   3.0807450000000000e-02
   4.9133200000000005e-03
  -8.5601700000000006e-03
  -1.7257700000000001e-02
  -2.2887999999999988e-04
   3.6620999999999997e-03
  -3.1890799999999995e-03
  -9.8266800000000008e-03
  -1.4152550000000000e-02
  -7.6299999999997897e-06
   7.1868850000000005e-03
  -7.0190500000000006e-04
  -1.6845750000000000e-02
  -2.5466900000000001e-02
  -1.2504564999999999e-02
  -3.3874649999999997e-03
  -6.1798100000000000e-03
  -1.7089799999999999e-02
  -2.7709950000000001e-02
  -1.7448400000000003e-02
  -8.7051500000000000e-03
  -1.6288755000000002e-02
  -2.4612450000000001e-02
  -2.4047849999999999e-02
  -1.5129099999999999e-02
   6.0119700000000002e-03
   9.3536495000000001e-03
  -4.5776200000000001e-03
  -1.1932350000000000e-02
  -8.8958500000000003e-03
   3.2424850000000002e-03
   6.5536699999999993e-03
  -1.0665905000000000e-02
  -1.8791200000000001e-02
  -1.5197750000000001e-02
  -2.3574850000000003e-03
  -5.1956399999999996e-03
  -1.5480030000000001e-02
  -1.7196650000000001e-02
  -1.5365600000000000e-02
   9.3078499999999995e-04
   1.4801045000000001e-02
   1.0223400000000005e-03
  -1.4061000000000001e-02
  -1.5449500000000000e-02
  -1.5259000000000019e-04
   9.2468350000000001e-03
   2.7770900000000003e-03
  -1.1901845000000001e-02
  -2.0317100000000001e-02
  -1.0932925000000000e-02
   1.9149749999999998e-03
   1.5335099999999996e-03
  -1.6273500000000000e-02
  -2.5703400000000001e-02
  -1.4884949999999999e-02
   3.4561350000000004e-03
   6.4392099999999999e-03
  -3.5705550000000004e-03
  -1.2939450000000000e-02
   2.4566630000000000e-03
   1.3046245000000001e-02
   1.7524724999999998e-02
   4.9362420000000004e-03
  -6.2637300000000003e-03
   5.2185050000000000e-03
   1.5174840000000000e-02
   1.8165605000000001e-02
  -2.1285900000000005e-03
  -1.4610290000000001e-02
  -1.2969985000000000e-02
  -5.2566749999999997e-03
   4.1808850000000005e-03
  -2.3651299999999996e-03
  -8.8271900000000004e-03
  -5.7678250000000007e-03
   1.3618465000000000e-02
   1.8531795000000000e-02
   5.4702650000000002e-03
  -7.9269500000000003e-03
  -1.0063160000000000e-02
   5.2871699999999999e-03
   1.0635376500000000e-02
  -4.0283200000000002e-03
  -1.6799950000000001e-02
  -2.4490350000000001e-02
  -7.0342900000000003e-03
  -1.4877149999999997e-03
  -8.1253050000000011e-03
  -2.0004300000000003e-02
  -2.0416250000000000e-02
   8.3925000000000102e-05
   1.1062605000000001e-02
   2.1286200000000003e-03
  -1.4320349999999999e-02
  -1.5708900000000001e-02
  -3.8375850000000001e-03
   2.1209500000000004e-03
   5.5236749999999996e-03
  -1.1184700000000001e-02
  -2.0629900000000000e-02
  -1.0078425000000000e-02
   9.6891499999999988e-04
  -3.4790050000000003e-03
  -1.4724740000000000e-02
  -2.6535000000000000e-02
  -1.2176500000000000e-02
   4.9133500000000004e-03
   1.2489308000000001e-02
  -1.2664599999999996e-03
  -1.0818459999999998e-02
  -1.4419580000000000e-02
  -1.1673000000000000e-03
   6.8283200000000006e-03
  -1.1993404999999999e-02
  -2.0187350000000000e-02
  -1.5678399999999999e-02
   3.0899200000000003e-03
   1.3710040000000000e-02
   2.5939850000000000e-03
  -3.9520279999999998e-03
  -7.1487449999999998e-03
  -1.0528549999999997e-03
   2.0752150000000000e-03
  -6.6070550000000006e-03
  -1.1688245000000000e-02
  -7.8887699999999998e-03
   1.2313850000000001e-02
   2.0690900000000002e-02
   1.3748155000000001e-02
   3.6163338000000001e-03
  -3.9062500000000000e-03
   1.1917135000000001e-02
   2.2804249999999998e-02
   1.6433700000000002e-02
  -3.6163315000000001e-03
  -1.5785250000000001e-02
  -3.4561150000000005e-03
   6.5307600000000000e-03
   4.8675699999999999e-03
  -5.2795500000000000e-03
  -1.3282764999999998e-02
  -3.5476950000000000e-03
   9.9334585000000006e-03
   1.4343255000000001e-02
  -1.2283349999999997e-03
  -1.0871885000000001e-02
  -1.6403200000000002e-03
   9.9487124999999999e-03
   1.5380860000000000e-02
   1.0757399999999999e-03
  -1.4556850000000000e-02
  -1.4099100000000000e-02
  -1.6479500000000005e-03
   3.3416650000000002e-03
  -8.8196000000000004e-03
  -1.3801549999999999e-02
  -1.3282749999999999e-02
  -7.1334705000000000e-03
   2.0599499999999996e-03
  -7.8277650000000004e-03
  -1.0101309999999999e-02
  -1.0406515000000000e-02
   3.0975350000000002e-03
   1.4793395000000001e-02
   9.6664200000000002e-03
  -5.6915249999999994e-03
  -1.4518750000000000e-02
   2.5939950000000000e-03
   1.4244105000000000e-02
   1.1337270000000000e-02
  -1.1901849999999999e-03
  -9.7656150000000001e-03
  -2.5711049999999997e-03
  -6.2559999999999959e-04
  -2.2811699999999999e-03
  -1.9172649999999999e-02
  -2.5703449999999999e-02
  -1.3793950000000001e-02
   2.5863500000000003e-03
   7.2631799999999993e-03
  -5.2642500000000007e-04
  -2.4566649999999998e-03
   5.3176904999999997e-03
   1.3999920000000001e-02
   9.2773300000000003e-03
  -7.2936935000000001e-03
  -1.9012450000000000e-02
  -1.0543799999999999e-02
  -2.9602050000000005e-03
  -1.0818480000000000e-02
  -2.3895300000000001e-02
  -3.5728450000000002e-02
  -2.6931799999999999e-02
  -7.0571875000000001e-03
  -2.2048950000000001e-03
  -1.3572710000000002e-02
  -1.7913800000000001e-02
  -1.7417900000000000e-02
  -5.1727500000000003e-03
  -1.1901799999999999e-03
  -9.5825199999999989e-03
  -1.9737250000000001e-02
  -1.7822249999999998e-02
  -5.8670270000000004e-03
   5.3405000000000032e-04
  -1.0879494000000000e-02
  -2.0103449999999998e-02
  -2.0675699999999998e-02
  -1.0223400000000001e-03
   8.3007999999999988e-03
   1.9531349999999999e-03
  -7.9574350000000005e-03
  -1.0040310000000000e-02
   2.5482190000000000e-03
   6.7901799999999998e-03
  -4.2038199999999996e-03
  -1.5625000000000000e-02
  -2.1759050000000002e-02
  -8.4915049999999999e-03
   5.8288500000000000e-03
   5.1879949999999999e-03
  -9.1628800000000000e-03
  -1.7684949999999998e-02
  -4.6615850000000002e-03
   4.8370300000000008e-03
   8.9340400000000007e-03
   1.2893649999999998e-03
  -5.1117000000000003e-04
   1.0795619999999999e-02
   2.2369350000000000e-02
   2.5604200000000001e-02
   1.3084409999999999e-02
   3.4561150000000001e-03
   2.3880000000000004e-03
   9.7351299999999998e-03
   1.2130725000000000e-02
  -3.1509450000000005e-03
  -1.3145400000000000e-02
  -5.0201400000000002e-03
   5.8975349999999998e-03
   4.9590950000000002e-03
  -1.0665902499999999e-02
  -2.1392849999999998e-02
  -2.2163400000000000e-02
  -4.6005250000000003e-03
   7.4462899999999995e-03
   9.8421500000000009e-04
  -1.1260985000000001e-02
  -1.3252250000000000e-02
  -3.7918249999999995e-03
   2.8534150000000002e-03
  -8.3770700000000003e-03
  -1.8051150000000002e-02
  -1.9851649999999998e-02
  -5.1116969499999994e-03
   4.6386499999999994e-03
   4.4250500000000016e-04
  -1.5884400000000000e-02
  -2.5558450000000000e-02
  -2.0294149999999997e-02
  -8.0871815000000003e-03
  -4.3564049999999998e-03
  -1.2092575000000000e-02
  -1.5701300000000001e-02
  -2.1591200000000000e-03
   1.6006494999999999e-02
   1.7463699999999999e-02
   7.8964350000000003e-03
  -1.9989050000000000e-03
   1.1070250000000000e-02
   1.7509500000000001e-02
   1.9546500000000001e-02
  -1.2512199999999997e-03
  -1.0856600000000001e-02
  -5.6457499999999997e-03
   6.8817000000000001e-03
   1.1367795000000000e-02
   5.6457500000000032e-04
  -1.0505685000000001e-02
  -4.7302500000000007e-04
   8.1939500000000002e-03
   1.3130195000000001e-02
  -9.9944999999999938e-04
  -1.2306190000000002e-02
  -1.3778700000000000e-02
   1.0986299999999997e-03
   6.5536300000000004e-03
  -6.2332059999999998e-03
  -2.0400999999999999e-02
  -2.1186850000000000e-02
  -4.8599225000000006e-03
   7.0571729999999999e-03
  -1.4572150000000000e-03
  -1.1680599999999999e-02
  -2.0828250000000000e-02
  -2.2964500000000002e-03
   3.3951000000000003e-03
  -1.0223200000000002e-03
  -8.1329499999999999e-03
  -1.3038650000000001e-02
   1.6860960000000000e-03
   9.8190399999999994e-03
   2.8991700000000004e-03
  -7.7438300000000002e-03
  -1.9493099999999999e-02
  -9.5062150000000002e-03
   5.4702850000000001e-03
   6.2713850000000008e-03
  -1.3999949999999999e-02
  -2.4345400000000003e-02
  -1.4801050000000000e-02
   4.0436000000000031e-04
   5.6610100000000002e-03
  -6.4392085000000007e-03
  -1.1863749999999999e-02
  -7.3852549999999994e-03
   3.2882700000000003e-03
   8.6898600000000006e-03
  -3.3950750000000000e-03
  -1.2870795000000001e-02
  -1.4923100000000000e-02
  -1.0147100000000003e-03
   7.4462800000000004e-03
  -3.0365000000000001e-03
  -1.1825560000000001e-02
  -1.1177075000000002e-02
  -7.3241999999999990e-04
   7.7819499999999975e-04
  -4.9438249999999998e-03
  -1.1711104999999999e-02
  -1.2039200000000000e-02
  -7.9345499999999977e-04
   1.0543845000000000e-02
   3.8528300000000002e-03
  -7.9880000000000003e-03
  -1.4335650000000000e-02
  -5.7220469500000003e-03
   9.0790000000000055e-04
  -8.4914949999999999e-03
  -2.3170449999999999e-02
  -2.6954650000000000e-02
  -1.2519859999999999e-02
  -3.2653950000000004e-03
  -2.7770949999999998e-03
  -1.5899679999999999e-02
  -2.1621700000000001e-02
  -4.6157829999999992e-03
   8.3312950000000007e-03
   8.3389364999999997e-03
  -4.3334949999999997e-03
  -1.4381400000000001e-02
  -7.9879549999999997e-03
   1.3274900000000002e-03
   4.6005400000000002e-03
  -9.7885150000000011e-03
  -1.8806450000000002e-02
  -1.0375980000000000e-02
   1.4038100000000001e-03
   1.2245170000000000e-02
   2.3956300000000002e-03
  -4.4403080000000004e-03
   1.9836450000000000e-03
   1.2344359999999999e-02
   1.9088750000000002e-02
   7.8429934999999992e-03
  -7.9345500000000009e-04
   8.8501000000000009e-04
   1.3092050000000001e-02
   1.8402095000000000e-02
   8.9874499999999993e-03
  -7.7819999999999994e-04
  -3.3645599999999999e-03
   1.0520954999999999e-02
   2.0324700000000001e-02
   6.5002250000000001e-03
  -5.4321300000000003e-03
  -1.6731250000000000e-02
  -3.3493000000000004e-03
   5.7296499999999993e-03
  -1.9455099999999997e-03
  -1.3832114999999999e-02
  -1.8585200000000000e-02
  -3.2653750000000000e-03
   1.0429394999999999e-02
   5.5008050000000001e-03
  -8.5067849999999993e-03
  -1.7578099999999999e-02
  -1.0078439999999999e-02
   1.4266950000000004e-03
   3.6086799999999995e-03
  -4.3182359999999996e-03
  -1.5823350000000000e-02
  -5.8898900000000001e-03
   1.1672970000000001e-02
   9.3459900000000002e-03
  -4.1885393999999999e-03
  -1.3549800000000001e-02
   8.3923500000000002e-04
   1.0383610000000001e-02
   1.1367775000000000e-02
   1.3275150000000000e-03
  -6.6680899999999998e-03
  -5.5923499999999994e-03
   1.0116554999999999e-02
   1.5319805000000001e-02
   5.6533950000000003e-03
  -1.3351450000000001e-02
  -1.8959049999999998e-02
  -9.5062199999999993e-03
  -2.4719349999999998e-03
  -1.0017388200000000e-02
  -2.1987949999999999e-02
  -1.7631549999999999e-02
   2.8915399999999997e-03
   1.7539960000000000e-02
   1.4686565000000000e-02
   7.7820000000000007e-03
   6.8664649999999991e-04
   1.0864240000000001e-02
   2.3918149999999999e-02
   1.4335614999999999e-02
  -3.8150000000000033e-05
  -7.7209449999999999e-03
   1.3580299999999999e-03
   1.1962900000000000e-02
   1.3397240000000001e-02
   9.9179999999999928e-05
  -6.7291250000000007e-03
   1.2741049999999998e-03
   7.7895995000000001e-03
   4.7149449999999999e-03
  -3.7841800000000003e-03
  -5.9967000000000006e-03
   4.7607450000000003e-03
   1.7883299999999998e-02
   2.4665850000000000e-02
   1.5670750000000001e-02
   6.7749050000000003e-03
   1.5075700000000001e-02
   2.4971000000000000e-02
   2.4696349999999999e-02
   5.1803700000000001e-03
  -3.7994370000000001e-03
  -1.0528549999999999e-03
   1.0749820000000000e-02
   1.5792845000000000e-02
   1.5254999999999956e-04
  -8.1176949999999994e-03
  -3.5629249999999998e-03
   8.7738000000000000e-03
   2.2132850000000003e-02
   9.5367344999999996e-03
  -7.3928850000000001e-03
  -9.4986150000000002e-03
   7.2478999999999946e-04
   1.5678415000000001e-02
   8.8729944999999984e-03
   4.7302499999999996e-04
  -8.6975250000000007e-04
   7.4081450000000005e-03
   9.6053865000000002e-03
   6.8206834999999999e-03
  -8.7356750000000000e-03
  -1.5586849999999999e-02
  -5.2337649999999996e-03
   9.2620855000000012e-03
   9.5519980000000008e-03
  -1.4114349999999999e-03
  -9.2544649999999999e-03
   8.2092199999999997e-03
   2.0385750000000001e-02
   1.8745410000000001e-02
   4.7531114999999997e-03
  -6.2942500000000004e-03
  -2.2890000000000020e-05
   7.9422099999999999e-03
   7.1792399999999999e-03
  -5.5084000000000001e-03
  -1.6357400000000001e-02
  -1.0368350000000000e-02
   7.7132950000000002e-03
   1.5945424999999999e-02
   4.0435999999999988e-04
  -7.8125000000000000e-03
  -1.3351449999999998e-03
   1.1032100000000000e-02
   1.8791175000000000e-02
   5.8135850000000005e-03
  -8.3542050000000000e-03
  -1.4183049999999999e-02
   9.8419500000000021e-04
   1.0032636000000001e-02
  -8.2244820000000000e-03
  -2.3162849999999999e-02
  -2.3498550000000000e-02
  -9.1857750000000002e-03
  -4.5776499999999973e-04
  -8.2931299999999993e-03
  -1.9981349999999998e-02
  -1.5670799999999999e-02
   3.4027090000000003e-03
   1.5579224999999999e-02
   9.7503490000000002e-03
  -2.0370450000000003e-03
  -6.6986099999999998e-03
   4.2266850000000000e-03
   1.4907850000000000e-02
   1.3259900000000002e-02
  -4.9591000000000001e-04
  -1.1589050000000000e-02
   2.0599379999999999e-03
   6.7749149999999994e-03
   2.6626800000000002e-03
  -9.2849649999999992e-03
  -2.3788449999999999e-02
  -1.1619545000000000e-02
   2.4032400000000001e-03
   4.4403250000000002e-03
  -8.8958600000000002e-03
  -1.6677850000000001e-02
  -6.2713650000000001e-03
   5.5389499999999999e-03
   9.5367449999999993e-03
  -7.2326845000000002e-03
  -9.8724599999999996e-03
  -1.1398314999999999e-02
  -3.0593899999999995e-03
  -3.0746399999999996e-03
  -2.0660400000000002e-02
  -2.7816750000000001e-02
  -2.3178100000000000e-02
  -1.3854955000000000e-02
  -9.0789649999999996e-03
  -1.7295850000000002e-02
  -2.7687049999999998e-02
  -2.5672899999999998e-02
  -9.7656050000000001e-03
   5.0582649999999993e-03
   5.5160299999999999e-03
   2.7923599999999998e-03
   2.1286005000000002e-03
   1.8096950000000001e-02
   2.1995549999999999e-02
   1.2001045000000002e-02
  -1.6021999999999998e-04
  -5.6991550000000000e-03
   7.5225850000000000e-03
   1.3153049999999999e-02
   1.4358535000000000e-02
   8.6135750000000001e-03
   3.2424949999999998e-03
   1.6426099999999999e-02
   2.3643499999999998e-02
   2.3941049999999998e-02
   6.0958799999999997e-03
  -4.5013399999999995e-03
   3.5705550000000000e-03
   1.3511679999999998e-02
   1.2825035000000000e-02
  -7.5073300000000004e-03
  -1.8836949999999998e-02
  -1.1955240000000001e-02
   1.4419550000000002e-03
   6.9809034999999998e-03
  -4.1275050000000001e-03
  -1.3977050000000001e-02
  -1.2924200000000000e-02
   2.1362499999999984e-04
   1.3130200000000000e-02
   2.2125249999999999e-03
  -6.6375694999999994e-04
   6.2332199999999994e-03
   2.4650550000000000e-02
   3.2615649999999996e-02
   1.7631500000000001e-02
   4.6997050000000002e-03
  -4.0588400000000002e-03
   5.7983410000000003e-03
   8.5525300000000009e-03
  -6.6833500000000002e-03
  -1.5701250000000000e-02
  -2.1163950000000001e-02
  -4.8522950000000004e-03
   9.0103100000000005e-03
   3.6163550000000004e-03
  -9.2391749999999988e-03
  -9.1552750000000009e-03
   9.7122299999999988e-03
   1.1802674999999999e-02
   2.0751949999999993e-03
  -8.9187699999999995e-03
  -9.8876799999999994e-03
   6.6375750000000002e-04
   4.9209700000000002e-03
   3.4026899999999999e-03
  -9.6664600000000000e-03
  -1.4831549999999999e-02
  -4.0740949999999998e-03
   4.3105850000000005e-03
  -1.9836400000000001e-03
  -2.6763949999999998e-02
  -3.0746449999999998e-02
  -1.5563950000000000e-02
  -3.5400550000000003e-03
   8.2626330000000001e-03
   6.1035000000000082e-05
  -3.6392199999999999e-03
   1.3427719999999999e-03
   1.3442969999999999e-02
   2.2544850000000002e-02
   2.9830949999999998e-03
  -9.6435400000000008e-03
  -9.0866200000000001e-03
   6.0577349999999999e-03
   8.6746254999999998e-03
   9.1552500000000037e-04
  -1.4663700000000000e-02
  -9.6588249999999994e-03
   4.0054299999999999e-03
   1.3198864999999999e-02
   4.4250499999999998e-03
  -6.6451800000000005e-03
  -1.3900750000000000e-02
  -4.0740954999999995e-03
   7.1792449999999990e-03
   3.0975350000000002e-03
  -7.4615500000000000e-03
  -9.1323949999999997e-03
   3.5400399999999999e-03
   1.5830980000000001e-02
   1.1482220000000001e-02
  -5.6991600000000000e-03
  -1.3832100000000000e-02
  -5.3558349999999998e-03
   6.3705619999999998e-03
   4.3639999999999998e-03
  -6.6833700000000001e-03
  -1.3847350000000000e-02
  -8.4457249999999994e-03
   2.3345950000000001e-03
   1.6174350000000000e-03
  -1.1825550000000001e-02
  -2.6504500000000000e-02
  -1.7890949999999999e-02
  -9.6359250000000000e-03
  -5.6686350000000000e-03
  -1.9401550000000000e-02
  -2.7938850000000001e-02
  -1.8707250000000002e-02
  -2.8228499999999974e-04
   1.0452350000000003e-03
  -1.2344359999999999e-02
  -1.8585200000000000e-02
  -1.7875650000000000e-02
   4.9591000000000001e-04
   5.0277700000000000e-03
  -4.1961500000000001e-03
  -1.3236999999999999e-02
  -1.3992299999999999e-02
   1.3656650000000003e-03
   3.6545049999999997e-03
  -2.0599600000000000e-03
  -1.4739990000000001e-02
  -1.9027700000000002e-02
  -4.7912600000000003e-03
   4.1351150000000000e-03
  -3.5095350000000003e-03
  -1.2680050000000000e-02
  -1.7517049999999999e-02
  -2.9373190000000003e-03
   1.3854965000000000e-02
   1.1199930000000000e-02
   1.8310499999999981e-04
  -3.5095199999999995e-03
   1.0093705000000000e-02
   2.2819500000000000e-02
   2.2697450000000001e-02
   5.7449300000000005e-03
  -6.0577400000000007e-03
  -1.6555789999999999e-03
   9.3688899999999995e-03
   1.1138910000000000e-02
  -7.8277450000000005e-03
  -2.0233149999999998e-02
  -1.0658265000000000e-02
  -2.4108699999999999e-03
  -3.2348650000000000e-03
  -1.4114375000000000e-02
  -1.6502349999999999e-02
  -8.0337749999999999e-03
   1.2145980000000001e-02
   1.6128530000000002e-02
   3.7536700000000002e-03
  -5.8898900000000001e-03
  -9.0637349999999998e-03
   2.2048949999999997e-03
   1.2825025000000000e-02
  -1.2435949999999997e-03
  -1.1100785000000000e-02
  -6.5612800000000009e-03
   3.3035300000000003e-03
   8.2397389999999994e-03
  -4.7454799999999998e-03
  -1.7837499999999999e-02
  -1.3862599999999999e-02
   5.2795289999999998e-03
   1.4892565000000000e-02
   2.8228899999999998e-03
  -4.3258649999999999e-03
  -8.7203999999999997e-03
   7.9346000000000017e-04
   1.6052235000000002e-02
   1.2741084999999999e-02
   3.4713599999999997e-03
  -4.5012999999999997e-04
   1.2390135000000000e-02
   1.7478924999999999e-02
   1.6174325000000000e-02
  -2.4719250000000007e-03
  -1.2046800000000000e-02
  -2.1820069999999997e-03
   4.6005049999999995e-03
   1.1894219999999999e-02
  -1.1444100000000002e-03
  -9.9029649999999997e-03
  -4.4097900000000002e-03
   5.5541849999999997e-03
   5.2108850000000002e-03
  -7.0419450000000008e-03
  -1.5350349999999999e-02
  -8.6746250000000000e-03
   5.9509499999999991e-04
   5.5694449999999993e-03
  -5.2413749999999995e-03
  -1.7387400000000001e-02
  -1.6448950000000000e-02
  -1.0986305000000000e-02
  -1.9149800000000006e-03
  -8.0337500000000010e-03
  -1.4968849999999999e-02
  -1.0147099999999999e-02
   5.9585549999999999e-03
   1.6937275000000002e-02
   6.4697325000000003e-03
  -7.9345550000000005e-04
  -8.5754549999999992e-03
   2.5939950000000000e-03
   8.2168649999999985e-03
  -2.6016300000000002e-03
  -2.1560650000000001e-02
  -2.5131199999999999e-02
  -1.1489869999999999e-02
  -3.3188050000000002e-03
  -8.3389450000000004e-03
  -1.6082750000000000e-02
  -2.2155750000000002e-02
  -7.7209500000000007e-03
   6.4544850000000003e-03
   6.0958999999999996e-03
  -8.8958900000000000e-03
  -1.4961249999999999e-02
  -8.1252900000000003e-03
   6.6833699999999992e-03
   1.0284400500000001e-02
   2.0904550000000002e-03
  -8.4075950000000003e-03
  -4.9056999999999998e-03
   6.8054199999999995e-03
   6.8511950000000009e-03
  -9.7274549999999994e-03
  -1.9180300000000001e-02
  -1.9622799999999999e-02
   2.7465499999999995e-04
   9.5290979999999997e-03
  -2.4871799999999999e-03
  -1.2039170000000000e-02
  -1.2695300000000000e-02
   5.0201450000000002e-03
   1.4274594999999999e-02
   2.4719399999999997e-03
  -9.7503499999999996e-03
  -1.0978700000000001e-02
  -2.2048950000000001e-03
   4.2037749999999999e-03
  -1.6326900000000004e-03
  -1.1528025000000001e-02
  -2.0401000000000002e-02
  -5.7678206000000001e-03
   2.1209549999999999e-03
  -5.8822549999999994e-03
  -1.5480000000000001e-02
  -1.6464250000000000e-02
   3.3569000000000003e-04
   1.1016830000000000e-02
   8.9721499999999999e-03
  -7.1945150000000003e-03
  -1.3923649999999999e-02
  -1.7471300000000002e-03
   3.1814750000000004e-03
  -2.0599000000000051e-04
  -9.5367600000000000e-03
  -2.3422249999999999e-02
  -1.1474590000000000e-02
   5.1956249999999997e-03
   7.0953499999999985e-04
  -1.5823379999999998e-02
  -1.9409200000000001e-02
  -1.2062075000000000e-02
  -3.2043499999999999e-04
   9.3079499999999989e-04
  -5.0811850000000002e-03
  -1.0345475000000000e-02
  -6.3171199999999999e-03
   1.7089849999999997e-03
   5.9967249999999996e-03
  -5.0048649999999998e-03
  -1.6570999999999999e-02
  -1.1459370000000000e-02
   1.7471349999999999e-03
   9.5748699999999992e-03
   2.4261500000000002e-03
  -7.2479250000000005e-03
  -3.6621099999999997e-03
   6.3552760000000000e-03
   1.6052239999999999e-02
   2.5939800000000005e-03
  -1.0307290000000000e-02
  -1.9996649999999998e-02
  -1.0101309999999999e-02
   6.2560999999999953e-04
  -6.1950500000000006e-03
  -2.0874000000000000e-02
  -2.7938850000000001e-02
  -9.3765250000000001e-03
   1.0604899999999999e-03
  -6.8664999999999872e-05
  -1.1962884999999999e-02
  -1.8493650000000000e-02
  -7.7972450000000004e-03
   7.6370385000000002e-03
   1.2130745000000000e-02
   7.1792650000000006e-03
  -1.2817369500000000e-03
   1.0620134999999999e-02
   2.1049499999999999e-02
   2.3414600000000001e-02
   8.6059599999999993e-03
   1.3198850000000000e-03
   1.1352520000000001e-02
   2.4055449999999999e-02
   2.2361750000000000e-02
   2.3422050000000000e-03
  -1.1566170000000001e-02
  -1.2969959999999999e-02
  -3.3492800000000001e-03
   5.1040700000000005e-03
  -1.6784700000000000e-03
  -9.5214649999999998e-03
  -3.6621104999999998e-03
   1.6014105000000001e-02
   2.7259800000000001e-02
   1.7395029999999999e-02
  -1.2969999999999995e-04
  -1.2664799999999999e-03
   1.0704020000000000e-02
   1.4434825000000000e-02
   3.7918150000000000e-03
  -1.2115465000000001e-02
  -1.4007600000000000e-02
   3.2653850000000000e-03
   1.7646789999999999e-02
   1.1428855000000000e-02
  -4.9743650000000006e-03
  -9.7427199999999999e-03
  -1.4496000000000018e-04
   1.0520944999999999e-02
   6.2713500000000002e-03
  -7.4310150000000009e-03
  -1.0688770000000000e-02
   4.4784550000000001e-03
   1.6761749999999999e-02
   8.9874080000000005e-03
  -2.2430400000000000e-03
  -9.9487350000000002e-03
   1.1825550000000001e-03
   1.3397204999999999e-02
   1.6067515000000001e-02
   1.8844600000000001e-03
  -1.2382525000000000e-02
  -7.4920450000000001e-03
   1.6326700000000001e-03
   4.8294250000000000e-03
  -8.6364750000000011e-03
  -1.8264750000000003e-02
  -9.8876799999999994e-03
   2.8533949999999999e-03
   6.2103250000000000e-03
  -4.5471399999999999e-03
  -2.0530699999999999e-02
  -1.4701849999999999e-02
  -2.4337799999999995e-03
   4.7607299999999995e-03
  -8.7661749999999993e-03
  -1.6098000000000001e-02
  -1.5609750000000000e-02
   9.6892999999999979e-04
   9.4909799999999996e-03
   3.8147000000000007e-04
  -5.5770849999999999e-03
  -6.0729950000000003e-03
   9.5062350000000000e-03
   2.1034249999999997e-02
   1.4984115000000001e-02
   4.2266865000000001e-03
  -1.5640274999999999e-03
   1.4945999999999999e-02
   2.1385149999999999e-02
   1.2687680000000000e-02
   1.2588549999999999e-03
  -7.0190449999999998e-03
   4.7454850000000007e-03
   7.3929000000000009e-03
   9.3080500000000069e-04
  -8.5602000000000004e-03
  -1.5365600000000000e-02
  -7.8888099999999996e-03
   4.9133449999999995e-03
   1.4823915000000000e-02
  -3.4942599999999999e-03
  -1.0482795000000000e-02
   5.6457499999999997e-03
   2.1003750000000002e-02
   2.2361750000000000e-02
   7.3776019999999996e-03
  -4.6844499999999997e-03
   1.5716574999999999e-03
   1.2397760000000001e-02
   1.7028789999999999e-02
   8.4380900000000005e-03
  -1.5411399999999999e-03
  -2.1209749999999998e-03
   2.7923600000000002e-03
   9.2468465000000010e-03
   2.1362299999999998e-03
  -3.0899050000000000e-03
  -1.4572125000000000e-03
   6.2789669999999999e-03
   1.9393899999999999e-02
   9.7122000000000007e-03
  -7.0190449999999998e-03
  -1.3183600000000000e-02
   7.6289999999999691e-05
   1.2878434999999999e-02
   9.7198300000000005e-03
  -5.2261400000000006e-03
  -1.0856600000000001e-02
   6.1034999999999974e-05
   4.9896300000000001e-03
   1.3122749999999995e-03
  -3.8070669999999999e-03
  -7.6293949999999998e-03
   3.4790050000000003e-03
   1.2962319999999999e-02
   1.1055008799999998e-02
   2.6168850000000002e-03
  -1.0437010000000000e-02
  -3.5858499999999981e-04
   9.6740799999999998e-03
   1.3198840000000000e-02
   1.2130750000000001e-03
  -1.0490400000000000e-02
  -5.6457500000000006e-03
   9.6283150000000001e-03
   1.2443559999999999e-02
  -4.9057200000000006e-03
  -1.3214099999999999e-02
  -4.6844450000000006e-03
   9.5443799999999999e-03
   1.5136695000000000e-02
   4.7607249999999995e-03
  -6.1034999999999865e-05
   5.7067849999999998e-03
   1.6967750000000000e-02
   2.5245650000000001e-02
   1.1871319999999999e-02
  -2.2506699999999998e-03
  -5.9738150000000004e-03
  -1.1443999999999994e-04
   6.0882349999999991e-03
  -3.0593900000000004e-03
  -1.2748735000000001e-02
  -1.4625550000000001e-02
  -3.5552750000000001e-03
   9.5672390000000000e-03
   1.6632150000000000e-03
  -5.4626359999999999e-03
  -8.4381100000000004e-03
   8.2015999999999999e-03
   1.8997199999999999e-02
   9.4223099999999997e-03
  -2.5787354999999997e-03
  -8.1176799999999986e-03
   3.5858150000000000e-03
   7.9193210000000000e-03
   6.0195950000000000e-03
  -9.0865849999999995e-03
  -1.2641949999999999e-02
  -4.5166000000000000e-03
   5.9966799999999999e-03
   2.7313100000000002e-03
  -9.0866049999999993e-03
  -1.3336199999999999e-02
  -6.1721800000000002e-03
   7.9574580000000006e-03
   1.6159054999999999e-02
   5.2261299999999998e-03
  -4.9209549999999994e-03
   3.6621050000000001e-04
   1.5228300000000000e-02
   2.2834800000000002e-02
   9.8113850000000006e-03
   7.7057000000000004e-04
   1.3427750000000000e-03
   1.2268085000000000e-02
   1.6502395000000000e-02
  -3.6239549999999999e-03
  -1.2512210000000001e-02
  -1.1703510000000000e-02
   2.1743599999999997e-03
   1.4190655000000000e-02
   5.4245000000000005e-03
  -1.4572150000000002e-03
  -5.0125099999999995e-03
   4.4708225000000008e-03
   5.9127599999999995e-03
  -2.9144150000000005e-03
  -1.2969949999999999e-02
  -1.8501299999999998e-02
  -6.0577499999999998e-03
   7.6370411999999999e-03
   5.1040699999999996e-03
  -7.7285950000000004e-03
  -9.0713500000000006e-03
   2.0065300000000003e-03
   9.3688855000000001e-03
   1.5098574999999999e-02
   5.6610290000000006e-03
  -3.3569500000000000e-04
   1.0620124999999999e-02
   1.8257130000000000e-02
   1.4595014999999999e-02
   5.5236700000000005e-03
  -4.3792750000000002e-03
  -4.5775000000000069e-05
   4.7454649999999991e-03
   4.4326850000000004e-03
  -1.3114944999999999e-02
  -2.2338850000000000e-02
  -1.6189550000000000e-02
  -7.1868800000000005e-03
  -1.1672999999999996e-03
  -3.5476599999999998e-03
  -5.7830814999999995e-03
   2.0217850000000003e-03
   1.6555775000000002e-02
   2.1545414999999998e-02
   4.9285749999999993e-03
  -5.1803589999999998e-03
  -5.2108750000000002e-03
   7.7438404999999998e-03
   1.0917665000000000e-02
   1.7166249999999998e-03
  -1.5396139999999999e-02
  -1.6296350000000001e-02
  -7.6249999999998194e-06
   9.6969650000000001e-03
  -3.2806499999999978e-04
  -1.9813549999999999e-02
  -2.4513199999999999e-02
  -1.2146005000000000e-02
   1.5335100000000005e-03
   2.2659099999999999e-03
  -6.3018800000000002e-03
  -1.1787450000000000e-02
  -4.7302245000000005e-03
   4.4784600000000001e-03
   1.6860950000000003e-03
  -9.4528349999999997e-03
  -1.6281100000000000e-02
  -4.9514750000000003e-03
  -8.6974999999999986e-04
