   1.3046275000000000e-02
  -1.4335650000000000e-02
  -9.1628999999999999e-03
   7.4844559999999996e-03
   2.0645150000000001e-02
  -7.1106000000000008e-03
  -2.1423350000000001e-02
  -1.3061500000000000e-02
   3.9977850000000002e-03
   1.4595020000000000e-02
   4.3792750000000002e-03
  -1.1352565000000000e-02
  -1.2870800000000000e-02
   8.1329150000000010e-03
   1.9630410000000001e-02
   1.5602095000000000e-02
   1.0154715000000000e-02
   1.4022799999999998e-02
   2.5512699999999999e-02
   3.7155149999999998e-02
   3.0311600000000001e-02
   6.9122549999999991e-03
   6.3629299999999993e-03
   1.4381425000000000e-02
   3.6087050000000002e-02
   2.5306699999999998e-02
   2.9678300000000003e-03
  -7.5683499999999997e-03
   5.9509499999999991e-04
   1.5274025000000000e-02
   2.1919254999999999e-02
   2.9449599999999999e-03
  -5.4245035000000004e-03
   1.5487649999999999e-03
   1.0482782000000000e-02
   7.7209449999999999e-03
  -5.6152600000000004e-03
  -2.1728549999999999e-02
  -9.9792300000000004e-03
   1.2214639999999999e-02
   7.7286000000000004e-03
  -4.7149799999999988e-03
  -1.6738900000000001e-02
  -2.0385750000000001e-02
  -8.1634500000000000e-04
   3.4255800000000001e-03
  -1.0955830000000000e-02
  -1.6616844999999998e-02
  -1.1215184999999999e-02
   1.4801049999999998e-03
   5.8212350000000001e-03
  -1.2435800000000002e-03
  -1.2763970000000001e-02
  -9.9105949999999995e-03
   3.8223399999999996e-03
   1.0070805000000000e-02
   3.0441449999999998e-03
  -1.5914950000000001e-02
  -1.8234250000000000e-02
  -8.2855270000000009e-03
   4.6539349999999997e-03
   2.0447000000000000e-03
  -3.9672750000000001e-03
  -6.6222900000000003e-03
   7.9116705000000006e-03
   1.7936720000000000e-02
   1.7852784999999999e-02
   5.2261249999999999e-03
  -7.2479429999999997e-03
   9.2392199999999994e-03
   2.1873449999999999e-02
   1.2016282000000000e-02
  -6.8817000000000010e-03
  -1.2466435000000001e-02
   4.8294050000000002e-03
   1.6731250000000000e-02
   2.2109964999999999e-02
   1.0505675499999999e-02
  -1.2832640000000001e-02
   2.8228499999999996e-04
   1.0261560000000001e-02
   1.9020084999999999e-02
   1.4320385000000000e-02
   4.6844540000000002e-03
   9.2544599999999991e-03
   1.9752499999999999e-02
   2.3803699999999997e-02
   1.8409749999999999e-02
   8.6059450000000003e-03
   9.7656300000000008e-03
   2.3216250000000001e-02
   2.3399349999999999e-02
   1.5968304999999999e-02
  -7.6300000000000066e-06
  -1.5106200000000000e-02
  -4.5623750000000005e-03
   6.2027100000000002e-03
   5.2490050000000002e-03
  -5.6075949999999999e-03
  -1.8768319999999999e-03
   9.4375499999999994e-03
   2.1911600000000000e-02
   1.6387929999999998e-02
   1.0604849999999995e-03
  -1.1955259999999999e-02
   8.6212149999999998e-03
   2.4856550000000002e-02
   2.3056049999999998e-02
   2.1743800000000001e-03
  -1.0765060000000000e-02
   1.2435900000000001e-03
   9.2925934999999998e-03
   1.0223369999999999e-02
  -3.8070850000000000e-03
  -1.3977099999999999e-02
   4.5318600000000004e-03
   2.2323599999999999e-02
   3.2783500000000000e-02
   1.5068075000000000e-02
   6.0348550000000004e-03
   1.0459900000000001e-02
   2.6878350000000002e-02
   3.6079399999999998e-02
   2.5505050000000001e-02
   1.3763450000000000e-02
   3.9901729999999996e-03
   2.1385200000000000e-02
   2.5314299999999998e-02
   7.6599049999999998e-03
  -4.8217800000000003e-03
   1.7623900000000000e-03
   2.0477249999999999e-02
   2.5062550000000003e-02
   1.3084400000000001e-02
   3.2119755000000003e-03
  -1.4648450000000000e-03
   1.3961790000000000e-02
   1.5953080000000001e-02
   2.2430499999999999e-03
  -7.7819949999999999e-03
  -6.6757200000000004e-03
   1.0002140000000000e-02
   2.5489800000000000e-02
   1.2039200000000000e-02
  -1.5640249999999997e-03
  -6.6223250000000001e-03
   1.2893655000000000e-02
   2.2804300000000000e-02
   1.7913800000000001e-02
  -2.7160700000000001e-03
  -2.7465800000000002e-03
   1.9363399999999999e-02
   3.4950250000000002e-02
   3.1318650000000003e-02
   9.3078729999999995e-03
  -4.4250499999999994e-04
   1.4442449999999999e-02
   2.8915400000000001e-02
   2.5245649999999998e-02
   1.1283874999999999e-02
  -3.7155150000000004e-03
   4.9209600000000003e-03
   1.7921465000000001e-02
   2.7969350000000000e-02
   2.1698014999999998e-02
   1.4923104999999999e-02
   2.0156850000000000e-02
   2.7709950000000004e-02
   3.1829799999999998e-02
   1.9065835000000000e-02
   1.6860954999999998e-03
   2.4948150000000001e-03
   2.0919800000000002e-02
   3.1845100000000001e-02
   1.4541634999999999e-02
  -9.0484799999999994e-03
  -7.0953400000000003e-03
   6.4849999999999999e-04
   1.2290945000000001e-02
   4.1198799999999994e-03
  -1.1909500000000000e-02
  -1.0879500000000000e-02
   3.3264169999999999e-03
   1.7196650000000001e-02
   1.2214660000000000e-02
   5.5847199999999996e-03
   4.7302249999999998e-04
   1.0917645000000000e-02
   2.4688749999999999e-02
   1.8524164999999999e-02
   4.2114200000000004e-03
  -8.3694549999999996e-03
   9.2620749999999998e-03
   2.1697999999999999e-02
   1.9157430000000000e-02
   3.1585500000000000e-03
  -8.5983199999999996e-03
   1.1749300000000002e-03
   1.1734020000000001e-02
   1.5289300000000000e-02
  -2.9754499999999975e-04
  -7.0037750000000003e-03
  -4.9591000000000023e-04
   8.5144290000000004e-03
   1.9927984999999999e-02
  -1.1444100000000002e-03
  -1.7044049999999998e-02
  -5.4092400000000001e-03
   8.3999875000000009e-03
   1.4801024999999999e-02
   5.4092550000000000e-03
  -1.4770505000000000e-02
  -9.8419099999999989e-03
  -1.8081650000000005e-03
  -1.9531300000000004e-03
  -1.5792865000000000e-02
  -3.2325750000000000e-02
  -2.6679999999999999e-02
   3.9215099999999996e-03
   8.0108450000000008e-03
   4.3411149999999996e-03
  -4.8522950000000004e-03
  -5.5084250000000000e-03
   1.2588499999999997e-03
   5.6152300000000006e-03
  -3.7536550000000007e-03
  -1.0208125000000000e-02
  -1.8699649999999998e-02
  -3.7689185000000002e-03
   7.5683564999999998e-03
   8.1787200000000004e-03
  -2.5176999999999999e-03
  -1.6441350000000000e-02
   1.6479500000000000e-03
   1.4556895000000000e-02
   7.4005000000000008e-03
  -3.1127949999999998e-03
  -1.9989050000000000e-03
   6.6299449999999999e-03
   1.2550330000000000e-02
   1.0177635500000001e-02
  -5.3100350000000003e-03
  -1.9180300000000001e-02
  -1.6418450000000001e-02
   8.3617999999999991e-03
   6.5307600000000000e-03
  -6.2332299999999993e-03
  -1.0192864999999999e-02
  -9.0942549999999990e-03
   2.2125500000000006e-04
   6.1492999999999999e-03
  -1.8844399999999998e-03
  -1.0330184999999999e-02
  -3.8375850000000001e-03
   1.7814650000000001e-02
   2.4398799999999998e-02
   2.7847149999999997e-03
  -5.6762549999999998e-03
  -2.4490338000000000e-03
   4.7073365000000001e-03
   1.1756900000000001e-02
   2.6016200000000002e-03
  -1.0902415000000000e-02
  -2.6077250000000000e-02
   3.6087049999999998e-03
   1.8325850000000001e-02
   6.3095200000000008e-03
  -1.2664750000000004e-03
  -1.2435900000000000e-02
   1.2130750000000001e-03
   1.7990150000000000e-02
   8.1939549999999993e-03
  -3.6239614999999995e-03
  -1.2382549999999999e-02
   2.2125249999999999e-03
   6.2408550000000000e-03
   7.0954999999999976e-04
  -1.6906749999999998e-02
  -2.3269650000000003e-02
  -5.3176899999999999e-03
   3.2882900000000001e-03
  -1.2130850000000000e-03
  -5.5236800000000004e-03
  -2.3513800000000001e-02
  -1.8974299999999999e-02
  -3.8376050000000000e-03
   5.2719150000000003e-03
   7.8582499999999998e-04
  -2.3605350000000001e-02
  -1.4144900000000000e-02
   3.4790049999999999e-03
   1.6235355000000000e-02
   4.5700250000000001e-03
  -6.9580050000000006e-03
  -5.4397600000000001e-03
   9.3765300000000010e-03
   1.3656620000000000e-02
  -9.9029700000000005e-03
  -1.6342150000000000e-02
  -2.4475100000000000e-02
  -3.8909899999999996e-03
   4.9133349999999996e-03
  -6.1798500000000058e-04
  -1.9836449999999999e-02
  -2.5497449999999998e-02
  -4.2800900000000003e-03
  -1.6250600000000002e-03
  -1.0742185000000000e-02
  -2.6161200000000003e-02
  -1.9363400000000003e-02
  -7.4310299999999999e-03
  -5.7373049999999998e-03
   3.0365150000000005e-03
  -1.4984150000000000e-02
  -2.4314849999999999e-02
  -2.4543750000000003e-02
  -1.0360724999999999e-02
  -4.5318700000000003e-03
  -2.5848400000000001e-02
  -4.1679350000000004e-02
  -2.7511600000000001e-02
  -2.1743790000000002e-03
   1.3977065000000000e-02
  -6.4926150000000002e-03
  -1.5777599999999999e-02
  -6.5994250000000008e-03
   7.3394849999999998e-03
   6.6452000000000004e-03
  -3.7841800000000003e-03
  -1.4297450000000000e-02
   2.9754650000000005e-04
   1.5617400000000000e-02
   1.9844060000000000e-02
   2.5863649999999998e-03
  -1.0902400000000000e-02
  -9.1323849999999998e-03
  -6.6909799999999992e-03
  -4.3640399999999996e-03
  -8.1863550000000011e-03
  -1.6883849999999999e-02
  -2.0744350000000002e-02
  -9.0026949999999998e-03
  -3.5858150000000000e-03
  -1.7272950000000002e-02
  -2.3605350000000001e-02
  -2.3323050000000001e-02
  -3.6392199999999999e-03
   4.2419425000000000e-03
  -6.2026799999999995e-03
  -1.6754149999999999e-02
  -2.0309450000000000e-02
  -2.2811874999999998e-03
   4.3411264999999996e-03
  -1.3427729999999999e-02
  -2.1530149999999998e-02
  -3.0120849999999998e-02
  -9.0637000000000009e-03
   4.6844499999999997e-03
  -2.0294300000000005e-03
  -1.1535655000000001e-02
  -1.1634835000000000e-02
   1.4190695000000000e-03
   8.8729900000000007e-03
   1.3473499999999999e-02
   1.7700200000000002e-03
  -5.2032499999999995e-03
   5.6762699999999998e-03
   1.1428810000000001e-02
   7.6446350000000003e-03
   2.6550300000000005e-03
  -8.9797999999999996e-03
  -5.4931750000000007e-04
   1.1787414999999999e-02
   1.8218999999999999e-02
  -2.7694900000000003e-03
  -1.3626090000000000e-02
  -5.2413740000000000e-03
   4.4250500000000016e-04
   1.6784999999999977e-04
  -1.0376000000000001e-03
  -7.7667299999999995e-03
  -1.1444100000000000e-02
  -3.5858139999999997e-03
   8.3694239999999986e-03
   1.3275149999999996e-03
  -2.2331250000000000e-02
  -2.7114900000000001e-02
   7.2479500000000008e-04
   1.6807559999999999e-02
   5.3710850000000011e-03
  -7.4234149999999992e-03
  -2.9830949999999998e-03
   1.5258799999999999e-02
   2.1232649999999999e-02
   8.3923250000000008e-03
  -4.9056999999999998e-03
  -1.1512749999999999e-02
   9.7656000000000001e-04
  -4.8065199999999999e-03
  -6.6528050000000004e-03
  -1.1192344999999999e-02
  -1.5693650000000000e-02
  -2.3216250000000001e-02
  -4.8523149999999994e-03
  -5.3787349999999999e-03
  -5.7372935000000007e-03
  -2.6374800000000000e-02
  -3.1585700000000001e-02
  -3.5476650000000002e-03
   1.4800999999999998e-03
  -2.8854350000000001e-02
  -3.9573650000000002e-02
  -3.1173700000000002e-02
  -1.7822250000000001e-02
  -8.9645200000000001e-03
  -2.5688200000000001e-02
  -3.7925700000000000e-02
  -2.6229849999999999e-02
  -1.0597220000000001e-02
  -4.3029549999999998e-03
  -1.7707834999999998e-02
  -3.0197149999999999e-02
  -1.4282200000000000e-02
   1.7967200000000003e-02
   2.2552500000000000e-02
   5.7830700000000004e-03
   1.2435900000000001e-03
  -1.6761800000000000e-02
   4.9514740000000000e-03
   1.7211890000000001e-02
   1.3946549000000001e-02
   5.9128035000000001e-03
  -1.7700190000000001e-03
   1.3961814999999999e-02
   1.5563950000000000e-02
   1.4038100000000001e-02
  -6.8817118000000007e-03
  -1.2084965000000000e-02
   7.3928799999999992e-03
   1.4633185000000000e-02
   3.5705550000000000e-03
  -6.9656250000000005e-03
  -2.3376500000000001e-02
  -6.8359349999999996e-03
   8.4305049999999996e-03
   1.7601004999999999e-02
  -8.6593699999999996e-03
  -1.1657700000000000e-02
  -1.1520400000000000e-03
   8.1176849999999995e-03
   7.2097950000000006e-03
   1.6784700000000005e-03
  -9.4985949999999986e-03
   5.0353805000000001e-04
   3.5934549999999997e-03
   1.3397202500000000e-02
   1.1886585000000000e-02
   4.8980889999999996e-03
   1.2786849999999999e-02
   3.4202600000000000e-02
   4.2449950000000000e-02
   3.0418399999999998e-02
   1.8524150000000000e-02
   1.6670200000000000e-02
   1.5266415000000000e-02
   1.6357424999999998e-02
   1.8127465000000002e-02
   6.4849999999999977e-04
  -1.1871349999999999e-02
   2.5787350000000004e-03
   7.5073450000000003e-03
  -1.5564000000000003e-03
  -5.8746499999999969e-04
  -7.0953499999999985e-04
   1.2855535000000000e-02
   2.1835300000000002e-02
   1.2489340000000000e-02
   9.0026700000000008e-03
   2.6321430000000000e-03
   1.8524150000000000e-02
   2.1621700000000001e-02
   1.9126879999999999e-02
   3.7231450000000002e-03
  -7.8964199999999995e-03
   1.1672994999999999e-02
   2.0561250000000000e-02
   8.7127599999999999e-03
  -1.4045720000000001e-02
  -2.3376500000000001e-02
  -1.0108970000000000e-02
   1.0360705000000000e-02
   1.7929100000000000e-02
  -6.5610499999999971e-04
  -1.0505660000000000e-02
  -4.4937149999999997e-03
   1.8783550000000000e-02
   3.6689750000000000e-02
   2.3162849999999999e-02
   2.0050050000000000e-02
   2.0599350000000002e-02
   2.0103449999999998e-02
   2.9991150000000001e-02
   7.5607349999999990e-03
  -1.3160720000000001e-02
  -1.1123660000000000e-02
   5.9509200000000002e-03
   5.5313000000000003e-03
  -3.7307850000000004e-03
  -1.7219550000000000e-02
  -1.7242449999999999e-02
  -5.2642881999999998e-03
   4.3182350000000001e-03
  -1.1520378500000001e-02
  -2.9197700000000000e-02
  -2.8091450000000000e-02
  -2.0339949999999999e-02
  -1.0131845000000000e-02
  -1.5769974999999999e-02
  -2.7229300000000001e-02
  -2.7366649999999999e-02
  -1.7234800000000002e-02
  -1.0040303049999999e-02
  -1.1817925000000000e-02
  -2.8259250000000000e-02
  -2.6771549999999998e-02
  -1.3305655000000000e-02
   6.3781499999999991e-03
   9.5367349999999993e-03
   3.4256149999999995e-03
   2.7084340000000000e-03
  -6.8969849999999996e-03
   1.2214664500000000e-02
   1.2458779999999999e-02
  -9.7274560000000006e-03
  -1.1970515000000001e-02
  -2.8305100000000001e-03
   8.1863400000000003e-03
   1.3244609999999999e-02
  -1.5205369999999999e-02
  -1.2748700000000000e-02
  -1.6143800000000000e-02
   2.4795550000000000e-03
  -6.8664999999999872e-05
  -1.4038090000000000e-02
  -1.8203700000000000e-02
  -1.4648450000000000e-02
   4.3487349999999994e-03
   1.2260439999999999e-02
  -9.0331900000000000e-03
  -1.8211350000000001e-02
  -7.9726950000000001e-03
   1.0345439999999999e-02
   1.1001610000000000e-02
   5.1120000000000072e-04
  -1.4373799999999999e-02
  -1.0986300000000001e-02
  -4.6462990000000004e-03
  -2.0218099999999998e-03
  -3.2272200000000003e-03
  -1.0681160000000000e-02
  -5.2108750000000002e-03
   8.3541900000000009e-03
   2.0202649999999999e-02
   4.1008000000000003e-02
   1.1146564999999999e-02
  -5.1651200000000005e-03
  -4.9591000000000001e-04
   2.1835350000000000e-02
   5.1368700000000003e-02
  -3.6316099999999995e-03
  -9.2544499999999991e-03
   7.1945299999999993e-03
   2.4688700000000001e-02
   1.7318705000000000e-02
  -2.1972550000000000e-03
  -9.0484499999999995e-03
  -5.9204100000000001e-03
   1.8264750000000000e-02
   1.9607560000000000e-02
   2.5481949999999996e-03
   6.4849850000000002e-04
  -1.9500750000000001e-02
  -1.1619590000000001e-02
   1.6936999999999994e-03
  -9.6816999999999997e-03
  -7.6751600000000003e-03
   2.9144300000000000e-03
  -5.7219999999999927e-04
   7.0419350000000000e-03
   5.8669900000000007e-03
   6.8206550000000001e-03
   8.3999800000000013e-03
   1.8768449999999994e-03
   2.1972655000000001e-02
   2.3674015000000000e-02
   1.0993950000000001e-02
   5.3100650000000001e-03
   2.6260400000000000e-02
   5.0529499999999998e-02
   1.9050589999999999e-02
   1.9226249999999999e-03
  -1.7517100000000001e-02
  -1.0528550000000001e-03
   6.5307549999999992e-03
   5.9661899999999997e-03
  -1.6716015000000001e-02
  -1.1734000000000000e-02
  -7.9574799999999994e-03
   8.4609980000000008e-03
   1.1673000000000005e-03
  -1.4015210000000000e-02
  -3.0914299999999999e-02
  -6.2179799999999997e-03
  -6.4084500000000013e-04
   2.6321499999999998e-03
  -1.7852770000000000e-02
  -2.7435300000000003e-02
  -1.7364500000000001e-02
  -4.8064949999999992e-03
   1.4877499999999995e-03
  -1.1833180000000000e-02
  -1.9691449999999999e-02
  -4.4021600000000004e-03
   3.0135900000000000e-03
   1.9714360000000000e-02
  -2.3956450000000001e-03
  -1.6342185000000002e-02
  -1.0292055000000000e-02
   1.7616290000000000e-02
   1.7250075000000000e-02
   2.0675500000000000e-03
  -3.6850000000000003e-03
  -1.7997750000000000e-02
  -4.1809050000000004e-03
   1.2512208500000000e-02
   6.9656600000000003e-03
  -2.2964499999999994e-03
  -2.2583000000000000e-03
  -1.0375955000000001e-03
  -3.6239850000000001e-03
  -1.4244059999999999e-02
  -2.7442950000000001e-02
  -3.7765500000000000e-02
  -2.3803749999999999e-02
  -8.6517400000000015e-03
  -1.8539420000000001e-02
  -1.4526364999999999e-02
  -3.0044600000000001e-02
  -2.0812999999999998e-02
  -9.7427299999999998e-03
  -6.7215150000000008e-03
  -3.3592200000000003e-02
  -1.8989550000000001e-02
  -1.8310499999999992e-04
  -3.7765349999999997e-03
   4.5928900000000005e-03
  -5.2566749999999997e-03
  -1.9569400000000001e-02
  -1.2771595000000000e-02
  -6.5460099999999997e-03
   8.1939650000000010e-03
   3.2804999999999987e-04
  -8.5296675000000009e-03
   1.1260990000000000e-02
   1.9821150000000003e-02
   2.6718150000000003e-02
   1.6662580000000000e-02
   1.2794500000000000e-02
  -1.5640254999999999e-03
  -2.1896350000000001e-03
   4.3487499999999950e-04
  -1.9104009999999998e-02
  -8.1481750000000006e-03
   3.3340449999999999e-03
   7.0190449999999998e-03
   1.3641370000000000e-02
   6.3095000000000009e-03
  -1.6967750000000000e-02
  -1.8051150000000002e-02
  -7.8582499999999998e-04
   1.6593899999999998e-02
   1.9050600000000001e-02
  -2.0751950000000002e-03
  -7.5302100000000007e-03
   2.5787350000000004e-03
   5.9509000000000038e-04
   7.1563890000000000e-03
   2.0752000000000001e-03
  -1.2138349999999999e-02
  -2.8991500000000007e-04
   1.3778700000000001e-02
   1.0505675000000001e-02
  -1.1131290000000000e-02
  -2.1759050000000002e-02
  -1.0131825000000001e-02
   2.2201515000000002e-03
   1.2496935000000001e-02
   4.6997100000000002e-03
  -6.7672750000000005e-03
   1.3816849999999999e-02
   3.4004250000000000e-02
   2.3437500000000000e-02
   1.2168874999999999e-02
   1.0032655000000000e-02
   4.3411250000000004e-03
   6.2866199999999997e-03
   1.0154745000000000e-02
   1.5258500000000000e-04
  -8.0871500000000000e-04
   8.6212145000000000e-03
   7.3547400000000002e-03
   1.4442449999999999e-02
   8.0566249999999996e-03
  -4.1580195000000004e-03
  -9.7885100000000003e-03
   1.6326895000000001e-03
   1.8730199999999999e-02
   1.0681149999999999e-03
  -1.7173799999999999e-02
  -1.2039185000000001e-02
  -9.0026999999999989e-04
   3.6697375000000003e-03
   5.3253150000000006e-03
  -3.4797700000000001e-02
  -3.8482700000000002e-02
  -3.2447799999999999e-02
   1.3839700000000000e-02
   3.3081050000000001e-02
  -1.8226599999999999e-02
  -1.2741084999999999e-02
   2.3193349999999996e-03
   1.5579200000000000e-02
   2.1255450000000002e-02
   1.0223369999999999e-02
   2.8533949999999999e-03
   1.1291526000000000e-03
   2.4971000000000000e-02
   1.6769399999999997e-02
  -2.5177000000000003e-03
  -2.3521449999999999e-02
  -1.7097499999999998e-02
   2.5253310000000000e-03
   1.0055540000000000e-02
  -9.6130500000000008e-04
  -5.7296800000000000e-03
  -5.1879800000000000e-03
   1.7936700000000000e-02
   2.2224399999999998e-02
   2.2422800000000000e-02
   7.2784400000000006e-03
  -1.7608650000000000e-02
   2.3910550000000003e-02
   3.5469050000000002e-02
   1.8173200000000000e-02
  -1.0902394999999999e-02
  -2.4749750000000001e-02
   8.6441249999999990e-03
   9.7885400000000001e-03
   4.6844449999999998e-03
  -8.6975250000000011e-03
  -1.3267502500000000e-02
  -1.5212995000000000e-02
  -4.2266850000000000e-03
   4.0969839999999997e-03
  -1.4038100000000001e-02
  -9.2696949999999997e-03
  -1.8386849999999998e-03
   1.2817373999999999e-03
   1.8386800000000002e-02
   4.8065250000000004e-04
  -1.6494755000000000e-02
  -2.5787350000000004e-03
   8.8272050000000012e-03
  -7.6828199999999999e-03
  -2.5451649999999999e-02
  -1.9691449999999999e-02
  -6.5460236499999998e-03
  -8.9340199999999991e-03
  -1.3031009999999999e-02
  -1.4534000000000002e-02
  -1.6525269999999998e-02
  -6.1416500000000002e-03
   8.6898800000000005e-03
   2.2781400000000000e-02
   1.8844605000000001e-03
   3.4790100000000003e-03
   7.1029645000000004e-03
   5.4092400000000001e-03
   1.8394450000000000e-02
   3.5857900000000004e-04
  -9.2086700000000004e-03
  -1.2397775000000000e-02
   8.5220450000000007e-03
   1.5838600000000001e-02
   6.9046000000000003e-03
  -7.3852579999999996e-03
  -2.0492549999999998e-02
   8.0413600000000009e-03
   2.3918149999999999e-02
   2.1080000000000002e-02
   1.2626630000000000e-02
   3.8528249999999998e-03
   1.3023350000000000e-02
   1.3649000000000000e-02
   1.5411400000000000e-02
   1.1886599999999999e-02
   6.5994399999999998e-03
   1.7822250000000001e-02
   2.5482150000000002e-02
   1.6876200000000001e-02
   1.6342200000000001e-02
   2.3727399999999995e-03
   1.2077345000000001e-02
   2.7999900000000001e-02
   2.6489249999999999e-02
   7.6446550000000002e-03
  -3.9062400000000001e-03
   1.2206999999999973e-04
   1.0131850000000000e-02
   7.2326650000000001e-03
  -1.7257700000000001e-02
  -2.7465800000000002e-03
  -3.7765500000000000e-03
   4.2877179999999994e-03
   1.0635399500000000e-02
   5.2871749999999999e-03
  -1.8440249999999998e-02
  -4.9743649999999997e-03
   2.1163950000000001e-02
   9.9258350000000009e-03
  -1.4099135000000000e-02
  -1.8638599999999998e-02
  -8.6593599999999996e-03
   1.1459355000000001e-02
   1.6166710000000001e-02
   1.5800500000000002e-02
  -4.5013399999999995e-03
  -5.1193250000000001e-03
   1.0650600000000000e-02
   2.6069650000000000e-02
   3.3645599999999999e-03
  -8.6669950000000003e-03
  -7.2860600000000005e-03
   2.2583000000000000e-03
   1.3504050000000000e-02
  -1.3275150000000005e-03
  -2.8259250000000000e-02
  -2.3124650000000000e-02
   1.0025025000000000e-02
   2.8083799999999999e-02
   2.0637500000000000e-02
  -3.3264150000000001e-03
  -9.9487299999999994e-03
   1.1787414999999999e-02
   1.5571600000000000e-02
   8.3007875000000002e-03
  -6.7672700000000006e-03
  -1.7456050000000001e-02
  -7.3776250000000005e-03
   6.9579999999999998e-03
   6.4773475000000002e-03
  -8.4381200000000003e-03
  -9.2773350000000011e-03
  -9.6664200000000002e-03
   7.8887850000000006e-03
   5.2642850000000005e-03
  -5.9204000000000001e-03
   3.8146999999999999e-05
   1.7700200000000002e-03
   1.9836449999999999e-02
   2.1820050000000001e-02
   8.6441049999999992e-03
  -4.7378550000000000e-03
  -3.7078850000000002e-03
   1.4228820000000000e-02
   2.2048949999999998e-02
   1.2741100000000006e-03
  -8.3541650000000002e-03
  -1.1215200000000000e-02
  -9.2620799999999989e-03
  -4.7759800000000008e-03
  -8.2015999999999999e-03
  -1.2023930000000000e-02
  -1.3000450000000000e-02
   5.2718964999999996e-03
   1.4884939999999999e-02
   5.4931500000000005e-03
  -5.5694600000000000e-03
  -3.3721900000000002e-03
   1.3267500000000000e-02
   1.0444640000000000e-02
   9.0332030500000007e-03
  -3.7460250000000000e-03
  -1.0887129999999998e-02
  -5.2566550000000007e-03
  -3.0136299999999998e-03
   1.8158000000000002e-03
  -1.7791749999999999e-02
  -1.7578150000000001e-02
   1.6632050000000001e-03
   1.1924745000000000e-02
   1.4816310000000001e-02
   5.8440949999999997e-03
   9.9410950000000005e-03
   1.5335099999999999e-02
   2.3918149999999999e-02
   2.8785699999999997e-02
   1.8630999999999998e-02
   6.8206750000000000e-03
   8.5754600000000000e-03
   1.8196100000000000e-02
   3.0593849999999999e-02
  -2.9678499999999997e-03
  -6.9580049999999997e-03
  -8.8729849999999999e-03
   1.2947104999999999e-02
   1.0650611000000001e-02
  -1.1398326000000000e-02
  -1.7562849999999998e-02
  -2.1713250000000000e-02
  -3.6315940000000001e-03
   3.2119550000000003e-03
  -1.1054975000000002e-02
  -2.5283800000000002e-02
  -2.0690950000000000e-02
  -1.4999400000000000e-02
  -9.0027019999999996e-03
  -5.1422300000000002e-03
  -1.8249500000000002e-02
  -2.8755200000000002e-02
  -8.7051400000000001e-03
  -1.0719300000000001e-02
  -1.1665345000000001e-02
  -2.2560100000000000e-02
  -2.4841300000000000e-02
  -9.2926049999999989e-03
   7.5988700000000006e-03
  -1.2969999999999995e-03
  -6.7825300000000002e-03
  -5.7830799999999995e-03
   1.1772180000000000e-02
   1.5625000000000000e-02
   2.0141599999999999e-02
   5.4855349999999997e-03
  -9.2620649999999999e-03
  -3.8528465000000002e-03
   1.0940530000000000e-02
   8.4533600000000000e-03
   2.6397699999999996e-03
  -1.3389564999999999e-02
  -1.6288750000000001e-02
   3.1433099999999999e-03
   8.4381049999999996e-03
  -1.9226050000000000e-03
  -1.1909480000000000e-02
  -1.0841350000000000e-02
   6.5612750000000001e-04
   1.8615699999999999e-03
  -1.0719279999999999e-02
  -2.2834750000000001e-02
  -1.5510550000000001e-02
  -2.6855450000000001e-03
   5.3787200000000000e-03
  -1.0917670000000001e-02
  -2.6992800000000001e-02
  -2.7862550000000000e-02
  -2.2178650000000001e-02
  -1.1337295000000001e-02
  -1.7990100000000002e-02
  -1.1894244999999999e-02
  -1.1894220000000000e-02
  -5.0277700000000000e-03
   1.2397790000000001e-02
   8.8500749999999989e-03
  -1.1055005000000000e-02
  -2.1530149999999998e-02
  -1.5708899999999998e-02
   5.7296650000000001e-03
  -6.7062450000000004e-03
  -1.3565064999999999e-02
  -2.1499649999999999e-02
  -9.1247450000000001e-03
   1.3328573500000000e-02
   1.2313865000000000e-02
   6.2637199999999995e-03
  -1.5029899999999996e-03
   6.5460199999999996e-03
   9.5367549999999992e-03
   1.0452000000000005e-03
  -8.1863400000000003e-03
  -2.7359000000000001e-02
  -1.9073449999999999e-02
  -5.6457599999999997e-03
  -2.2888000000000006e-03
  -1.8974319999999999e-02
  -2.0668050000000000e-02
  -1.6944899999999999e-02
  -3.5247600000000000e-03
  -2.4414000000000007e-03
  -1.2161277000000000e-02
  -2.3033100000000001e-02
  -2.0538349999999997e-02
  -7.1868975000000000e-03
   4.1274999999999992e-03
  -1.1520000000000002e-03
  -9.1476465000000003e-03
  -1.4160155000000001e-02
   3.4179750000000002e-03
   1.7219564999999999e-02
  -1.1672999999999996e-03
  -1.8791175000000000e-02
  -1.4106749999999999e-02
  -3.0212399999999997e-03
  -6.3325000000000013e-04
  -6.1569299999999997e-03
  -1.5487694999999999e-02
  -1.9447300000000001e-02
  -9.2544550000000000e-03
   3.7460250000000000e-03
   4.1656500000000008e-03
  -1.3008099000000000e-02
  -1.0253925000000001e-02
   6.7444070000000000e-03
   8.6975149999999994e-03
   6.2637299999999995e-03
  -1.1100775000000000e-02
  -1.5983605000000001e-02
  -8.9798000000000013e-03
   1.1741618000000001e-02
   4.2571999999999992e-03
  -8.4609899999999998e-03
  -1.5579229999999999e-02
  -1.0612510000000000e-02
   3.1738500000000006e-03
   1.0200515000000000e-02
  -1.4289840000000000e-02
  -1.6609184999999999e-02
  -5.1498450000000001e-03
   6.7139999999999995e-04
   8.8500000000000037e-04
   4.7606999999999988e-03
   2.0752150000000000e-03
   5.0048899999999997e-03
   2.1583550000000000e-02
   2.0668030000000000e-02
   1.0810865000000001e-02
   3.6773950000000000e-03
   5.4931499999999987e-04
   1.5075669999999999e-02
   1.5235906500000000e-02
   2.4261499999999993e-03
  -1.1085510000000000e-02
  -1.0963460000000000e-02
   6.9046200000000002e-03
   3.5163899999999998e-02
   2.2071855000000001e-02
  -3.9674999999999953e-04
  -3.0517500000000041e-04
   8.2931534999999990e-03
   2.3033129999999999e-02
   1.6662605000000000e-02
   5.4092450000000000e-03
  -1.0147099999999998e-03
   6.1264210000000000e-03
   2.4208050000000002e-02
   1.9355785000000000e-02
  -9.6895000000000054e-04
  -7.3242200000000002e-03
   8.6059675000000006e-03
   1.8714915000000002e-02
   1.7883304999999999e-02
  -6.1034999999999996e-04
  -1.6784649999999996e-03
   3.8146800000000000e-03
   2.5238050000000001e-02
   3.3432000000000003e-02
   2.7175899999999999e-02
   1.5037545000000001e-02
   2.1240249999999999e-02
   2.3849500000000003e-02
   3.8932800000000004e-02
   2.1476760000000001e-02
   6.9961744999999997e-03
   9.3612599999999997e-03
   1.9836409999999999e-02
   2.6199350000000003e-02
   6.5002650000000007e-03
   3.3416800000000001e-03
   2.4795699999999995e-03
   2.8305049999999998e-02
   3.0685450000000000e-02
   1.0269185000000000e-02
  -1.2512449999999998e-03
   1.8920899999999999e-03
   2.7709950000000001e-02
   2.2377020000000001e-02
   1.9607527000000000e-02
  -5.3404999999999946e-04
  -6.5612599999999993e-03
   1.4038090000000000e-02
   1.9508345000000000e-02
   1.7105111800000000e-02
  -2.7236999999999999e-03
  -2.1011349999999998e-02
   7.0800599999999991e-03
   1.0787959999999999e-02
   1.5136729999999999e-02
  -2.7466000000000001e-03
  -8.6364969499999993e-03
  -4.8522949999999995e-03
   1.5991200000000001e-02
   2.3689269999999998e-02
   1.9912999999999997e-03
  -8.4228299999999992e-03
   6.0196009999999994e-03
   2.1324150000000000e-02
   2.0301824999999999e-02
   7.2937150000000010e-03
   1.6327100000000003e-03
  -1.2207049999999999e-03
   9.7655500000000048e-04
   2.3040999999999990e-03
  -5.4702550000000003e-03
  -6.9961500000000005e-03
  -4.7073345000000003e-03
  -7.6293500000000018e-04
   8.5983399999999995e-03
  -5.7372899999999999e-03
  -1.8508900000000002e-02
  -1.6601585000000002e-02
  -8.2168650000000003e-03
  -3.4026999999999990e-03
  -6.8817299999999991e-03
  -3.1051650000000000e-02
  -3.0014050000000000e-02
  -4.8294070000000000e-03
  -7.0113950000000001e-03
  -1.5853876999999999e-02
  -2.1865800000000001e-02
  -1.9378699999999999e-02
  -2.7236750000000001e-03
   9.5365000000000033e-04
  -1.1978155000000001e-02
  -2.2598300000000002e-02
  -2.1697999999999999e-02
  -1.0223400000000001e-02
   6.7214950000000001e-03
  -3.6621299999999996e-03
  -1.3351425000000000e-02
  -2.6649449999999998e-02
  -1.9073500000000000e-02
  -1.1489870000000001e-02
  -2.7541999999999992e-03
  -1.7807009999999998e-02
  -3.3546449999999998e-02
  -2.4383550000000000e-02
  -1.2741090000000000e-02
  -7.3089449999999990e-03
  -2.3963900000000000e-02
  -3.3973699999999996e-02
  -2.2499050000000000e-02
  -1.5716544999999998e-02
  -5.0582800000000001e-03
  -1.8028255000000000e-02
  -2.6886000000000000e-02
  -3.1639100000000003e-02
  -1.1093145000000000e-02
  -2.5253499999999991e-03
  -1.5289290000000001e-02
  -1.8371599999999998e-02
  -2.1423350000000001e-02
  -1.0070790000000000e-02
   2.4414300000000001e-03
  -8.8272000000000003e-03
  -2.6596049999999996e-02
  -2.0660400000000002e-02
   1.6937250000000001e-03
   9.2163049999999993e-03
   2.1819999999999999e-03
  -6.0882430000000001e-03
  -7.4005100000000008e-03
   3.3950899999999999e-03
   7.6446399999999994e-03
  -3.0059800000000001e-03
  -1.7242415000000001e-02
  -1.3732950000000001e-02
  -4.6539500000000017e-04
  -1.4572000000000005e-03
   3.8451999999999991e-03
  -1.1474633500000001e-02
  -2.1118150000000002e-02
   7.7819999999999973e-04
   1.3061546500000000e-02
   8.9339999999999992e-03
  -9.4756900000000002e-03
  -2.1087649999999999e-02
  -1.0581985000000000e-02
   3.7155199999999999e-03
   7.5226049999999999e-03
  -1.1550925000000000e-02
  -2.6916499999999999e-02
  -2.2918700000000000e-02
  -1.1070250000000000e-02
  -9.9334649999999990e-03
  -1.4938334999999999e-02
  -2.1675099999999999e-02
  -2.4086000000000000e-02
   1.0070780000000000e-02
   1.5571575000000001e-02
  -6.7062200000000006e-03
  -6.3629150000000002e-03
  -9.9945050000000007e-03
   3.0441250000000000e-03
   1.2710585000000000e-02
   6.6680799999999998e-03
  -9.6893199999999995e-03
  -1.0635400000000000e-02
   7.9956049999999994e-03
   1.4297470000000000e-02
   1.0833753500000000e-02
  -6.5765375000000001e-03
  -9.1629050000000007e-03
   1.4122050000000001e-02
   2.3887599999999998e-02
   1.5357955000000000e-02
  -1.4190649999999997e-03
  -8.5754400000000001e-03
   1.0726920000000001e-02
   1.4373759999999999e-02
   6.4468200000000007e-03
  -8.5678019999999994e-03
  -1.4961249999999999e-02
  -1.7395049999999999e-03
   3.9138650000000007e-03
   1.1863712500000000e-02
  -1.0429400000000000e-02
  -1.8089250000000001e-02
  -3.4103400000000000e-03
   8.3160600000000001e-03
   5.4397499999999993e-03
   1.0986550000000005e-03
  -1.8005400000000002e-03
   1.2710550000000001e-02
   2.0538300000000002e-02
   2.4604800000000000e-02
   1.3923665000000000e-02
   7.6980800000000004e-03
   1.4472950000000000e-02
   3.0357349999999998e-02
   2.9418949999999999e-02
   1.5991205000000001e-02
   7.6904199999999999e-03
   4.2800900000000003e-03
   2.2842399999999999e-02
   2.5672899999999998e-02
   1.4595005000000001e-02
  -8.1863450000000011e-03
  -8.1939650000000010e-03
   2.4879449999999997e-02
   3.0944849999999999e-02
   2.6496899999999997e-02
   8.0337610000000004e-03
  -3.0364999999999997e-03
   1.5289310000000000e-02
   3.0006450000000000e-02
   2.5634750000000001e-02
   6.5612824000000000e-03
  -8.4533600000000000e-03
   3.7994399999999998e-03
   1.5747080000000000e-02
   2.1331800000000001e-02
   2.2354350000000000e-03
  -5.6457549999999997e-03
   1.5411400000000003e-03
   1.6311625000000000e-02
   2.8121950000000000e-02
   1.5922550000000001e-02
   2.2354100000000002e-03
   3.8681050000000002e-03
   1.9393950000000000e-02
   3.1982400000000001e-02
   1.0932915000000001e-02
   8.3160600000000003e-04
   4.6234150000000005e-03
   2.2193899999999999e-02
   2.4818449999999999e-02
  -4.0893499999999994e-03
  -1.2130699999999997e-03
  -5.4550359999999999e-03
   1.4450065000000000e-02
   3.1082149999999999e-02
   1.2405414999999999e-02
  -1.0536208000000000e-02
  -1.1947619999999999e-02
   1.9126885000000000e-02
   2.7397135000000000e-02
   1.6342150000000000e-02
   1.2344345000000000e-02
   8.9263500000000013e-04
   1.1772160000000000e-02
   2.4040200000000001e-02
   2.8304999999999997e-03
  -6.2790099999999998e-03
  -7.9422249999999989e-03
   2.2125000000000009e-04
   8.3312899999999999e-03
   1.5632610000000002e-02
  -2.5558500000000001e-03
  -2.0217999999999998e-03
   1.3000480000000000e-02
   2.8305050000000002e-02
   1.9889839999999999e-02
   1.2001030000000001e-02
   6.4163250000000005e-03
   2.6138300000000000e-02
   4.2007450000000002e-02
   5.0132750000000004e-02
   3.3363299999999999e-02
   9.3612799999999996e-03
   2.4566649999999999e-02
   3.3241250000000000e-02
   3.7582400000000002e-02
   1.7913820000000000e-02
   1.7684924999999997e-02
   1.3381940000000000e-02
   2.7595500000000002e-02
   4.7035199999999999e-02
   3.2005300000000000e-02
   2.7496300000000001e-02
   2.3147599999999997e-02
   3.1875600000000004e-02
   3.2402050000000002e-02
   2.3712170000000001e-02
   5.9356800000000005e-03
   4.9819699999999996e-03
   3.0326850000000002e-02
   3.5659749999999997e-02
   1.1329624999999999e-02
   7.4386650000000006e-03
  -4.3486499999999956e-04
   1.1245715000000000e-02
   1.6174310000000001e-02
   1.3534555000000000e-02
   9.9716149999999996e-03
   2.5390650000000001e-02
   2.8457650000000001e-02
   3.4736650000000001e-02
   2.3361223000000000e-02
   1.4846820000000000e-02
   1.4335610000000000e-02
   1.4945989999999999e-02
   3.1860350000000003e-02
   1.9485450000000001e-02
   8.3389500000000012e-03
   3.2043499999999999e-04
   1.4152520000000000e-02
   2.2575395000000002e-02
   1.6746540500000000e-02
  -5.7907049999999993e-03
  -1.2840254999999998e-02
  -1.0078434999999998e-02
   4.0512500000000010e-03
   1.8844623500000001e-02
   9.3688900000000012e-03
   7.3776249999999996e-03
   4.8217699999999995e-03
   1.1779760000000000e-02
   2.9121350000000001e-02
   1.1016844999999999e-02
   1.1977999999999997e-03
   1.0360730000000000e-02
   2.6817299999999999e-02
   1.1474595000000001e-02
   2.4718999999999991e-03
  -3.7460200000000001e-03
  -7.6446464999999995e-03
  -2.0141499999999993e-03
   1.6632059999999997e-02
   1.1894205000000000e-02
   1.0787987500000000e-02
   1.3420090000000001e-02
   2.1865849999999999e-02
   2.2689829999999998e-02
   1.8005365000000002e-02
   9.2315469499999990e-03
   1.6487100000000001e-02
   2.6649500000000000e-02
   3.1570450000000000e-02
   2.3902890000000000e-02
  -5.3100649999999992e-03
  -3.2730099999999998e-03
   9.7884900000000004e-03
   2.2888199999999997e-02
   2.1339440000000001e-02
   1.9988850000000006e-03
  -1.4015220000000002e-02
  -1.7242400000000001e-03
   1.7547585000000001e-02
   1.2161270000000000e-02
   3.3035300000000003e-03
  -1.9569400000000001e-02
   4.5928949999999996e-03
   7.1106099999999998e-03
   8.2931650000000016e-03
  -1.4701829999999999e-02
  -1.6677899999999999e-02
  -1.2001029999999999e-02
  -5.4167499999999928e-04
   8.9265000000000004e-04
  -1.3450600000000000e-02
  -3.4126249999999997e-02
  -2.2712750000000000e-02
  -4.1046049999999999e-03
   1.4617906500000000e-02
   4.5089600000000002e-03
  -2.5558450000000002e-03
  -4.1198700000000003e-03
   1.7272900000000001e-02
   2.0500200000000000e-02
   1.4495500000000008e-03
  -7.4615335000000000e-03
  -7.8201399999999997e-03
   4.5318599999999995e-03
   1.0101324500000002e-02
   2.3193249999999997e-03
  -1.9378650000000001e-02
  -3.2257099999999997e-02
  -7.2097799999999990e-03
   1.0757399999999995e-03
  -7.4996799999999999e-03
  -1.4862060000000000e-02
  -1.1779800000000000e-02
  -6.2866199999999997e-03
  -3.2272350000000002e-03
  -2.9983350000000004e-03
  -1.2825019999999999e-02
  -1.7272949999999999e-02
  -1.3320905000000001e-02
   9.2773530500000010e-03
   1.3175955000000000e-02
  -1.1978150000000001e-03
  -5.5770849999999999e-03
   5.7754499999999997e-03
   1.3061524999999999e-02
   6.3171299999999989e-03
  -3.4332149999999999e-03
  -1.0650630000000001e-02
   3.8681050000000002e-03
   2.4131750000000000e-02
   2.7206400000000002e-02
   1.9981360000000000e-02
   9.9945000000000025e-04
   3.6392200000000003e-03
   2.2315950000000001e-02
   1.5220619999999999e-02
   6.9427559999999996e-03
  -5.9661849999999997e-03
  -1.2794500000000000e-02
   8.7051549999999991e-03
   1.5945414999999998e-02
   9.4527949999999999e-03
  -5.3405999999999983e-04
  -5.5236799999999996e-03
   1.7372100000000001e-02
   7.6599049999999998e-03
   1.0902400000000000e-02
  -3.8833399999999999e-03
  -1.5731800000000001e-02
  -4.5394900000000002e-03
   1.5289290000000001e-02
   1.8615720000000002e-02
   1.5716549999999999e-03
  -1.1695875000000001e-02
  -5.1650999999999997e-03
   3.6163599999999999e-03
  -3.6850149999999998e-03
  -2.1820050000000001e-02
  -2.3628200000000002e-02
  -8.0337500000000010e-03
   1.2092590000000000e-02
   3.1966949999999998e-03
  -2.1209749999999999e-02
  -2.0904500000000002e-03
   1.2435900000000000e-02
   2.5222750000000002e-02
   3.3592200000000003e-02
   1.3580310000000000e-02
  -3.6315949999999996e-03
   1.0299675000000001e-02
   2.9937749999999999e-02
   1.8531800000000001e-02
   1.1306760000000001e-02
  -1.3275159999999999e-03
  -1.0002145000000000e-02
   8.0414000000000006e-03
   1.5357970000000000e-02
   8.5983465000000012e-03
  -7.3776250000000005e-03
  -5.7983399999999999e-04
   1.3290400000000001e-02
   2.2811900000000000e-02
   1.9683850000000003e-02
  -1.2748700000000000e-02
  -5.8898950000000000e-03
   5.0582900000000000e-03
   1.8508950000000000e-02
   8.7585549999999995e-03
  -9.7885049999999994e-03
  -4.0969850000000000e-03
   1.0856640000000001e-02
   9.9792700000000002e-03
   1.2069725000000000e-02
  -1.0078455000000000e-02
  -1.4587400000000000e-02
   8.5983299999999995e-03
   2.4314900000000000e-02
   1.5624990000000002e-02
   6.1798499999999993e-04
  -1.1726384999999999e-02
   3.8146949999999999e-03
   2.4421699999999998e-02
   2.2239700000000001e-02
   6.6070649999999996e-03
  -4.3334949999999997e-03
   7.2250349999999994e-03
   1.4389040000000001e-02
   9.3612500000000015e-03
   6.4697250000000000e-03
  -3.0593899999999999e-03
  -6.5002450000000000e-03
   1.4160150000000000e-02
   1.9432100000000001e-02
   7.0648199999999994e-03
  -2.9754550000000003e-04
  -1.5876800000000000e-02
  -3.9978000000000001e-03
   9.2849549999999993e-03
  -1.0459895000000000e-02
  -9.9487450000000002e-03
  -1.6586299999999998e-02
   7.7896099999999998e-03
   1.7982499999999998e-02
  -3.4942650000000003e-03
  -3.0204800000000000e-02
  -2.6931799999999999e-02
  -1.1657750000000000e-02
   1.0528550000000001e-03
  -6.9580255000000002e-03
  -2.8259300000000001e-02
  -2.8350850000000000e-02
  -3.3645649999999999e-03
   7.8201299999999998e-03
   5.5541950000000005e-03
  -2.2506700000000002e-03
  -1.4297450000000000e-02
  -3.5934445000000001e-03
   1.8310500000000025e-04
   3.3569360000000000e-03
  -1.4160150000000000e-02
  -3.3554100000000003e-02
  -1.4114349999999999e-02
  -1.0261555000000000e-02
  -3.4713750000000005e-03
  -1.6792300000000000e-02
  -3.0479400000000000e-02
  -2.4124150000000000e-02
  -8.4304949999999997e-03
  -4.7226000000000004e-03
  -1.9470200000000000e-02
  -2.7702350000000001e-02
  -1.9737249999999998e-02
   4.3487500000000015e-04
  -1.6403199999999998e-03
  -1.5472409999999999e-02
  -1.1863700000000000e-02
   3.8150000000000033e-05
  -3.8909999999999986e-04
  -1.4259355000000000e-02
  -2.0507800000000000e-02
  -2.3178100000000000e-02
  -2.0942700000000002e-02
  -1.6311650000000000e-02
   8.6440860000000005e-03
  -2.3727449999999999e-03
  -5.5313099999999994e-03
  -2.4413999999999990e-04
   1.9515999999999999e-02
   3.7094099999999998e-02
   1.6944895000000001e-02
  -5.3863381999999993e-03
  -6.5917950000000001e-03
   7.8887950000000005e-03
   1.4099114999999999e-02
   1.1817950000000001e-02
  -1.6021999999999987e-04
   7.9727349999999999e-03
   1.3236999999999999e-02
   1.9790650000000000e-02
   1.4900220000000000e-02
   1.2107870000000000e-02
   7.7438349999999993e-03
   2.3284900000000001e-02
   2.8244050000000000e-02
   1.8264750000000000e-02
  -1.1123650000000001e-02
  -1.0627764999999999e-02
   1.5792849999999999e-03
   2.0523075999999999e-03
   1.1123635000000000e-02
  -1.2924195000000001e-02
  -1.3046260000000000e-02
  -7.9651100000000009e-03
   4.4784550000000001e-03
   8.2397449999999997e-03
  -3.9443949999999998e-03
  -1.7311099999999999e-02
  -1.4366130000000001e-02
   1.9393899999999999e-02
   3.3714300000000003e-02
   7.5454800000000002e-03
  -3.6239649999999998e-03
   1.4953650000000002e-03
   8.5143950000000010e-03
   1.4381415000000000e-02
   1.2054425000000001e-02
  -9.1247549999999983e-03
  -1.6021500000000001e-04
   1.0757449999999999e-03
   8.5602000000000004e-03
  -1.1062650000000004e-03
  -7.4615500000000000e-03
  -1.8730150000000001e-02
   4.5242300000000006e-03
   1.8814100000000000e-02
   1.1322000000000000e-02
   3.7841800000000003e-03
   5.6304900000000001e-03
   6.2866249999999997e-03
   1.9935600000000001e-02
   8.1863500000000002e-03
  -1.0215745000000000e-02
  -1.1009210000000000e-02
   6.6604699999999999e-03
   6.6451999999999995e-03
   6.3324200000000009e-03
  -1.8066400000000000e-02
  -1.0932899999999999e-02
  -1.0375955000000001e-03
   5.2719134999999993e-03
   1.1535665000000001e-02
  -1.4800999999999998e-03
   9.9182500000000008e-05
   3.2653800000000000e-03
   1.8081649999999998e-02
   2.4566650000000002e-02
   1.9073500000000001e-03
  -1.9226099999999999e-03
   3.7536644000000000e-03
   1.5342699999999999e-02
   1.8562300000000000e-02
   7.5683449999999998e-03
  -6.8512000000000000e-03
  -5.5465700000000007e-03
   7.5607100000000000e-03
   2.4368249999999998e-02
   1.4556890000000001e-02
  -1.1505135000000000e-02
  -1.6105649999999999e-02
   3.9291389999999999e-03
   1.3236995000000000e-02
   4.7607450000000003e-03
  -1.6571050000000000e-02
  -2.1171549999999997e-02
  -5.1269499999999999e-03
   8.3925000000000319e-05
  -1.2191775000000000e-02
  -2.2766099999999997e-02
  -2.8427100000000000e-02
  -1.0475169999999999e-02
  -9.3841500000000017e-04
  -7.3241949999999995e-03
  -1.6258250000000002e-02
  -1.4938350000000000e-02
   4.0436000000000009e-04
   3.7231465000000003e-03
   7.2707904999999998e-03
  -1.7898549999999999e-02
  -2.8427099999999997e-02
  -1.0696420000000000e-02
   3.8070700000000001e-03
   4.0054349999999999e-03
  -5.3482074999999995e-03
  -1.0307294999999999e-02
  -9.1552700000000001e-03
   6.9885199999999998e-03
   4.4708249999999995e-03
   7.1716000000000011e-04
  -4.8217799999999995e-03
  -2.2890000000000020e-05
   1.0292050000000001e-02
   1.1184715000000001e-02
  -5.3405524999999999e-03
  -1.8516499999999998e-02
  -1.4404299999999998e-02
   1.2939450000000000e-02
   8.9263800000000011e-03
  -8.7890750000000004e-03
  -1.2374850000000000e-02
  -1.7555200000000000e-02
  -4.0969850000000000e-03
  -4.7454850000000007e-03
  -1.3664249999999999e-02
  -1.3984650000000000e-02
  -2.8717050000000001e-02
  -5.6839000000000004e-03
  -1.9836400000000001e-03
  -9.1400149999999996e-03
  -2.9289249999999999e-02
  -1.4167750000000000e-02
   6.3934300000000003e-03
   1.6555750000000001e-02
   9.3765300000000010e-03
   1.5487675000000001e-03
  -5.6762649999999998e-03
   4.6539300000000006e-03
   1.3557415000000000e-02
   2.1904000000000000e-02
   7.1334649999999994e-03
  -6.5002450000000000e-03
  -1.5563965000000000e-03
   7.1258700000000003e-03
   8.3389450000000004e-03
  -2.0523099999999999e-03
  -1.4656050000000000e-02
  -7.3165899999999996e-03
   6.2942500000000004e-03
   9.8419049999999998e-03
  -5.2032319999999995e-03
  -1.2016300000000001e-02
  -9.9868749999999992e-03
   1.5281649999999999e-02
   1.1161808000000000e-02
  -1.9302499999999997e-03
  -1.0070795000000000e-02
  -1.1322050000000000e-02
   1.9607550000000002e-03
   5.0277849999999999e-03
  -6.1950899999999995e-03
  -1.5052800000000000e-02
  -5.6381249999999999e-03
   8.1482150000000003e-03
   1.3114915000000000e-02
   1.7425514999999999e-02
   2.9068000000000002e-03
   3.2348654999999997e-03
   1.5556350000000000e-02
   2.0683300000000002e-02
   9.9716349999999995e-03
  -3.9062500000000000e-03
  -1.7623900000000000e-03
   1.5052750000000000e-02
   2.8190600000000003e-02
   2.4673500000000001e-02
   1.1543290000000001e-02
  -5.2719150000000003e-03
   5.3405750000000002e-03
   7.0953300000000004e-03
   2.2506749999999997e-03
  -9.3612399999999998e-03
  -1.8592850000000001e-02
   1.1062645000000002e-03
   9.8571900000000000e-03
   1.0665915500000001e-02
  -4.3639949999999999e-03
  -1.2374850000000000e-02
  -2.1514900000000003e-03
   9.1400300000000004e-03
   1.7471300000000000e-03
   1.6021750000000004e-03
  -5.0582900000000000e-03
   5.1117060000000001e-04
   9.1323749999999999e-03
   1.1901854999999999e-02
   2.8228744999999997e-03
  -1.0040275000000001e-02
  -2.4749750000000001e-02
   4.8828109999999999e-03
   1.4640810000000001e-02
   8.6059650000000001e-03
   2.0294199999999997e-03
   4.2800900000000003e-03
   1.6693150000000000e-02
   2.6367149999999999e-02
   1.5663125000000000e-02
   7.4691699999999998e-03
   2.9754619999999999e-03
   2.5756800000000000e-02
   2.5924700000000002e-02
   1.6090399999999998e-02
   6.1874399999999998e-03
   4.5013500000000038e-04
   1.3816850000000000e-02
   1.1367789999999999e-02
   9.1552500000000002e-03
   1.7242414999999998e-03
  -1.6479505000000000e-03
   9.6588249999999994e-03
   1.7395000000000001e-02
   1.7173780000000000e-02
  -2.1667500000000003e-03
  -1.4228850000000001e-02
  -2.5024449999999998e-03
   1.8463100000000003e-03
   1.0192873000000000e-02
  -2.1133405000000002e-03
  -6.6452000000000004e-03
  -9.3841599999999990e-03
   7.3547199999999995e-03
   2.1217349999999999e-02
  -6.2255940000000001e-03
  -1.4961249999999999e-02
   9.7656250000000000e-04
   1.1711094999999999e-02
   1.4022814999999999e-02
   1.7318749999999999e-03
  -6.5231350000000002e-03
  -3.0670200000000002e-03
   2.5695800000000001e-02
   3.2150300000000000e-02
   1.2176514999999999e-02
  -5.4626499999999995e-03
  -6.2255850000000005e-03
   1.2443525000000000e-02
   1.8005380000000001e-02
   3.4637399999999999e-03
  -1.6128550000000002e-02
  -1.0803225000000000e-02
   1.7364499999999998e-02
   2.4597200000000000e-02
   1.7761249999999999e-02
   1.1413560000000000e-02
   7.2174049999999997e-03
   1.8325800000000000e-02
   2.3521449999999999e-02
   2.2811900000000000e-02
   5.9890750000000000e-03
  -2.4032575000000000e-03
   1.4236450000000001e-02
   2.3452750000000001e-02
   1.8547050000000002e-02
   8.7661849999999993e-03
  -3.0365000000000001e-03
  -1.0070825000000000e-03
   8.2015899999999999e-03
   1.9836499999999983e-04
  -2.3910550000000003e-02
  -4.2785649999999995e-02
  -4.2175299999999999e-02
  -3.9504999999999998e-02
  -4.0740999999999999e-02
  -7.1662900000000002e-02
  -8.5525500000000004e-02
  -7.7903749999999994e-02
  -7.4951199999999996e-02
  -8.3297700000000002e-02
  -1.0478994999999999e-01
  -1.1625700000000000e-01
  -1.4854450000000000e-01
  -1.5410599999999999e-01
  -1.0039515000000000e-01
  -8.7989850000000008e-02
  -9.3482950000000009e-02
  -9.6710149999999995e-02
  -7.7018699999999995e-02
  -7.3226949999999999e-02
  -7.0838949999999998e-02
  -8.8546750000000007e-02
  -8.4411600000000003e-02
  -5.8136000000000000e-02
  -4.1397099999999999e-02
  -4.7500600000000004e-02
  -5.5442800000000000e-02
  -5.0010650000000004e-02
  -3.0982949999999999e-02
  -4.7836299999999998e-02
  -4.7859200000000005e-02
  -6.5620399999999995e-02
  -5.8029200000000003e-02
  -4.9575800000000003e-02
  -2.5909399999999999e-02
  -1.3687115000000000e-02
  -2.5230400000000000e-02
  -2.3399349999999999e-02
  -5.5694700000000013e-04
   1.5411379999999999e-02
   1.9828800000000001e-02
   9.8190550000000001e-03
   1.0932935000000001e-02
   3.0220050000000002e-02
   4.8027050000000002e-02
   4.5707700000000004e-02
   3.1158450000000001e-02
   2.1568299999999999e-02
   2.6245150000000002e-02
   4.1198749999999999e-02
   5.4168700000000000e-02
   4.2419400000000003e-02
   3.4393300000000002e-02
   4.5883199999999999e-02
   6.4956650000000005e-02
   6.8397500000000000e-02
   6.0356150000000004e-02
   3.7422200000000003e-02
   4.0641799999999999e-02
   5.8662400000000003e-02
   6.9808949999999995e-02
   5.8425950000000004e-02
   4.0130649999999997e-02
   3.1089749999999999e-02
   5.2520750000000005e-02
   7.0541400000000004e-02
   6.9137599999999994e-02
   5.2032450000000001e-02
   4.9636849999999996e-02
   6.4865150000000010e-02
   7.2471599999999997e-02
   7.0510850000000000e-02
   5.1597600000000000e-02
   4.2594900000000005e-02
   5.9295650000000005e-02
   6.3766500000000004e-02
   5.5175799999999997e-02
   4.3304450000000001e-02
   3.4400950000000000e-02
   4.6814000000000001e-02
   5.7441699999999998e-02
   5.8868400000000001e-02
   3.6422750000000004e-02
   2.0378100000000000e-02
   3.8215650000000004e-02
   4.5326249999999998e-02
   4.4464099999999999e-02
   3.1692499999999998e-02
   2.8305049999999998e-02
   3.8200399999999995e-02
   5.3192150000000001e-02
   6.1103800000000000e-02
   5.1322949999999999e-02
   4.3334949999999997e-02
   4.5944200000000004e-02
   5.9638949999999996e-02
   5.2879349999999999e-02
   3.2211299999999998e-02
   2.2125249999999999e-02
   1.8806449999999999e-02
   4.4105550000000000e-02
   5.4824849999999994e-02
   4.6295199999999995e-02
   3.1715400000000005e-02
   3.0700649999999999e-02
   5.1002500000000006e-02
   5.3398149999999998e-02
   4.9041749999999995e-02
   4.2541499999999996e-02
   2.7740500000000001e-02
   4.2243950000000002e-02
   6.0905450000000000e-02
   5.5526699999999998e-02
   3.7483199999999994e-02
   3.0944849999999999e-02
   4.1915849999999998e-02
   5.1017750000000001e-02
   5.8715799999999999e-02
   3.3966049999999998e-02
   2.1896400000000000e-02
   3.5377499999999999e-02
   4.7065750000000003e-02
   4.4448849999999998e-02
   3.1990049999999999e-02
   1.1596650000000000e-02
   1.3183549999999999e-02
   3.2554600000000003e-02
   3.4744249999999997e-02
   1.2603740000000000e-02
  -6.9274900000000006e-03
   4.9362199999999998e-03
   2.8129599999999998e-02
   3.8963299999999999e-02
   1.3130204999999999e-02
   8.6364749999999994e-03
   1.8363950000000000e-02
   3.3676150000000002e-02
   4.6501199999999999e-02
   2.8007500000000001e-02
   1.8203750000000001e-02
   3.7841800000000003e-03
   2.5115950000000001e-02
   4.6058700000000001e-02
   1.5129099999999999e-02
  -5.2871749999999999e-03
  -9.7046049999999998e-03
   6.4544649999999995e-03
   2.2460950000000000e-02
   6.9046050000000003e-03
  -1.9065849999999999e-02
  -1.4030450000000000e-02
   1.0604849999999999e-02
   2.5161750000000000e-02
   1.7440799999999999e-02
   1.0742205000000001e-02
   2.9602050000000000e-03
   1.1016850000000000e-02
   2.8129600000000001e-02
   3.3775349999999996e-02
  -1.6708375000000001e-03
  -4.9591149999999998e-04
   3.0197099999999998e-02
   3.4744300000000006e-02
   4.6005249999999998e-02
   1.1306750000000001e-02
   1.6860950000000001e-03
   1.1802694999999998e-02
   3.0235300000000000e-02
   2.7725199999999998e-02
   7.1945000000000004e-03
  -1.2359640000000000e-03
   5.5236799999999996e-03
   1.9332900000000000e-02
   2.2003149999999999e-02
   1.4305115000000000e-02
  -1.5335050000000001e-02
  -1.3565050000000000e-02
   1.2527449999999999e-02
   1.7463649999999997e-02
   1.0879540000000000e-02
  -1.4396650000000000e-02
  -1.5670799999999999e-02
   1.5304550000000000e-02
   3.2493549999999996e-02
   1.1817925000000000e-02
  -5.9509250000000001e-03
  -2.0851149999999999e-02
  -9.0866200000000001e-03
  -5.3405999999999983e-04
  -1.9042949999999999e-02
  -3.4248350000000004e-02
  -3.4835850000000002e-02
  -1.2443539999999999e-02
