   6.9427449999999993e-03
  -9.5749100000000007e-03
  -1.8028249999999999e-02
  -9.1018799999999997e-03
   5.2642850000000005e-03
   8.0871480000000006e-03
  -4.7302450000000001e-03
  -1.0734549999999999e-02
  -6.2637350000000003e-03
   6.2866199999999997e-03
   1.1878945000000000e-02
   3.2806500000000021e-04
  -5.2871700000000008e-03
  -9.0255750000000010e-03
   4.9896250000000001e-03
   9.5367600000000000e-03
   3.1738249999999995e-03
  -5.1116949999999994e-03
  -1.0673505000000000e-02
  -1.1672950000000003e-03
  -1.0681000000000015e-04
  -6.4849499999999980e-04
  -1.3397249999999999e-02
  -1.5747100000000000e-02
  -3.4408544999999999e-03
   7.6217760000000002e-03
   4.2724650000000005e-03
  -1.0314964999999999e-02
  -1.5022249999999999e-02
  -5.5923499999999994e-03
   3.7078750000000002e-03
   3.4561300000000004e-03
  -9.1476249999999995e-03
  -1.6296400000000003e-02
  -7.8582749999999996e-03
   6.3781975000000001e-03
   1.2237530000000000e-02
   2.9220599999999998e-03
  -1.0429374999999999e-02
  -4.5166015000000000e-03
   5.8822399999999995e-03
   9.9182030499999994e-03
   1.6403200000000002e-03
  -3.2043499999999999e-04
   2.2048975000000001e-03
   1.4099114999999999e-02
   1.3832090000000000e-02
   2.7236900000000000e-03
  -4.7302249999999994e-03
  -2.8839099999999999e-03
   3.5400409999999998e-03
   7.3700154999999995e-03
   2.1743750000000001e-03
  -6.8435700000000002e-03
  -1.5251150000000000e-02
  -1.2207050000000001e-03
   7.0572055000000002e-03
   6.3705640000000004e-03
  -7.5683599999999997e-03
  -1.1802699999999999e-02
   8.0871500000000000e-04
   9.1705250000000006e-03
   5.4779275000000002e-03
  -9.5062400000000009e-03
  -1.4656100000000000e-02
  -5.7144199999999996e-03
   6.6528524999999996e-03
   1.0223400000000001e-03
  -6.2866400000000005e-03
  -1.2886050000000000e-02
  -5.4397550000000001e-03
   4.5852749999999998e-03
   7.7285850000000005e-03
   1.1901850000000003e-03
  -6.1111450000000001e-03
  -6.0577399999999998e-03
   4.8828199999999995e-03
   1.5258774999999999e-02
   1.2092604999999999e-02
   9.5215000000000004e-03
   1.4976500000000000e-02
   2.6168799999999999e-02
   2.7519200000000001e-02
   1.5174885000000001e-02
   7.4844349999999994e-03
   7.4539150000000002e-03
   1.8402100000000001e-02
   1.6563435000000001e-02
   4.0359500000000000e-03
  -1.3046250000000000e-03
  -4.0435750000000006e-03
   7.0571899999999996e-03
   1.0818500000000000e-02
   4.4631970000000003e-03
  -2.0599299999999996e-04
  -3.5095200000000003e-03
   8.0642749999999992e-03
   1.7364500000000001e-02
   1.1688225000000000e-02
  -1.8310569999999999e-03
  -9.6130199999999999e-03
  -3.0059824999999997e-03
   1.1673000000000000e-03
  -2.3117100000000002e-03
  -9.9334849999999988e-03
  -2.0126350000000001e-02
  -8.0719050000000007e-03
  -1.6937300000000001e-03
  -9.5367595000000003e-03
  -2.3811350000000002e-02
  -2.7145400000000000e-02
  -1.2931830000000000e-02
   8.2397499999999979e-04
   2.0599250000000002e-03
  -9.7045800000000008e-03
  -1.1291499999999999e-02
   1.5335105000000000e-03
   1.2374884999999999e-02
   1.4877310000000001e-02
   4.1427800000000004e-03
  -4.5318600000000004e-03
  -1.5182489999999999e-03
   6.7291349999999998e-03
   9.3536254999999988e-03
   1.7471300000000000e-03
  -8.8424699999999998e-03
  -4.3716399999999996e-03
   5.2490200000000001e-03
   1.2321459999999999e-02
   1.7318750000000003e-03
  -5.0201400000000002e-03
  -5.6152349999999997e-03
   8.1329249999999992e-03
   9.6435400000000008e-03
   1.3198850000000002e-03
  -5.9433000000000003e-03
  -2.5558500000000001e-03
   5.7144259999999999e-03
   1.3244630000000000e-02
   6.2713550000000002e-03
  -1.6326900000000002e-03
  -2.5787350000000000e-03
   4.1351295000000001e-03
   1.1901829999999999e-02
   8.2550204999999998e-03
  -2.7465999999999992e-04
  -6.1950699999999996e-03
   5.6686400000000008e-03
   1.2893680000000001e-02
   1.4907810000000001e-02
   7.1639750000000004e-03
   2.2430400000000000e-03
   1.2290934999999999e-02
   2.3559549999999999e-02
   1.8669150000000002e-02
   8.7738000000000009e-04
  -7.4996950000000007e-03
  -2.2884999999999941e-05
   7.0647964999999997e-03
   6.6833399999999994e-03
  -4.1885500000000001e-03
  -1.4968900000000000e-02
  -5.9814350000000002e-03
   5.6457299999999998e-03
   5.1574949999999998e-03
  -1.8692000000000001e-03
  -1.2451199999999999e-02
  -7.8506500000000007e-03
   1.5411350000000001e-03
   5.1803600000000002e-03
  -4.8446500000000007e-03
  -1.6220100000000001e-02
  -1.3832100000000000e-02
  -2.7389550000000004e-03
   3.4256199999999999e-03
  -5.3863699999999997e-03
  -1.5205400000000001e-02
  -1.5998849999999998e-02
  -1.2359649999999999e-03
   8.4686149999999988e-03
   1.0177635500000001e-02
   3.5858149999999996e-03
  -3.0670162000000002e-03
   1.6693119999999999e-02
   2.4383549999999997e-02
   1.9027704999999999e-02
   9.8571950000000009e-03
   2.4566650000000002e-03
   1.8562299999999997e-02
   2.3864749999999997e-02
   1.6746505000000002e-02
   6.2637499999999994e-03
  -4.0740999999999998e-03
   8.0108850000000006e-03
   1.6784680000000000e-02
   1.9905094999999998e-02
   6.4773685000000004e-03
  -1.3046250000000000e-03
   6.0195950000000000e-03
   1.6296374999999998e-02
   1.0932898000000000e-02
  -4.7225749999999997e-03
  -1.4816299999999999e-02
  -1.4106750000000001e-02
  -3.1127699999999999e-03
   2.3422400000000006e-03
  -1.2138365000000000e-02
  -1.8081650000000001e-02
  -1.3748149999999999e-02
  -4.7454799999999998e-03
   2.2735500000000001e-03
  -8.4381049999999996e-03
  -1.9897450000000001e-02
  -1.2908900000000001e-02
   5.5389200000000001e-03
   9.3536599999999998e-03
   1.0299450000000000e-03
  -6.2255900000000005e-03
  -9.9334599999999999e-03
  -2.7008050000000001e-03
   7.8735450000000009e-03
  -1.4114399999999999e-03
  -9.4757149999999991e-03
  -1.9477850000000001e-02
  -7.9803449999999998e-03
   5.7220500000000011e-04
  -6.4849999999999977e-04
  -1.1375419999999999e-02
  -1.9706700000000001e-02
  -3.3569299999999997e-03
   1.1817925000000000e-02
   1.2550340000000000e-02
  -2.3651000000000011e-04
  -3.1814550000000001e-03
   5.7373049999999998e-03
   1.8325794999999999e-02
   1.6342164999999999e-02
   2.9602049999999996e-03
  -3.2424899999999998e-03
   2.3574849999999999e-03
   1.4045690000000000e-02
   1.8089250000000001e-02
   4.4021594999999998e-03
  -1.8768300000000001e-03
   3.3340449999999999e-03
   5.5236850000000004e-03
   7.4310524999999994e-03
  -3.0212399999999997e-03
  -9.6054100000000000e-03
  -2.4337750000000000e-03
   1.1901865000000001e-02
   2.0805400000000002e-02
   1.4663704999999999e-02
   3.1433099999999999e-03
   2.3422199999999999e-03
   1.7639149999999999e-02
   1.8028235000000000e-02
   9.0332149999999990e-03
  -5.6457499999999997e-03
  -7.8277550000000005e-03
   2.7236945000000002e-03
   7.4386449999999989e-03
   8.4686000000000006e-04
  -1.4648449999999998e-03
  -1.7013550000000001e-03
   1.4999385000000000e-02
   2.8915400000000001e-02
   2.8160100000000000e-02
   1.2825000000000000e-02
   7.6751700000000003e-03
   1.3854999999999999e-02
   1.9607550000000001e-02
   1.3015769999999999e-02
   1.2283349999999997e-03
  -7.8964250000000003e-03
  -5.8745999999999994e-04
   9.2697260000000007e-03
   8.3160149999999995e-03
  -4.5928749999999997e-03
  -1.3923649999999999e-02
  -1.1390664999999999e-02
   3.2424949999999998e-03
   7.4462950000000003e-03
  -2.2277849999999995e-03
  -8.7890699999999995e-03
   6.4086999999999998e-04
   1.5266415000000000e-02
   2.0889300000000000e-02
   8.3465699999999993e-03
  -5.8746000000000004e-04
  -1.1215225000000000e-03
   5.0964100000000000e-03
   9.2773450000000011e-03
  -5.3253034999999997e-03
  -1.5426650000000000e-02
  -1.5991200000000001e-02
  -6.3247700000000004e-03
  -7.8585000000000026e-04
  -7.7819794999999994e-03
  -1.3229385000000000e-02
  -1.2344350000000000e-02
   1.4114350000000002e-03
   8.1711005000000003e-03
   2.9754500000000006e-03
  -1.2710545000000000e-02
  -1.4129599999999999e-02
  -4.1427600000000005e-03
   4.8751899999999997e-03
   1.6784999999999977e-04
  -1.2825025000000000e-02
  -2.3590099999999999e-02
  -1.0414140000000001e-02
  -1.6174250000000005e-03
  -7.2860899999999994e-03
  -2.0851100000000001e-02
  -2.4299649999999999e-02
  -3.9978043999999999e-03
   1.0025025000000000e-02
   3.9901700000000003e-03
  -1.0681170000000000e-02
  -1.5617400000000000e-02
  -1.8539450000000001e-03
   5.6610150000000001e-03
   7.3547500000000010e-03
  -2.2888150000000000e-03
  -1.1405965000000001e-02
  -8.0108699999999998e-03
   3.9062699999999999e-03
   8.2244749999999985e-03
  -3.8757549999999998e-03
  -1.1199964999999999e-02
  -2.7313250000000002e-03
   1.1703485000000000e-02
   1.7807000000000000e-02
   3.8604800000000003e-03
  -3.7994350000000003e-03
  -5.1880000000000003e-04
   1.0330190000000001e-02
   1.7753615000000000e-02
   7.4234024999999997e-03
  -3.6544799999999999e-03
  -1.2260449999999999e-02
  -2.9830900000000003e-03
   6.7138899999999993e-03
   2.7694600000000001e-03
  -2.8457650000000001e-03
  -1.0704050000000000e-02
  -5.1498400000000001e-03
   2.3956249999999998e-03
   2.5405849999999997e-03
  -3.5858150000000000e-03
  -3.6315900000000001e-03
   6.1340200000000004e-03
   1.6433715000000002e-02
   1.3778684999999999e-02
   7.2479300000000005e-03
   1.5029900000000001e-03
   8.3694700000000004e-03
   1.2374890000000000e-02
   1.0070784999999999e-02
  -4.9362149999999999e-03
  -9.4757250000000008e-03
  -9.6130499999999997e-04
   5.6686649999999998e-03
   8.0869999999999987e-04
  -1.1734000000000001e-02
  -1.5380850000000001e-02
  -4.3182350000000001e-03
   8.3846800000000003e-03
   1.2969969999999999e-02
   1.9149800000000002e-03
  -7.8277499999999996e-03
  -2.7618399999999998e-03
   5.8440999999999996e-03
   7.9498090000000004e-03
   3.2805999999999981e-04
  -6.2637349999999994e-03
  -4.1732799999999997e-03
   5.8746149999999997e-03
   1.5457175000000000e-02
   6.9198730000000000e-03
  -1.1627205000000000e-02
  -1.3046249999999999e-02
   3.7307749999999995e-03
   1.1901839999999999e-02
   5.9890700000000009e-03
  -2.8686519999999997e-03
  -9.0331849999999991e-03
   6.6909850000000000e-03
   1.2115455000000001e-02
   7.7590769999999996e-03
  -4.7759999999999999e-03
  -6.3934349999999994e-03
   4.9209600000000003e-03
   7.9193100000000006e-03
   5.8517199999999995e-03
  -3.7689250000000002e-03
  -1.2657149999999999e-02
  -3.3950794999999998e-03
   6.8817250000000000e-03
   7.4996799999999999e-03
  -6.8665000000000002e-04
  -5.8288550000000000e-03
  -1.4419549999999998e-03
   7.6370149999999996e-03
   1.1306767500000000e-02
  -4.3640099999999998e-03
  -1.2855514999999998e-02
  -5.2108750000000002e-03
   4.7073199999999992e-03
   1.1016856500000000e-02
  -2.5482149999999999e-03
  -1.1886595000000000e-02
  -9.9639949999999998e-03
   3.6315749999999997e-03
   5.4168849999999998e-03
  -6.8588449999999997e-03
  -1.2626635000000001e-02
  -8.8806100000000006e-03
   9.4604490000000010e-03
   1.6761775000000000e-02
   8.0566245000000015e-03
   1.1978150000000003e-03
   1.8768295000000000e-03
   1.6891490000000002e-02
   2.3780799999999998e-02
   1.3992289999999999e-02
   2.0523099999999999e-03
  -1.1978150000000001e-03
   1.2733484999999999e-02
   1.5228280000000000e-02
   2.0369999999999997e-03
  -7.0724736499999993e-03
  -9.4299550000000003e-03
   2.8457850000000000e-03
   1.1703476000000001e-02
   1.5800465000000000e-02
   8.8195649999999997e-03
   3.2196065000000000e-03
   1.4503495000000000e-02
   2.1301300000000002e-02
   1.6754160000000001e-02
   1.8539450000000001e-03
  -5.1879900000000000e-03
   3.8146974999999999e-03
   1.0841374999999999e-02
   1.1306752000000000e-02
  -1.2206999999999999e-03
  -1.0223399999999998e-03
   1.3641370000000000e-02
   2.8526299999999997e-02
   3.1021099999999999e-02
   2.7427699999999999e-02
   1.8745399999999999e-02
   2.0042450000000000e-02
   2.5939900000000002e-02
   2.7893050000000003e-02
   1.8783600000000001e-02
   8.1863450000000011e-03
   1.1627205000000000e-02
   2.6168850000000000e-02
   2.9861449999999998e-02
   1.8356299999999999e-02
   1.2718199999999999e-02
   5.3939849999999996e-03
   1.4190655000000000e-02
   1.7799385000000001e-02
   8.0108750000000006e-03
   5.3405499999999986e-04
   9.9180000000000145e-05
   1.0406515000000000e-02
   1.9874594999999998e-02
   1.6403180000000000e-02
   5.6457500000000032e-04
  -7.7743550000000002e-03
   3.5858150000000000e-03
   1.1322000000000000e-02
   8.7509118000000004e-03
  -5.4473704999999997e-03
  -1.3023350000000000e-02
  -3.3569350000000001e-03
   6.6299500000000008e-03
   4.0893350000000004e-03
  -5.5847350000000004e-03
  -1.0734540000000001e-02
   1.4724750000000000e-03
   9.3078420000000002e-03
   9.6893450000000002e-03
  -6.2560849999999998e-03
  -1.5037500000000001e-02
  -7.7590999999999997e-03
   4.3945099999999999e-03
   9.2773349999999994e-03
  -5.3404999999999859e-05
  -8.2473749999999995e-03
  -3.0670175000000002e-03
   2.3651300000000000e-03
   6.1645599999999995e-03
  -9.8037520000000006e-03
  -1.9714349999999999e-02
  -1.7631500000000001e-02
  -3.8833399999999999e-03
   1.6326900000000000e-03
  -1.1940005000000000e-02
  -1.7074599999999999e-02
  -1.3847350000000001e-02
   2.3345949999999996e-03
   5.5770949999999998e-03
  -3.3645699999999999e-03
  -1.1482245000000000e-02
  -1.6853350000000003e-02
  -6.6757235000000003e-03
   2.3956049999999999e-03
  -6.7062600000000003e-03
  -1.2725850000000000e-02
  -1.3191250000000000e-02
  -5.2642500000000007e-04
   7.1334950000000010e-03
   8.7736499999999974e-04
  -1.2535109999999999e-02
  -1.4938350000000000e-02
  -4.7225955000000002e-03
   3.9444049999999998e-03
   7.7209440000000004e-03
  -1.9149799999999999e-03
  -1.2886050000000000e-02
  -4.5780000000000039e-05
   4.7836249999999997e-03
   2.4032450000000005e-03
  -3.5553000000000000e-03
  -1.0826104999999999e-02
  -7.7133400000000000e-03
   1.2969999999999995e-04
   3.9291600000000001e-03
  -7.4081609999999999e-03
  -1.4030500000000001e-02
  -8.5296599999999997e-03
  -2.5939999999999991e-04
   2.2890000000000063e-04
  -1.0124210000000000e-02
  -1.1039714999999999e-02
  -7.0037850000000002e-03
   1.7700199999999998e-03
   5.1879800000000000e-03
  -8.4915049999999999e-03
  -1.1253360000000000e-02
  -7.5683599999999997e-03
   2.8228749999999999e-03
   1.0574320000000000e-02
  -3.3798450000000002e-03
  -1.1314390000000001e-02
  -9.8343000000000007e-03
   4.6539499999999996e-04
   5.5008100000000001e-03
   9.2620675000000003e-03
   3.2043499999999977e-04
  -4.0435799999999997e-03
   7.7972600000000003e-03
   1.3023369999999999e-02
   9.5672599999999993e-03
  -1.9836499999999983e-04
  -7.9345700000000002e-03
   8.8501000000000009e-04
   8.2702705999999990e-03
   2.5558550000000001e-03
  -7.4462999999999994e-03
  -1.4427150000000000e-02
  -9.9868750000000010e-03
  -4.7683499999999993e-03
  -2.1896500000000005e-03
  -1.0078419999999999e-02
  -1.5502950000000000e-02
  -8.4304800000000006e-03
   2.8381299999999999e-03
   2.1438749999999995e-03
  -3.5323949999999998e-03
  -6.3324000000000002e-03
  -2.3651000000000011e-04
   9.0942149999999992e-03
   1.0459895000000000e-02
  -3.7689300000000002e-03
  -1.3092050000000001e-02
  -1.1245729999999999e-02
  -2.6702999999999970e-04
   4.7454800000000007e-03
  -7.5302199999999998e-03
  -1.3381950000000000e-02
  -1.1169450000000001e-02
   1.4343300000000002e-03
   5.3405850000000001e-03
  -2.4795549999999996e-03
  -4.9591050000000001e-03
  -6.1264049999999997e-03
   5.8593729999999993e-03
   1.7814625000000001e-02
   1.2466420000000001e-02
   1.6174350000000002e-03
  -3.9367700000000000e-03
   3.9367650000000001e-03
   6.8206849999999991e-03
  -3.2196250000000003e-03
  -1.3473510000000001e-02
  -1.7715450000000001e-02
  -9.8876899999999993e-03
   1.8234350000000000e-03
   4.3945400000000006e-03
  -8.1329249999999992e-03
  -1.0673499999999999e-02
  -1.8920899999999999e-03
   1.3305649999999999e-02
   9.4528384999999996e-03
   2.2048950000000001e-03
  -6.0272199999999998e-03
  -4.5775000000000069e-05
   1.2146015000000001e-02
   1.6105675000000000e-02
   6.9656449999999995e-03
   4.5776450000000000e-04
  -4.1656499999999999e-03
  -6.8664500000000005e-04
   4.7378749999999999e-03
  -2.2887999999999988e-04
  -2.5634755000000001e-03
  -3.5324100000000002e-03
   1.0780350000000001e-02
   2.2567749999999998e-02
   1.0902395000000000e-02
   5.4092324000000001e-03
   8.4457349999999994e-03
   2.3101799999999999e-02
   2.9457100000000000e-02
   2.1041850000000001e-02
   1.0704030000000000e-02
   2.5939950000000000e-03
   1.0299675000000001e-02
   1.6029334999999999e-02
   7.6522650000000001e-03
  -1.5260000000000013e-05
  -6.8435650000000002e-03
   5.7373000000000007e-03
   1.2069710000000001e-02
   1.4480595000000001e-02
   1.3580350000000001e-03
  -8.9798199999999995e-03
  -3.4103375000000000e-03
   3.3263999999999998e-03
  -1.7013399999999995e-03
  -1.3092050000000001e-02
  -1.3137800000000000e-02
  -4.3487545000000004e-03
   4.5165850000000000e-03
   2.6016400000000005e-03
  -1.1306775000000000e-02
  -1.8203700000000000e-02
  -1.1428855000000000e-02
  -2.9831050000000002e-03
   4.4479450000000000e-03
  -5.0277899999999999e-03
  -5.7373049999999998e-03
   2.0828254999999997e-03
   9.6969700000000009e-03
   1.5724179999999997e-02
   3.1738299999999999e-03
  -1.1443999999999994e-04
   6.9656349999999995e-03
   1.2565630000000000e-02
   1.5083295000000000e-02
   3.8986350000000006e-03
  -7.5989000000000004e-03
  -7.9498300000000015e-03
   3.1738250000000003e-03
   7.9955849999999995e-03
  -1.4267000000000004e-03
  -1.2466425000000000e-02
  -1.1909500000000000e-02
  -9.7656000000000001e-04
   4.4173949999999993e-03
  -4.7302049999999995e-03
  -1.3771100000000001e-02
  -2.0858750000000002e-02
  -9.8953100000000009e-03
  -2.7999800000000001e-03
  -1.0818464500000000e-02
  -2.2171000000000000e-02
  -2.2239700000000001e-02
  -1.5502900000000000e-02
  -6.1721850000000002e-03
  -1.4083855000000001e-02
  -3.1738299999999997e-02
  -3.6293050000000000e-02
  -2.1667499999999999e-02
  -1.0742185000000000e-02
  -1.0246295000000001e-02
  -2.5344850000000002e-02
  -3.0090300000000000e-02
  -1.6899100000000000e-02
  -7.2708095000000002e-03
  -8.2855199999999993e-03
  -1.8997199999999999e-02
  -2.3345950000000001e-02
  -1.6075100000000002e-02
  -1.4137275000000001e-02
  -1.0330219999999999e-02
  -2.3490900000000002e-02
  -3.0914299999999999e-02
  -2.8320350000000001e-02
  -1.2092600000000000e-02
  -8.4380899999999988e-03
  -1.3229359999999999e-02
  -2.1293649999999997e-02
  -1.9569400000000001e-02
  -2.3651150000000005e-03
  -1.6174350000000004e-03
  -1.0192865000000001e-02
  -1.6098049999999999e-02
  -1.6380300000000000e-02
  -7.4844349999999994e-03
  -3.0059800000000005e-03
  -1.2618995000000001e-02
  -2.1316499999999999e-02
  -2.8747550000000000e-02
  -2.2483799999999998e-02
  -2.0484950000000002e-02
  -2.4353000000000000e-02
  -2.8511050000000000e-02
  -2.3170450000000002e-02
  -8.1634599999999991e-03
  -1.0604700000000000e-03
  -7.1713999999999979e-04
  -5.5541819999999995e-03
  -7.2860700000000004e-03
   4.4784550000000001e-03
   7.6370134999999995e-03
   3.4637549999999998e-03
  -6.4392049999999999e-03
  -2.0103450000000002e-02
  -1.8547050000000002e-02
  -1.0635385000000001e-02
  -7.9345900000000000e-03
  -1.3862590000000001e-02
  -1.9310000000000001e-02
  -8.5449400000000009e-03
   7.1182200000000006e-03
   1.4282250000000000e-02
   1.6555799999999998e-03
  -7.1945199999999994e-03
  -4.8675550000000000e-03
   7.9803260000000011e-03
   9.8419149999999997e-03
  -9.0408175000000011e-03
  -2.7091999999999998e-02
  -3.3760050000000000e-02
  -3.4385699999999998e-02
  -3.2615650000000003e-02
  -4.6875000000000000e-02
  -6.1973550000000002e-02
  -7.0114150000000000e-02
  -6.7230250000000005e-02
  -6.1584449999999999e-02
  -6.3461299999999998e-02
  -8.0406199999999997e-02
  -8.7608350000000002e-02
  -7.9193100000000002e-02
  -7.4844350000000004e-02
  -8.2847599999999993e-02
  -9.3750000000000000e-02
  -9.5001250000000009e-02
  -8.1459050000000005e-02
  -8.5411049999999988e-02
  -7.5973499999999999e-02
  -7.6973000000000000e-02
  -7.3799150000000008e-02
  -5.9516949999999999e-02
  -5.1467899999999997e-02
  -4.9476649999999997e-02
  -5.0598149999999995e-02
  -6.1386150000000000e-02
  -5.3421049999999998e-02
  -3.6918649999999997e-02
  -2.7458200000000002e-02
  -3.7780750000000002e-02
  -3.8810700000000004e-02
  -2.4086000000000000e-02
  -1.0360724999999999e-02
  -1.0879535000000001e-02
  -1.3175955000000000e-02
  -1.3946549999999999e-02
  -2.4413999999999990e-04
   1.8951400000000000e-02
   2.6603700000000001e-02
   7.4386600000000006e-03
   6.0882599999999999e-03
   7.3623450000000002e-03
   1.7127965000000002e-02
   3.0044550000000000e-02
   2.1469099999999998e-02
   1.7807000000000000e-02
   2.2438050000000001e-02
   3.2791149999999998e-02
   3.7834150000000004e-02
   3.3157350000000002e-02
   2.3124699999999998e-02
   1.9508400000000002e-02
   3.3699050000000001e-02
   3.7529000000000000e-02
   2.2979750000000000e-02
   1.5975949999999999e-02
   1.8341050000000001e-02
   3.2554650000000004e-02
   4.5234650000000001e-02
   3.9382950000000000e-02
   3.1455999999999998e-02
   3.3256499999999994e-02
   3.4423800000000004e-02
   3.9825449999999998e-02
   3.9680500000000000e-02
   2.9014550000000000e-02
   2.2651650000000002e-02
   3.0548100000000002e-02
   5.3710899999999999e-02
   5.8708200000000002e-02
   4.5921350000000000e-02
   3.0204799999999997e-02
   3.5949700000000001e-02
   4.4456499999999996e-02
   5.3794900000000000e-02
   4.4723499999999999e-02
   3.3081050000000001e-02
   4.2350750000000000e-02
   5.2413950000000001e-02
   5.8013900000000000e-02
   4.3632500000000005e-02
   2.4971000000000000e-02
   1.5350349999999999e-02
   3.1723050000000003e-02
   5.0880450000000001e-02
   2.6535049999999998e-02
   1.5472429999999999e-02
   1.3191200000000000e-02
   1.7166149999999998e-02
   3.2241800000000001e-02
   2.9960649999999998e-02
   2.0057650000000000e-02
   1.2710550000000001e-02
   2.4589550000000002e-02
   3.7643449999999995e-02
   3.3042950000000001e-02
   1.8692000000000000e-02
   1.2756350000000000e-02
   2.3674050000000002e-02
   3.0830400000000001e-02
   2.9991150000000001e-02
   2.3506150000000000e-02
   1.5777550000000001e-02
   2.1705599999999999e-02
   3.1173700000000002e-02
   2.6443450000000000e-02
   1.4030435000000001e-02
   8.2015849999999991e-03
   1.3969400000000000e-02
   1.9744850000000001e-02
   1.8409729999999999e-02
   6.9274699999999998e-03
  -2.1514869499999999e-03
   2.0141600000000001e-03
   1.0253885000000001e-02
   1.5312200000000002e-02
   6.6451790000000002e-03
  -1.5945432000000000e-03
  -3.8452160000000003e-03
   6.6070475000000002e-03
   1.7745990000000000e-02
   7.4081270000000005e-03
  -3.8833650000000002e-03
  -2.8915425000000002e-03
   8.1863349999999994e-03
   1.0498036000000001e-02
   8.1939649999999992e-03
  -1.7776500000000000e-03
   1.3427735000000000e-03
   1.2962330000000001e-02
   1.2458815000000000e-02
   3.0975350000000002e-03
   1.7013549999999999e-03
   4.9667349999999999e-03
   1.1261009999999998e-02
   1.1375445999999999e-02
   1.2977615000000000e-02
   4.2877218000000007e-03
   8.4686499999999992e-04
   1.3977069999999999e-02
   2.4337800000000000e-02
   2.6222249999999999e-02
   1.1611924999999999e-02
   2.1286004999999998e-03
   1.8226599999999999e-02
   2.5848349999999999e-02
   1.9958500000000001e-02
   9.2086949999999994e-03
   6.5917950000000001e-03
   1.1032119999999999e-02
   2.2361750000000000e-02
   3.1044000000000002e-02
   1.8508900000000002e-02
   9.2163000000000002e-03
   1.2451179999999999e-02
   1.6059875000000001e-02
   2.1995549999999999e-02
   7.6598874999999995e-03
   5.7754549999999997e-03
   7.5225850000000000e-03
   1.2413035000000001e-02
   2.8686499999999997e-02
   1.5945424999999999e-02
   8.7737950000000009e-03
   9.0865900000000003e-03
   1.6754160000000001e-02
   2.4452200000000000e-02
   1.5785219999999999e-02
   5.7220299999999995e-03
   1.0864255000000000e-02
   1.8699650000000002e-02
   2.5108349999999998e-02
   1.2771595000000000e-02
   4.9667349999999999e-03
   2.9755000000000005e-04
   1.1375420000000001e-02
   1.9226060000000000e-02
   1.5029889999999999e-02
   3.8452139999999996e-03
  -6.7901500000000004e-04
   1.4015204999999999e-02
   2.3307800000000000e-02
   2.4383550000000000e-02
   1.1528025000000001e-02
   5.0353999999999998e-03
   1.3984699999999999e-02
   1.9943200000000001e-02
   1.5678424999999999e-02
   7.2631850000000001e-03
  -5.0354000000000006e-03
   6.5460199999999996e-03
   1.3160729999999999e-02
   1.6944875000000002e-02
   6.7062585000000003e-03
   1.1672950000000001e-03
   1.1939979999999999e-02
   2.7290350000000001e-02
   2.5947600000000001e-02
   1.7440799999999999e-02
   1.0848995000000000e-02
   1.2802100000000000e-02
   1.9500699999999999e-02
   1.9538895000000001e-02
   9.5596099999999996e-03
  -1.3122544999999998e-03
   6.8435700000000002e-03
   1.1047370000000001e-02
   1.4137250000000001e-02
   4.1198750000000003e-03
  -2.9754660000000000e-03
  -2.8305035000000000e-03
   9.6054150000000008e-03
   1.2268070000000001e-02
   9.2315664999999998e-03
  -2.4414045000000001e-03
  -3.1127949999999998e-03
   3.5018900000000001e-03
   1.4694215000000000e-02
   6.2484849999999998e-03
  -1.0169980000000000e-02
  -1.5228300000000000e-02
  -2.1438600000000000e-03
   7.9269400000000004e-03
   1.1139150000000000e-03
  -6.2713700000000001e-03
  -8.7280300000000012e-03
   2.9983499999999999e-03
   9.8495335000000003e-03
   1.1932379999999999e-02
   4.4403000000000003e-03
  -4.3945300000000007e-03
   6.4926150000000002e-03
   2.3208600000000003e-02
   2.6153550000000001e-02
   1.7715450000000001e-02
   1.2977585000000000e-02
   1.9027750000000000e-02
   3.0441300000000001e-02
   2.9037449999999999e-02
   9.6969355000000000e-03
   6.3018950000000001e-03
   7.8430099999999992e-03
   1.6677870000000001e-02
   1.4701840000000001e-02
   5.2795650000000000e-03
  -7.2097600000000000e-03
  -4.5471204999999997e-03
   2.1667549999999998e-03
   6.0653499999999989e-03
  -6.2637350000000003e-03
  -9.6130299999999998e-03
  -8.6135850000000000e-03
  -3.4179700000000002e-03
   2.9449350000000001e-03
  -2.7618400000000002e-03
  -1.0414115000000000e-02
  -1.1154150000000000e-02
  -8.6212200000000006e-03
   3.4255899999999996e-03
   5.7449599999999995e-03
  -5.3787200000000000e-03
  -8.2473749999999995e-03
   4.7760049999999998e-03
   1.2214672999999999e-02
   5.7220699999999992e-03
  -1.0375984999999999e-02
  -1.2886045000000000e-02
   1.2207500000000013e-04
   8.5601749999999997e-03
   8.1024150000000000e-03
  -5.1040855000000001e-03
  -9.9258250000000010e-03
   1.9760149999999998e-03
   9.2162905000000000e-03
   1.2313865000000000e-02
   7.1563950000000003e-03
  -5.4397549999999992e-03
   2.2125249999999999e-03
   1.2542740000000000e-02
   1.5014649999999999e-02
   5.5312950000000003e-03
  -1.9149750000000000e-03
   2.2125249999999999e-03
   1.0559060000000000e-02
   1.8890379999999998e-02
   7.9269199999999988e-03
   3.7765520000000003e-03
   8.3618049999999999e-03
   2.2056599999999999e-02
   3.0899049999999997e-02
   2.1316500000000002e-02
   9.4604300000000006e-03
   6.1264000000000006e-03
   1.4320390000000001e-02
   1.9470235000000002e-02
   1.4488245000000000e-02
   7.5988800000000006e-03
   4.7683700000000001e-03
   1.4686569999999999e-02
   2.4231000000000003e-02
   1.8493650000000000e-02
   1.2306200000000000e-02
  -5.1422100000000004e-03
   2.8762799999999997e-03
   1.2786865000000000e-02
   5.7907300000000000e-03
  -5.2490250000000000e-03
  -7.7056899999999994e-03
   5.0964349999999999e-03
   1.2313859999999999e-02
   4.2800700000000004e-03
  -6.2103150000000001e-03
  -1.5167200000000000e-02
  -7.4538999999999994e-03
   2.1896399999999996e-03
   9.8419500000000021e-04
  -7.2784549999999996e-03
  -1.3053900000000000e-02
  -3.0365000000000001e-03
   3.2043449999999999e-03
   4.7836299999999997e-03
  -4.4021593999999994e-03
  -1.1283870000000000e-02
  -3.7002600000000004e-03
   2.8533949999999999e-03
   6.4391950000000000e-03
  -7.3241999999999990e-04
  -1.1894249999999999e-02
  -1.1024485000000001e-02
   7.3166050000000003e-03
   7.6904150000000008e-03
  -2.5634799999999999e-03
  -9.8571850000000009e-03
  -7.5225850000000000e-03
   3.7231420000000000e-03
   8.5678200000000003e-03
  -2.5253300000000001e-03
  -1.4602700000000000e-02
  -1.5541100000000000e-02
   3.6621500000000003e-04
   7.8353690000000000e-03
   1.0681149999999997e-03
  -5.2566549999999998e-03
  -1.1749300000000001e-02
  -5.8746500000000012e-04
   6.0348699999999995e-03
  -4.3945299999999998e-03
  -1.4961249999999999e-02
  -2.0256050000000001e-02
  -1.0826090000000000e-02
  -5.6457500000000032e-04
  -1.5259000000000002e-03
  -1.1398330000000002e-02
  -2.3506150000000000e-02
  -1.4297450000000000e-02
  -3.6087049999999994e-03
  -5.1117000000000003e-04
  -1.5724169999999999e-02
  -1.9348150000000001e-02
  -6.1874349999999998e-03
   2.1286149999999999e-03
   6.3018699999999993e-03
  -7.5302149999999998e-03
  -1.9630450000000001e-02
  -8.5144049999999992e-03
  -3.1051650000000000e-03
   4.1732899999999996e-03
  -3.2653800000000000e-03
  -1.3862599999999999e-02
  -1.1138934999999999e-02
  -1.3275150000000000e-03
   4.5547450000000007e-03
  -7.4463005000000001e-03
  -1.2664800000000000e-02
  -9.7961400000000001e-03
   3.4027000000000003e-03
   1.1466961800000000e-02
   4.2419400000000005e-03
  -3.0746456000000002e-03
  -4.6615600000000004e-03
   5.3253090000000003e-03
   4.1198799999999994e-03
   6.8699999999999664e-05
  -7.8888050000000005e-03
  -6.6299449999999999e-03
   6.4697499999999998e-03
   1.4312729999999999e-02
   9.6206525000000001e-03
   3.5858500000000024e-04
  -5.7525600000000003e-03
   5.4931500000000009e-04
   7.9727150000000000e-03
   2.6931500000000001e-03
  -6.6833374999999999e-03
  -1.0902419999999999e-02
   1.4724750000000000e-03
   1.0391214499999999e-02
   1.0894795000000001e-02
  -5.4931499999999987e-04
  -1.1528014999999999e-02
  -6.5231350000000002e-03
   1.6250800000000001e-03
  -6.3325000000000013e-04
  -1.3359065000000000e-02
  -2.0416250000000000e-02
  -1.2451155000000000e-02
  -3.7689149999999999e-03
   5.6915200000000003e-03
  -6.8511929999999993e-03
  -1.3984700000000001e-02
  -1.1215220000000000e-02
   4.7988900000000001e-03
   1.4709484500000000e-02
   4.8675500000000000e-03
  -1.3885449999999997e-03
  -2.7160650000000001e-03
   7.1029549999999993e-03
   1.1451732999999999e-02
   4.2724499999999971e-04
  -9.9029649999999997e-03
  -1.4183049999999999e-02
  -5.2871649999999999e-03
   2.0828399999999999e-03
  -7.9879700000000005e-03
  -1.8425000000000000e-02
  -2.0385700000000000e-02
  -8.6212400000000005e-03
   4.8980549999999992e-03
  -4.3945350000000006e-03
  -1.6250600000000000e-02
  -2.0866400000000000e-02
  -9.3841750000000015e-03
  -5.1498349999999993e-03
  -1.1932395000000000e-02
  -2.1324150000000000e-02
  -2.6153549999999998e-02
  -1.4152520000000000e-02
  -1.6326950000000000e-03
  -7.2860899999999994e-03
  -2.2415150000000002e-02
  -2.6412950000000001e-02
  -1.2161240000000000e-02
  -5.0201350000000002e-03
   1.2893999999999996e-03
  -9.7808750000000014e-03
  -2.5352449999999999e-02
  -1.9882250000000001e-02
  -1.0131840000000000e-02
  -5.7144300000000012e-03
  -1.8142700000000001e-02
  -2.1713250000000000e-02
  -1.5899650000000001e-02
  -5.4778850000000000e-03
   3.2882749999999994e-03
  -6.9427650000000009e-03
  -1.8180849999999998e-02
  -1.7524700000000001e-02
  -8.9797965000000014e-03
  -2.8230000000000009e-04
  -7.2555350000000005e-03
  -1.0040275000000000e-02
  -1.1764549999999999e-02
  -1.6021700000000000e-03
   8.0490049999999997e-03
  -4.7073599999999998e-03
  -1.4076245000000001e-02
  -1.9195549999999999e-02
  -1.0765060000000000e-02
  -1.9760350000000001e-03
  -1.1138924000000000e-02
  -1.5228269999999999e-02
  -1.6899150000000002e-02
  -6.1950855000000001e-03
  -4.8752050000000005e-03
  -8.9492749999999996e-03
  -1.6250649999999998e-02
  -2.2949200000000003e-02
  -1.2863140000000000e-02
  -4.5547249999999999e-03
  -2.2735849999999998e-03
  -1.3572684999999999e-02
  -1.8257150000000000e-02
  -1.3511650000000000e-02
  -3.9978200000000000e-03
   3.8605000000000002e-03
  -9.2544399999999992e-03
  -1.0864275000000000e-02
  -9.3078600000000011e-03
  -3.3111400000000002e-03
   5.3787300000000000e-03
  -4.3945449999999997e-03
  -1.6891500000000000e-02
  -1.3549820000000001e-02
  -5.1040449999999998e-03
   3.7994249999999999e-03
  -8.3923585000000005e-03
  -1.1352525000000000e-02
  -5.8593750000000000e-03
   7.3394824999999993e-03
   1.1733994999999999e-02
   5.0582649999999993e-03
  -6.4239499999999995e-03
  -3.6773700000000001e-03
   1.1665330000000000e-02
   1.7486564999999999e-02
   8.3389040000000011e-03
  -2.3879999999999999e-03
  -4.7225949999999996e-03
   2.9067849999999998e-03
   9.6359124999999997e-03
   2.3727300000000000e-03
  -9.8190099999999995e-03
  -1.4617950000000001e-02
  -5.9280399999999999e-03
   1.1444250000000001e-03
  -3.8376000000000005e-03
  -1.6303999999999999e-02
  -2.0111049999999998e-02
  -8.7203850000000006e-03
   1.2359600000000004e-03
   5.7220500000000011e-04
  -9.3994049999999996e-03
  -1.5457149999999999e-02
  -4.8065199999999999e-03
   6.2790050000000007e-03
   5.7601950000000009e-03
  -5.7449319999999995e-03
  -1.6090399999999998e-02
  -5.0811750000000003e-03
   9.2926049999999989e-03
   1.0131820000000000e-02
  -4.8980600000000001e-03
  -1.3610850000000001e-02
  -9.2315650000000006e-03
   3.0520000000000026e-05
   6.0119750000000001e-03
  -6.4773740000000002e-03
  -1.3656649999999999e-02
  -9.5291000000000004e-03
   5.6228540000000000e-03
   1.0467546500000001e-02
   1.5487449999999998e-03
  -1.0040300000000000e-02
  -9.6969450000000002e-03
   4.0588375000000006e-03
   9.5214844999999999e-03
   4.0283050000000003e-03
  -4.9514800000000003e-03
  -5.6381249999999999e-03
   4.5394904999999999e-03
   8.8653799999999991e-03
   5.3482249999999999e-03
  -3.3416744999999999e-03
  -6.2713650000000001e-03
   5.4626450000000003e-03
   1.2428274999999999e-02
   1.3526924999999999e-02
   1.9836450000000000e-03
  -4.2037999999999997e-03
   1.1138950000000002e-03
   1.1909509999999998e-02
   1.3252270000000000e-02
   5.8364649999999999e-03
  -6.6375950000000005e-04
   5.8593750000000000e-03
   1.3511654999999999e-02
   1.5808120000000002e-02
   4.4708274000000003e-03
  -1.8692000000000001e-03
  -7.1945199999999994e-03
  -1.7013549999999999e-03
   8.7356350000000003e-03
  -3.9138999999999997e-03
  -1.1459344999999999e-02
  -4.1809068000000001e-03
   6.1416535000000001e-03
   1.3160719999999999e-02
   1.6403100000000003e-03
  -8.5220199999999999e-03
  -3.6621090000000002e-03
   7.2326854999999997e-03
   1.2969960000000001e-02
   7.6828145000000002e-03
  -2.3803720000000000e-03
  -1.6937250000000001e-03
   9.6588250000000011e-03
   1.6502395000000000e-02
   1.0704061000000001e-02
   1.0452249999999999e-03
  -5.2948000000000005e-03
   9.9487500000000010e-03
   1.7395015000000000e-02
   1.9432090000000003e-02
   9.9029599999999988e-03
   5.3482050000000000e-03
   1.3557440000000000e-02
   1.1398325000000001e-02
   9.9411150000000004e-03
  -4.6920775000000000e-03
  -1.3175950000000001e-02
   5.0353999999999980e-04
   7.4920849999999999e-03
   7.4005099999999999e-03
   1.6784699999999998e-03
  -7.0953349999999999e-04
   1.5945450000000002e-03
   6.7291400000000006e-03
   9.7580000000000010e-03
  -2.6855449999999997e-03
  -6.9580049999999997e-03
   2.1667460000000002e-03
   1.2168864999999999e-02
   1.2748740000000001e-02
  -9.9182500000000000e-04
  -8.8424699999999998e-03
  -9.5062450000000000e-03
   4.0740940000000003e-03
   6.3324200000000001e-03
  -1.5029900000000001e-03
  -1.2359650000000000e-02
  -7.1411150000000000e-03
   1.0910049999999999e-03
   4.8446549999999998e-03
  -2.8533949999999999e-03
  -5.9280400000000007e-03
  -1.0536210000000001e-02
   2.0141600000000001e-03
   8.9950800000000008e-03
   1.7623850000000000e-03
  -6.8130550000000002e-03
  -9.1781699999999994e-03
   1.9836400000000001e-03
   1.0330219999999999e-02
   5.8517249999999995e-03
   1.6784700000000000e-03
  -1.0986320000000000e-03
   1.1718760000000002e-02
   1.8661500000000001e-02
   1.3992305000000000e-02
   3.6468500000000001e-03
  -1.4266950000000000e-03
   3.8909900000000000e-03
   1.3008140000000000e-02
   1.6258250000000002e-02
   2.7542100000000000e-03
  -5.2108799999999993e-03
   3.8986199999999998e-03
   9.4070450000000010e-03
   4.2419399999999996e-03
  -1.0864275000000000e-02
  -1.7791750000000002e-02
  -8.8348500000000000e-03
   1.8921150000000002e-03
   4.9896450000000000e-03
  -7.0648149999999995e-03
  -1.3504050000000000e-02
  -8.6822649999999998e-03
   3.2806499999999978e-04
   1.4266950000000000e-02
   2.5177000000000003e-03
  -8.7280399999999994e-03
  -8.6593649999999987e-03
   1.3122550000000000e-03
   9.6664260000000005e-03
  -2.4719199999999998e-03
  -1.0971075000000000e-02
  -1.0910050000000001e-02
   5.5160679999999998e-03
   1.4335650000000000e-02
   1.0932930000000000e-02
   1.0223364999999999e-03
  -2.1972659999999998e-03
   5.1422099999999995e-03
   1.1779790000000000e-02
   2.4871900000000002e-03
  -5.6304950000000001e-03
  -4.8065149999999999e-03
   9.4680649999999995e-03
   1.6349789999999999e-02
   1.3557455000000000e-02
   5.0354000000000024e-04
  -6.9046000000000003e-03
  -3.8144999999999846e-05
   9.1400049999999997e-03
   8.1787149999999996e-03
  -8.5906749999999990e-03
  -1.2542750000000000e-02
   2.1362295000000001e-03
   9.6435649999999998e-03
   6.7444024999999998e-03
  -3.9443960000000002e-03
  -1.2603750000000000e-02
  -4.8294100000000001e-03
   3.4179650000000002e-03
   5.2948149999999996e-03
  -8.0566249999999996e-03
  -1.3282800000000001e-02
  -6.2027000000000002e-03
   3.3950800000000000e-03
   8.2244824999999997e-03
  -1.6555800000000000e-03
  -1.1268620000000000e-02
  -9.2925950000000007e-03
   2.2888000000000032e-04
   2.1133400000000000e-03
  -4.9209618000000000e-03
  -1.0818450000000000e-02
  -1.1169450000000001e-02
   1.5106199999999998e-03
   2.9983550000000003e-03
  -2.2048949999999997e-03
  -9.7961649999999990e-03
  -1.0261549999999999e-02
  -2.2735594000000002e-03
   1.7166350000000002e-03
  -1.2115490000000001e-02
  -1.5579249999999999e-02
  -1.6540550000000001e-02
   5.3404999999999859e-05
   4.8522749999999996e-03
   2.6397699999999996e-03
  -8.3999449999999989e-03
  -1.4892599999999999e-02
  -2.3269650000000003e-03
   7.8582610000000001e-03
   3.9215100000000004e-03
  -7.5531150000000000e-03
  -1.4228800000000000e-02
  -4.1809050000000004e-03
   7.5530850000000002e-03
   7.4386650000000006e-03
  -4.8904399999999994e-03
  -1.0406499999999999e-02
  -4.2343149999999998e-03
   7.0342850000000004e-03
   8.5449120000000000e-03
  -5.2032469999999994e-03
  -1.1238089999999999e-02
  -5.5923450000000003e-03
   4.1808899999999996e-03
   1.2504565000000000e-02
   1.5260000000000013e-05
  -5.0582900000000000e-03
  -1.9836499999999993e-04
   7.1868849999999996e-03
   1.2527455000000000e-02
   5.9509000000000038e-04
  -1.1497500000000001e-02
  -1.3366699999999999e-02
   2.0141610000000000e-03
   1.0612475000000000e-02
   2.7542100000000004e-03
  -4.0359450000000000e-03
  -6.5231350000000002e-03
   3.6392219499999999e-03
   6.7062390000000001e-03
   1.4877349999999996e-03
  -7.4386600000000006e-03
  -8.1253049999999993e-03
   2.0751960000000001e-03
   1.1512755000000000e-02
   7.3165940000000000e-03
   1.1520384999999999e-03
  -4.9285900000000001e-03
   5.6762699999999998e-03
   1.3633704999999999e-02
   1.1161794999999999e-02
  -2.6168824999999998e-03
  -4.6005249999999994e-03
   3.7155150000000000e-03
   1.7097500000000002e-02
   1.8486030000000001e-02
   6.8588299999999998e-03
  -5.9738150000000004e-03
  -9.0026940000000001e-04
   7.4386814999999997e-03
   3.4637250000000000e-03
  -8.9416400000000007e-03
  -1.2100200000000000e-02
  -1.0147099999999999e-02
  -2.9907250000000001e-03
   1.5869149999999999e-03
  -6.4620800000000003e-03
  -1.1756900000000001e-02
  -9.4375799999999992e-03
   5.4473849999999999e-03
   1.1535650000000000e-02
  -7.7820000000000016e-04
  -9.4909650000000005e-03
  -9.0484599999999995e-03
   2.4337800000000000e-03
   1.0520959999999999e-02
   4.0130549999999997e-03
  -1.0986320000000000e-03
  -3.7689200000000003e-03
   5.4855300000000006e-03
   9.4223150000000006e-03
   1.3885500000000001e-03
  -7.5378549999999996e-03
  -9.4909749999999987e-03
   3.7155139999999996e-03
   1.2519845000000000e-02
   8.0108815000000007e-03
  -1.4877350000000000e-03
  -9.1628849999999991e-03
   1.6784500000000002e-04
   8.0871399999999996e-03
   4.6615750000000003e-03
  -4.8675550000000000e-03
  -8.1405649999999989e-03
  -3.1509400000000001e-03
   7.0190245000000002e-03
   8.8958875000000014e-03
  -3.4332500000000023e-04
  -7.6675400000000005e-03
  -5.1116999999999981e-04
   7.3394793999999996e-03
   9.5367400000000001e-03
  -7.6064850000000005e-03
  -2.0126350000000001e-02
  -1.3610850000000001e-02
  -3.6086950000000003e-03
   2.3880150000000003e-03
  -6.6146700000000004e-03
  -1.6014100000000000e-02
  -1.1955270000000000e-02
  -3.7384100000000002e-03
   4.5750000000000651e-05
  -1.1108395000000000e-02
  -1.5510550000000001e-02
  -1.2748700000000000e-02
   6.1034999999999649e-05
   2.2964600000000002e-03
  -6.0577399999999998e-03
  -9.7351049999999991e-03
  -8.2244900000000010e-03
   1.6632100000000000e-03
   1.0498061000000000e-02
   1.1062649999999999e-03
  -1.0429384999999999e-02
  -1.5586849999999999e-02
  -4.5471349999999999e-03
   1.2832659999999999e-02
   8.4076099999999994e-03
  -6.6375500000000025e-04
  -3.0670145000000000e-03
   9.6512049999999995e-03
   2.0278950000000000e-02
   1.4297460000000000e-02
  -2.0675649999999999e-03
  -1.1047390000000001e-02
  -5.9356649999999997e-03
   4.8065000000000000e-04
   3.7765749999999999e-03
  -5.5312905000000001e-03
  -1.8096950000000001e-02
  -1.1100759999999999e-02
  -7.3242350000000001e-03
  -6.2789850000000008e-03
  -1.7158550000000002e-02
  -1.7364499999999998e-02
  -8.0871799999999994e-03
   4.8599325000000006e-03
   1.1070230000000000e-02
   4.6005365000000003e-03
  -5.2871699999999999e-03
  -5.7907099999999993e-03
   6.2790099999999998e-03
   1.0749830000000000e-02
   1.3504050000000001e-03
  -6.6757199999999996e-03
  -1.1467004999999999e-02
  -1.5640299999999999e-03
   5.7983499999999990e-04
  -1.3465870000000000e-02
  -2.2628750000000003e-02
  -2.3750300000000002e-02
  -1.0772694999999999e-02
   3.8144999999999846e-05
  -6.5841449999999996e-03
  -9.7580050000000002e-03
  -1.4183049999999999e-02
   3.4332500000000023e-04
   9.0942179999999994e-03
   6.0577180000000001e-03
  -8.0795450000000005e-03
  -1.6922000000000000e-02
  -4.6234099999999997e-03
   4.9667250000000000e-03
  -3.0898850000000001e-03
  -1.0856655000000000e-02
  -1.6342150000000000e-02
  -9.0942499999999999e-03
  -1.4724749999999996e-03
  -3.5095500000000002e-04
  -9.1247599999999991e-03
  -1.3572700000000000e-02
  -4.0283189999999998e-03
   4.5928899999999996e-03
   6.0501199999999991e-03
  -1.0147069999999999e-02
  -1.7639149999999999e-02
  -8.6898600000000006e-03
   2.2430400000000004e-03
   1.3397210000000000e-02
   1.5029899999999996e-03
  -1.9073470000000000e-03
   9.0026899999999998e-04
   8.6212149999999998e-03
   8.7738185000000007e-03
  -1.7242450000000001e-03
  -1.5464749999999999e-02
  -6.3018799999999993e-03
   8.4381049999999996e-03
   1.8218975000000002e-02
   1.0513325000000000e-02
   1.7013549999999999e-03
   3.4942649999999999e-03
   1.0849010000000001e-02
   1.4862040000000000e-02
   4.5699850000000004e-03
  -4.8675550000000000e-03
  -5.8441150000000004e-03
   4.8065190000000004e-03
   1.6372689999999999e-02
   1.2146010000000000e-02
   4.2724599999999996e-03
   1.2969995000000000e-03
   1.2825025000000000e-02
   2.0507800000000000e-02
   2.4101249999999998e-02
   1.1314410000000000e-02
  -1.0452265000000000e-03
   8.0795250000000006e-03
   1.7349235000000001e-02
   2.2949200000000003e-02
   1.2901285000000000e-02
   2.5634799999999999e-03
   8.0947950000000001e-03
   1.7990135000000001e-02
   1.5617350000000000e-02
  -1.6708350000000003e-03
  -7.3318400000000001e-03
   1.8997200000000001e-03
   1.4289870000000000e-02
   1.9233699999999999e-02
   1.2207040000000001e-02
   3.4942649999999999e-03
   7.4462899999999995e-03
   2.3422200000000001e-02
   2.6771550000000002e-02
   1.8585190000000001e-02
   6.5231550000000001e-03
   8.1252900000000003e-03
   2.1812450000000001e-02
   2.5680499999999998e-02
   1.6281150000000001e-02
   6.5689250000000006e-03
   1.9302399999999997e-03
   1.2039174999999999e-02
   1.7700214999999998e-02
   1.0574360000000000e-02
  -9.1552499999999993e-04
  -3.3569360000000000e-03
   1.2618995000000001e-02
   2.1774300000000000e-02
   1.8692000000000000e-02
   7.8277599999999996e-03
   3.7002550000000004e-03
   1.3984650000000000e-02
   1.8951450000000002e-02
   1.1734010000000000e-02
  -4.1961690000000005e-03
  -3.9672850000000001e-03
   8.3008000000000005e-03
   1.3206494999999999e-02
   1.3648970000000000e-02
   3.0520000000000026e-05
  -7.6751849999999993e-03
   9.3078799999999988e-04
   5.0048800000000006e-03
   3.0593699999999996e-03
  -7.8582700000000005e-03
  -1.6204850000000000e-02
  -1.0742170000000001e-02
   3.9901649999999995e-03
   8.0871399999999996e-03
  -4.0893500000000003e-03
  -1.0025040000000001e-02
  -3.4027104999999999e-03
   9.8266700000000009e-03
   1.3320935000000001e-02
   4.1198599999999995e-03
  -2.6168832000000000e-03
  -2.7008049999999997e-03
   6.8054355000000000e-03
   1.0589620000000001e-02
   1.3809149999999999e-03
  -7.5149300000000004e-03
  -8.6670050000000002e-03
   3.8147000000000007e-04
   1.0704018000000001e-02
   4.0130600000000006e-03
  -2.3422199999999999e-03
  -5.4321300000000003e-03
   5.3176999999999999e-03
   8.9798150000000004e-03
   4.1122599999999995e-03
  -5.9051759999999998e-03
  -1.1230489999999999e-02
   9.8418999999999980e-04
   9.9639800000000008e-03
   4.2343400000000005e-03
  -5.1269449999999999e-03
  -8.4838850000000000e-03
  -2.8839099999999999e-03
   1.4114499999999999e-03
  -1.0376000000000005e-03
  -1.3168355000000000e-02
  -1.8058750000000002e-02
  -6.8053999999999996e-03
   4.4097900000000002e-03
   7.1792799999999997e-03
  -5.1040900000000004e-03
  -1.1093135000000000e-02
  -3.8070675000000001e-03
   5.1116699999999996e-03
   1.0635379000000000e-02
  -6.1950700000000004e-03
  -1.6670200000000000e-02
  -1.1230470000000001e-02
   3.2806500000000021e-04
   9.3078550000000003e-03
   3.5095050000000004e-03
  -1.4114349999999999e-03
  -3.5858150000000000e-03
   5.4855149999999998e-03
   1.1970530000000000e-02
   3.9596450000000004e-03
  -2.3574799999999999e-03
  -1.9378640000000001e-03
