  -2.0294049999999998e-03
  -1.0856615000000000e-02
  -1.7845150000000001e-02
  -7.0495699999999998e-03
   1.6387949999999998e-02
   1.2237575000000001e-02
  -8.4915349999999997e-03
  -1.2077350000000001e-02
   4.1961850000000003e-04
   1.6792300000000000e-02
   2.9647850000000000e-02
   6.7138594999999997e-03
  -1.1131305000000001e-02
  -6.6376000000000000e-04
   1.7707799999999999e-02
   3.0830349999999999e-02
   1.4114400000000001e-03
  -3.3111599999999996e-03
  -7.5149550000000002e-03
   2.0866400000000000e-02
   3.5995500000000000e-02
   1.2626625000000001e-02
  -1.4190685000000001e-03
  -4.4631949999999997e-03
   2.7969350000000000e-02
   2.7877800000000001e-02
   5.8517450000000002e-03
  -9.0026650000000000e-04
  -8.9263899999999993e-03
   1.6685499999999999e-02
   2.5062549999999999e-02
   1.1215190000000000e-02
  -1.5785199999999999e-02
  -2.5589000000000001e-02
   4.6997050000000002e-03
   2.3094150000000001e-02
   1.8447900000000000e-02
  -5.5465580000000000e-03
  -1.0818500000000000e-02
   9.5901649999999995e-03
   2.3712199999999999e-02
   9.6206499999999997e-03
  -1.3809200000000001e-02
  -2.2148099999999997e-02
  -2.4795550000000000e-03
   2.0202649999999999e-02
   1.4808675000000000e-02
  -5.9890930000000000e-03
  -9.2544550000000000e-03
   7.3699949999999998e-03
   1.8234250000000000e-02
   1.6418434999999999e-02
  -2.2125249999999999e-03
  -1.6296399999999999e-02
  -9.6588249999999994e-03
   9.7122200000000006e-03
   2.0133999999999999e-02
   7.0190500000000006e-04
  -1.5373250000000000e-02
  -6.2408400000000001e-03
   9.6893299999999995e-03
   1.7951965000000000e-02
   4.8065350000000007e-03
  -5.3253199999999997e-03
  -6.7596399999999999e-03
   1.0467519999999999e-02
   2.2636400000000001e-02
   1.6212450000000000e-02
  -3.9367700000000000e-03
  -1.1978150000000000e-02
   3.5095250000000003e-03
   2.0072949999999999e-02
   1.0810864999999999e-02
  -1.0803235000000000e-02
  -1.5556300000000000e-02
   1.7471335000000003e-03
   1.3954160000000000e-02
   4.1122450000000005e-03
  -1.6082750000000000e-02
  -2.0530699999999999e-02
   7.6300000000000066e-06
   1.7303449999999998e-02
   1.0368343000000000e-02
   3.8909999999999986e-04
  -1.9561750000000003e-02
  -3.7841799999999998e-03
   4.2343249999999997e-03
   6.8130450000000002e-03
  -8.3007849999999998e-03
  -1.4213600000000000e-02
   5.4092400000000001e-03
   2.2651650000000002e-02
   2.9022249999999999e-02
   9.7808700000000005e-03
  -7.4691749999999998e-03
  -1.4877330000000000e-03
   1.3641374999999999e-02
   1.8859850000000001e-02
   2.5405900000000001e-03
  -1.3015750000000000e-02
  -9.8113899999999997e-03
   5.4702754999999999e-03
   1.0757455000000001e-02
  -3.3874450000000002e-03
  -1.9096350000000002e-02
  -1.6685499999999999e-02
   3.9138749999999998e-03
   1.7486564999999999e-02
  -4.2342899999999999e-03
  -2.0164450000000000e-02
  -2.1209749999999999e-02
   1.4038110000000000e-03
   1.5884400000000000e-02
   4.4174349999999991e-03
  -1.7028800000000000e-02
  -2.0317050000000000e-02
  -2.4490350000000000e-03
   1.5396105000000000e-02
   1.4175405000000000e-02
  -2.7084334999999998e-03
  -6.3552850000000004e-03
   5.6304950000000001e-03
   1.6288749999999998e-02
   1.5373225000000001e-02
  -7.2174000000000006e-03
  -1.9706750000000002e-02
  -8.8500999999999999e-04
   1.9119250000000001e-02
   1.8737799999999999e-02
  -3.0517600000000001e-03
  -1.7036450000000002e-02
  -3.7155150000000000e-03
   1.6883849999999999e-02
   1.3000490000000000e-02
  -5.9051749999999995e-03
  -1.2268049999999999e-02
  -3.9443999999999998e-03
   1.5327455000000000e-02
   2.4597149999999998e-02
   3.9978050000000001e-03
  -1.1299115000000000e-02
   4.5776200000000001e-04
   1.9157399999999998e-02
   2.2338850000000000e-02
   1.0040280000000000e-02
  -6.8435649999999994e-03
  -8.9492749999999996e-03
   1.4114399999999999e-02
   1.7875684999999999e-02
   4.2038049999999997e-03
  -8.8043099999999992e-03
  -7.8277599999999996e-03
   1.6960150000000000e-02
   1.9973800000000000e-02
   9.0484820000000001e-03
  -6.5689099999999999e-03
  -1.0963450000000000e-02
   1.1589055000000001e-02
   2.3208600000000003e-02
   1.8165600000000000e-02
  -8.9264000000000010e-04
  -6.3171400000000006e-03
   1.1535650000000000e-02
   2.9220599999999999e-02
   2.5299049999999997e-02
   5.0811795000000005e-03
  -6.7901599999999999e-03
   7.0953349999999995e-03
   2.5352500000000000e-02
   2.5939950000000003e-02
   4.4631970000000003e-03
  -1.5266399999999999e-02
  -5.0125099999999995e-03
   8.8119749999999997e-03
   1.8035895000000000e-02
   2.0980799999999996e-03
  -8.9187550000000004e-03
  -2.6245125000000000e-03
   1.6899134999999999e-02
   2.0698559999999998e-02
   2.0523149999999999e-03
  -1.1795045000000001e-02
  -6.9274899999999997e-03
   1.4213554999999999e-02
   2.5100700000000000e-02
   4.0970049999999999e-03
  -1.3175970000000000e-02
  -5.9204100000000001e-03
   1.4770500000000001e-02
   2.3490900000000002e-02
   1.0314925000000001e-02
  -8.8958750000000010e-03
  -1.1329670000000000e-02
   1.4190700000000001e-02
   2.3010250000000003e-02
   1.2397765000000000e-02
  -5.9051499999999996e-03
  -1.3702400000000000e-02
   1.4419550000000000e-03
   1.4602665000000001e-02
   1.0513290000000000e-02
  -9.0484550000000004e-03
  -1.6799950000000001e-02
   5.6076049999999999e-03
   2.3269700000000001e-02
   1.7517109999999999e-02
  -2.8991499999999996e-04
  -1.6708400000000002e-02
  -1.3885510000000000e-03
   1.4854444999999999e-02
   1.4091474999999999e-02
  -3.9215099999999996e-03
  -1.3801549999999999e-02
  -2.2583000000000000e-03
   1.6136150000000002e-02
   1.5266425000000000e-02
  -7.2937250000000000e-03
  -1.8547050000000002e-02
  -9.0179449999999994e-03
   1.4190650000000001e-02
   2.3109450000000000e-02
   2.2125500000000006e-04
  -1.0208145000000000e-02
  -4.7683750000000000e-03
   1.4900200000000001e-02
   2.2888200000000001e-02
   6.7215000000000000e-03
  -5.5999750000000001e-03
  -4.0740999999999998e-03
   6.4468469499999997e-03
   1.9454935000000000e-02
   5.6533749999999995e-03
  -1.1749255000000000e-02
  -1.3046300000000000e-02
   7.6828249999999999e-03
   2.0103450000000002e-02
   3.1814499999999997e-03
  -8.5448999999999994e-03
  -1.8966700000000000e-02
  -1.6326899999999998e-03
   1.0627740000000000e-02
   3.0364799999999998e-03
  -1.7723100000000002e-02
  -2.6199350000000000e-02
  -1.2779249999999999e-02
  -1.7700200000000002e-03
  -5.9967200000000005e-03
  -2.2827149999999997e-02
  -2.8564449999999998e-02
  -7.3318450000000000e-03
   1.6151409999999998e-02
   1.7646780000000001e-02
  -1.0513304999999999e-02
  -1.9744899999999999e-02
  -4.8599230000000004e-03
   1.0055540000000000e-02
   1.3252245000000001e-02
  -4.5776000000000020e-04
  -1.5197749999999999e-02
  -9.4680800000000002e-03
   7.5530999999999992e-04
   7.5149535000000002e-03
  -1.5258765000000001e-02
  -2.8442400000000000e-02
  -2.1347049999999999e-02
   3.0059800000000001e-03
   2.1194450000000000e-02
   7.2174200000000004e-03
  -8.5601899999999988e-03
  -6.8969849999999996e-03
   1.2992840000000000e-02
   2.0843500000000001e-02
   5.8288450000000000e-03
  -1.2954709999999999e-02
  -1.7433150000000001e-02
  -9.4604499999999996e-04
   1.4167760000000000e-02
   8.2931665000000009e-03
  -1.0246260000000000e-02
  -1.1619600000000001e-02
   7.1640200000000001e-03
   1.6387954999999999e-02
   1.6517629999999998e-02
  -5.1879999999999999e-03
  -1.3305669999999999e-02
   5.6915449999999992e-03
   2.6214599999999998e-02
   2.0027199999999998e-02
  -8.4839100000000008e-03
  -1.4968849999999999e-02
   6.8664350000000008e-04
   1.7631549999999999e-02
   1.8631000000000002e-02
  -1.2817400000000000e-03
  -1.8981899999999999e-02
  -5.7601900000000001e-03
   1.2588505000000000e-02
   1.7456039999999999e-02
  -3.0212500000000001e-03
  -1.4411950000000000e-02
  -7.5531000000000001e-03
   8.9721550000000008e-03
   8.6669859999999998e-03
  -5.8898749999999993e-03
  -1.7181399999999999e-02
  -1.0345475000000000e-02
   1.0200490000000000e-02
   2.1102900000000001e-02
   2.8839100000000004e-03
  -1.3870250000000001e-02
  -1.2451150000000001e-02
   4.4403050000000003e-03
   1.3381955000000001e-02
   2.0828399999999994e-03
  -1.4732350000000000e-02
  -1.5235900000000000e-02
   6.4468399999999997e-03
   1.7173780000000000e-02
   3.9291400000000002e-03
  -6.9350999999999996e-03
  -1.4129650000000001e-02
  -3.1433089999999999e-03
   1.4068579999999999e-02
   1.0353105000000000e-02
  -1.3000510000000000e-02
  -2.0935050000000000e-02
  -3.7536605000000004e-03
   1.3458260000000000e-02
   9.9640055000000012e-03
  -1.3038650000000001e-02
  -2.6519800000000003e-02
  -9.6435649999999998e-03
   5.3863564999999999e-03
   7.6828024999999996e-03
  -8.2778750000000005e-03
  -2.2453299999999999e-02
  -1.1512749999999999e-02
   1.3816835000000000e-02
   1.8379199999999998e-02
   1.0528550000000001e-03
  -1.3046249999999999e-02
  -1.1970550000000000e-02
   5.0506750000000001e-03
   1.4381419999999999e-02
  -2.8839300000000003e-03
  -1.4221200000000000e-02
  -1.1215190000000000e-02
   9.8190449999999985e-03
   1.7616295000000001e-02
   3.5247600000000000e-03
  -1.4602700000000000e-02
  -1.5838600000000001e-02
   1.0772690000000001e-02
   2.7725250000000000e-02
   1.3183590000000000e-02
  -2.9602049999999996e-03
  -1.8463155000000000e-03
   1.9103999999999999e-02
   2.6512149999999998e-02
   1.8142680000000001e-02
  -1.1367800000000002e-03
  -6.2179549999999998e-03
   9.8876950000000002e-03
   2.3437500000000000e-02
   1.7410274999999999e-02
  -1.2664750000000000e-03
  -6.6223150000000001e-03
   1.1299150000000001e-02
   2.2323599999999999e-02
   1.6342180000000001e-02
  -5.5389345000000003e-03
  -1.5312200000000000e-02
   4.3106100000000003e-03
   2.3765550000000003e-02
   2.9281649999999999e-02
   4.1885500000000001e-03
  -8.2244699999999994e-03
  -4.5013500000000005e-04
   1.9424449999999999e-02
   2.3353550000000001e-02
   4.0817349999999995e-03
  -9.5291249999999994e-03
  -6.3781749999999998e-03
   1.4625529999999999e-02
   2.0576450000000000e-02
   7.5759685000000004e-03
  -8.2931299999999993e-03
  -3.3493049999999999e-03
   2.5512699999999999e-02
   2.9411299999999998e-02
   1.1375450000000000e-02
  -3.0746450000000000e-03
  -9.7656450000000003e-04
   2.4124150000000000e-02
   3.4172050000000002e-02
   1.5693675000000001e-02
  -6.4086999999999998e-04
  -1.7166150000000001e-03
   1.7005949999999999e-02
   3.1288150000000001e-02
   1.6098044999999998e-02
  -3.6773450000000003e-03
  -7.6064899999999996e-03
   1.4030450000000000e-02
   2.9396050000000000e-02
   2.4337800000000000e-02
   1.1039745000000000e-02
  -1.1444100000000000e-03
   1.0948204999999999e-02
   2.2926349999999998e-02
   2.1690349999999997e-02
  -1.5106199999999998e-03
  -1.3824474999999999e-02
  -1.1825550000000001e-03
   1.5678430000000000e-02
   2.0057704999999999e-02
   1.9836450000000000e-03
  -1.3107310000000000e-02
  -2.4185200000000004e-03
   2.1865849999999999e-02
   2.4597200000000000e-02
  -3.0520000000000026e-05
  -1.2924214999999999e-02
  -2.2430400000000000e-03
   1.2001040000000001e-02
   1.7143229999999999e-02
  -1.3122550000000000e-03
  -1.5716549999999999e-02
  -1.3954200000000000e-02
   1.3427700000000001e-03
   1.1276230000000000e-02
  -4.4784550000000001e-03
  -1.7791750000000002e-02
  -1.7128000000000001e-02
  -1.4495850000000002e-03
   1.0368367500000000e-02
  -6.8666499999999950e-04
  -2.2094750000000000e-02
  -2.4581900000000000e-02
  -1.8463150000000003e-03
   1.0559060000000000e-02
   5.6610350000000000e-03
  -1.1596665000000001e-02
  -1.7845150000000001e-02
   3.6010749999999996e-03
   1.5251160000000000e-02
   1.0345470000000001e-02
  -2.3117050000000000e-02
  -3.5881049999999998e-02
  -1.1978155000000001e-02
   7.4691699999999998e-03
   6.3781899999999997e-03
  -1.6593940000000001e-02
  -2.7854950000000000e-02
  -1.1741619999999999e-02
   6.8740785000000002e-03
   7.1182149999999998e-03
  -5.2795400000000001e-03
  -2.0332349999999999e-02
  -2.2270199999999997e-02
  -3.5095500000000045e-04
   4.8217850000000003e-03
  -7.4386699999999997e-03
  -2.5260950000000001e-02
  -1.5876749999999999e-02
   5.8441359999999998e-03
   1.1978155000000001e-02
  -5.3177049999999998e-03
  -2.1080049999999999e-02
  -1.9546500000000001e-02
  -3.5095500000000002e-04
   1.0826110000000000e-02
  -2.0446749999999997e-03
  -2.4673500000000001e-02
  -1.6937299999999999e-02
   7.4310299999999999e-03
   1.2123100000000000e-02
  -3.5934300000000003e-03
  -2.1064750000000000e-02
  -2.4566650000000002e-02
  -6.2103315000000001e-03
   1.0902410000000000e-02
   2.8076099999999999e-03
  -1.6395550000000002e-02
  -2.3796049999999999e-02
  -3.7002599999999995e-03
   1.2573239999999999e-02
   5.2184950000000001e-03
  -1.5792855000000001e-02
  -2.5505050000000001e-02
  -1.1169430000000001e-02
   4.2343099999999998e-03
  -4.0435499999999947e-04
  -2.2491450000000000e-02
  -3.4423800000000004e-02
  -1.7875700000000001e-02
   9.7274900000000001e-03
   9.0408350000000005e-03
  -1.2054465000000000e-02
  -2.1636949999999999e-02
  -1.7150900000000000e-02
  -6.6222905000000000e-03
  -1.5258900000000002e-03
  -2.4063100000000000e-02
  -3.8154599999999997e-02
  -3.1211849999999999e-02
  -1.0505684999999999e-02
   7.0190000000000009e-04
  -1.2016285000000000e-02
  -2.3574850000000001e-02
  -2.0156850000000000e-02
  -4.1580000000000002e-03
   5.8669949999999998e-03
  -1.0414100000000001e-02
  -2.6016200000000003e-02
  -2.7671849999999998e-02
  -7.0114299999999991e-03
   2.2811699999999999e-03
  -1.3496375000000000e-02
  -3.1181299999999999e-02
  -3.2630949999999999e-02
  -1.1405920000000000e-02
   4.2343149999999998e-03
  -1.3351399999999999e-03
  -1.9577049999999999e-02
  -2.6641800000000000e-02
  -7.7514450000000009e-03
   6.9579950000000007e-03
  -1.4648500000000002e-03
  -2.1850600000000001e-02
  -2.6741000000000001e-02
  -6.8206750000000000e-03
  -4.5776499999999973e-04
   4.1580200000000001e-03
  -1.7456050000000001e-02
  -2.5558500000000001e-02
  -1.0848980000000001e-02
   8.1329375000000013e-03
   7.5302049999999999e-03
  -1.5220650000000000e-02
  -3.2035800000000003e-02
  -2.2415150000000002e-02
  -9.1552999999999947e-04
   8.2855399999999992e-03
  -1.2504575000000000e-02
  -2.4955749999999999e-02
  -1.6876250000000002e-02
   8.9263500000000013e-04
   7.7667049999999996e-03
  -7.7590950000000006e-03
  -2.5573749999999999e-02
  -1.7471350000000000e-02
  -1.4343249999999997e-03
   7.2632050000000000e-03
  -6.1569050000000007e-03
  -2.6977549999999999e-02
  -2.4604800000000000e-02
   2.5100699999999997e-03
   1.8302900000000000e-02
   1.9684000000000004e-03
  -1.6426099999999999e-02
  -1.3854999999999999e-02
   1.0055560000000000e-02
   2.2766099999999997e-02
   1.8814090000000002e-02
  -6.7138800000000002e-03
  -2.1789550000000001e-02
   5.0811750000000003e-03
   2.0584100000000001e-02
   1.5907305000000000e-02
  -5.4092500000000000e-03
  -1.3877850000000001e-02
   2.1820049999999999e-03
   2.1064750000000000e-02
   2.0324700000000001e-02
  -1.8310350000000000e-03
  -1.7250049999999999e-02
  -5.4550160000000000e-03
   1.0383605000000001e-02
   1.4785760000000000e-02
  -6.2637150000000004e-03
  -1.6380300000000000e-02
  -5.7525600000000003e-03
   7.8430324999999995e-03
   1.4907840000000000e-02
   1.5258999999999932e-04
  -1.3656600000000000e-02
  -1.6487149999999999e-02
   0.0000000000000000e+00
   6.5765300000000006e-03
  -7.7895920000000006e-03
  -2.3582499999999999e-02
  -1.9157399999999998e-02
   3.9215050000000005e-03
   8.0566250000000013e-03
  -4.8370299999999991e-03
  -2.1347049999999999e-02
  -2.4757399999999999e-02
  -4.9819749999999996e-03
   8.2931450000000000e-03
  -4.4326599999999997e-03
  -1.8585200000000000e-02
  -2.0019549999999997e-02
  -3.5476649999999998e-03
   1.2687704999999999e-02
   5.7983550000000007e-03
  -1.7532344999999998e-02
  -2.1209699999999998e-02
  -6.1187564999999992e-03
   1.0559084500000000e-02
   5.4168749999999998e-03
  -1.8043549999999998e-02
  -2.4673450000000000e-02
   6.1034999999999865e-05
   1.6708375000000001e-02
   1.3015728500000000e-02
  -1.9577035000000000e-02
  -3.4614550000000001e-02
  -1.9546500000000001e-02
   5.1955949999999999e-03
   1.5136739999999999e-02
  -1.4190850000000005e-03
  -1.2619040000000000e-02
  -3.1738249999999999e-03
   1.5846249999999999e-02
   2.2941550000000002e-02
  -1.9759999999999999e-03
  -1.9874550000000001e-02
  -1.6120900000000001e-02
   6.4315550000000003e-03
   1.4190675000000000e-02
  -1.8005450000000002e-03
  -1.8638599999999998e-02
  -1.4633200000000001e-02
   2.0980849999999995e-03
   1.4839155000000000e-02
   3.6773700000000001e-03
  -1.2153644999999999e-02
  -1.6990650000000000e-02
   1.4190650000000002e-03
   2.1728549999999999e-02
   1.1146565000000001e-02
  -8.3923499999999998e-03
  -1.1436470000000001e-02
   7.4157600000000004e-03
   2.2949199999999999e-02
   1.6082760000000001e-02
  -1.8158000000000002e-03
  -1.2138375000000000e-02
   5.1727250000000004e-03
   2.4185150000000002e-02
   1.6441364999999999e-02
  -4.5852700000000007e-03
  -1.2985234999999999e-02
  -1.9607549999999998e-03
   1.9798250000000000e-02
   1.8951414999999999e-02
   1.2969999999999995e-04
  -1.3626085000000000e-02
   1.6632050000000001e-03
   2.2026050000000002e-02
   2.0042450000000000e-02
  -4.7226049999999995e-03
  -1.6212500000000001e-02
  -1.0360695000000000e-02
   1.1535660000000000e-02
   1.6517634999999999e-02
  -4.0207050000000003e-03
  -1.8142699999999998e-02
  -9.7351050000000008e-03
   1.3488785000000000e-02
   2.4177549999999999e-02
   7.1334800000000002e-03
  -1.4060955000000000e-02
  -1.1947630000000001e-02
   1.7845150000000001e-02
   3.1257649999999998e-02
   1.2031544999999999e-02
  -1.1489869999999999e-02
  -1.7280600000000000e-02
   4.4403150000000002e-03
   2.6428250000000000e-02
   5.1498550000000001e-03
  -1.6220070000000000e-02
  -2.3658749999999999e-02
  -2.3956449999999996e-03
   1.1497513999999999e-02
   6.7214800000000002e-03
  -1.3381980000000000e-02
  -1.8943800000000000e-02
   7.0419200000000001e-03
   1.9813549999999999e-02
   1.0200520000000001e-02
  -8.1329590000000004e-03
  -1.8997199999999999e-02
  -9.9945099999999999e-03
   1.0108954999999999e-02
   7.5836300000000009e-03
  -1.2611370000000000e-02
  -2.3933400000000001e-02
  -9.3078699999999993e-03
   1.3999920000000001e-02
   1.6746529999999999e-02
  -5.2032700000000003e-03
  -1.6769400000000000e-02
  -6.5307550000000001e-03
   1.6746549999999999e-02
   2.3910500000000001e-02
   4.0893750000000001e-03
  -7.9574499999999996e-03
  -2.5405900000000001e-03
   1.9164999999999998e-02
   3.4896850000000000e-02
   1.6258250000000002e-02
  -1.5068069999999999e-02
  -1.1016865000000001e-02
   1.2657149999999999e-02
   2.6298500000000002e-02
   1.4701829999999999e-02
  -5.9661950000000005e-03
  -1.2908945000000000e-02
   1.1161809999999999e-02
   2.3254400000000001e-02
   1.2962315000000000e-02
  -4.9362270000000005e-03
  -1.3008100000000000e-02
   8.7661749999999993e-03
   2.0050050000000000e-02
   1.1390704999999999e-02
  -1.1177059999999999e-02
  -2.0614649999999998e-02
   1.3656599999999999e-03
   2.4520849999999997e-02
   1.0871865000000000e-02
  -1.3435380000000000e-02
  -2.2934000000000000e-02
  -6.7443650000000004e-03
   1.2901300000000001e-02
   1.1917140000000000e-02
  -9.9639899999999990e-03
  -2.1492000000000001e-02
  -1.4701850000000001e-02
   4.7302150000000003e-03
   1.2069720000000001e-02
  -7.0800699999999999e-03
  -2.2651699999999997e-02
  -1.3015765000000000e-02
   8.1634550000000000e-03
   1.5869149999999999e-02
  -5.2414000000000002e-03
  -2.1995549999999999e-02
  -2.2621200000000001e-02
   7.7056850000000003e-03
   1.7639164999999998e-02
  -1.9836299999999997e-03
  -1.8013000000000001e-02
  -2.0111100000000000e-02
   4.6005099999999995e-03
   1.2725850000000000e-02
   2.4032749999999994e-03
  -1.6525300000000000e-02
  -2.0538350000000000e-02
  -3.6621500000000003e-04
   1.4144894999999999e-02
   3.2424999999999997e-03
  -1.6754149999999999e-02
  -1.9042950000000003e-02
   2.0141600000000005e-03
   1.5602129999999999e-02
   7.0190550000000006e-03
  -1.3816815000000000e-02
  -2.7412400000000000e-02
  -6.2026800000000003e-03
   1.2016315000000000e-02
   9.9868999999999999e-03
  -1.3641344999999999e-02
  -1.7135600000000001e-02
   2.7465850000000001e-04
   2.1125800000000000e-02
   1.7211935000000001e-02
  -5.1345800000000006e-03
  -1.9943249999999999e-02
  -2.8305049999999997e-03
   1.3030985000000000e-02
   1.7669685000000001e-02
   3.8146989999999995e-03
  -1.2924220000000000e-02
  -4.3334949999999997e-03
   1.5754700000000000e-02
   2.0629900000000000e-02
   1.5258500000000022e-04
  -1.0696435000000001e-02
  -4.5089700000000002e-03
   2.0538350000000000e-02
   3.1219499999999997e-02
   1.8158000000000001e-02
  -3.1280500000000003e-03
  -3.3111549999999997e-03
   1.5441900000000001e-02
   2.0141585000000000e-02
   7.9498050000000008e-03
  -1.3359060000000001e-02
  -6.0806290000000006e-03
   1.9248950000000001e-02
   3.7200899999999995e-02
   2.1743749999999999e-02
  -2.2964500000000002e-03
  -1.4549250000000000e-02
   5.2566415000000000e-03
   1.5991209999999999e-02
   9.2926144999999991e-03
  -1.2802144999999999e-02
  -1.3305700000000000e-02
   3.9062500000000000e-03
   1.9500699999999999e-02
   1.6754125000000002e-02
  -1.2069705000000000e-02
  -1.9714349999999999e-02
   4.7912770000000000e-03
   2.6153599999999999e-02
   2.8411850000000002e-02
  -9.9029449999999998e-03
  -1.3641345000000001e-02
   6.8512099999999999e-03
   1.5136730000000001e-02
   2.0774845000000000e-02
   5.0658949999999999e-03
  -1.7082220000000002e-02
  -5.1727365000000004e-03
   1.7990150000000000e-02
   2.1514900000000000e-02
   6.8511800000000010e-03
  -1.0513285000000001e-02
  -2.6550269999999999e-03
   2.3994450000000001e-02
   3.5430900000000001e-02
   3.0975500000000001e-03
  -1.2718189999999999e-02
  -1.2199425000000000e-02
   1.3053890000000000e-02
   3.3172649999999998e-02
   1.8783555000000000e-02
   9.6893500000000020e-04
  -9.0866050000000011e-03
   2.0492549999999998e-02
   3.4263650000000000e-02
   1.5991204999999998e-02
  -9.6206750000000004e-03
  -1.6365100000000000e-02
   1.9607499999999998e-03
   2.1255500000000000e-02
   1.0726909999999999e-02
  -6.8969625000000001e-03
  -4.8446650000000006e-03
   1.3191200000000000e-02
   2.3902900000000001e-02
   1.9088734999999999e-02
   2.2125250000000003e-03
  -6.2866199999999997e-03
   1.9096350000000002e-02
   1.0810830000000000e-02
   9.5672594999999996e-03
  -1.1589044999999999e-02
  -2.1804799999999999e-02
  -6.4697100000000000e-03
   1.5724160000000001e-02
   2.0111100000000000e-02
   4.0283050000000003e-03
  -1.9760099999999999e-02
  -8.7508900000000008e-03
   7.7438250000000002e-03
   7.8735300000000001e-03
   8.6975000000000030e-04
  -1.1909510000000002e-02
  -8.8729750000000000e-03
   7.4081399999999997e-03
   1.5419015000000001e-02
  -1.7242399999999997e-03
  -1.9050600000000001e-02
  -2.1568299999999999e-02
  -4.7531099999999996e-03
   8.2168650000000003e-03
  -8.4152400000000009e-03
  -1.9485450000000001e-02
  -2.4269100000000002e-02
  -1.9607499999999998e-03
   7.4081549999999996e-03
  -9.4602000000000054e-04
  -9.2086600000000005e-03
  -1.9302349999999999e-02
  -1.1459330000000000e-02
   9.8495665000000003e-03
   9.6130320000000005e-03
  -1.0940544999999999e-02
  -2.4230999999999999e-02
  -1.3885500000000001e-03
   1.3946519999999999e-02
   1.1077905000000001e-02
  -2.7236900000000000e-03
  -1.1634840000000000e-02
   1.2817350000000000e-03
   1.5792825000000000e-02
   1.7677300000000000e-02
   1.2207499999999970e-04
  -1.6555800000000002e-02
   1.8691999999999999e-03
   2.2941550000000002e-02
   2.4414099999999998e-02
   7.2860790000000000e-03
  -6.0882549999999999e-03
   6.4087149999999995e-04
   2.1087649999999999e-02
   2.0561250000000000e-02
   6.3325000000000013e-04
  -1.1444075000000000e-02
  -5.7983399999999999e-03
   1.8936149999999999e-02
   3.0944849999999999e-02
   1.4183069999999999e-02
  -6.0653699999999996e-03
  -7.7514650000000008e-03
   1.2611390000000000e-02
   2.5123600000000003e-02
   8.6135819999999998e-03
  -7.4920400000000002e-03
  -1.3366699999999999e-02
   1.2733444999999999e-02
   2.8595000000000002e-02
   1.4030470000000000e-02
  -3.4332250000000003e-03
  -9.8113799999999998e-03
   1.1802669999999999e-02
   2.7824399999999999e-02
   2.7091999999999998e-02
   8.8653499999999993e-03
  -6.5155000000000005e-03
   1.4762900000000001e-02
   3.6277749999999997e-02
   2.5863649999999998e-02
   4.7302268000000000e-03
  -5.1803600000000002e-03
   1.4953589999999999e-03
   2.2918700000000000e-02
   2.8823849999999998e-02
   6.1950650000000005e-03
  -7.3623849999999999e-03
   5.4016100000000003e-03
   2.5283799999999999e-02
   3.2417299999999996e-02
   1.1764520000000001e-02
  -4.9591100000000001e-03
   1.8692010000000000e-03
   1.9348150000000001e-02
   2.8488150000000000e-02
   9.2315799999999996e-03
  -5.9204099999999992e-03
   1.7395004999999999e-03
   1.9752499999999999e-02
   3.1646750000000001e-02
   1.4610280000000000e-02
  -5.5084200000000000e-03
  -1.5106200000000001e-03
   1.7578099999999999e-02
   2.7069049999999997e-02
   1.6586320000000002e-02
  -4.0435749999999998e-03
  -5.7830850000000003e-03
   2.0988449999999999e-02
   3.0715949999999999e-02
   2.5833099999999998e-02
  -4.8828499999999976e-04
  -3.4332249999999998e-03
   1.5075650000000001e-02
   3.1402599999999996e-02
   2.0278899999999999e-02
  -4.7531300000000004e-03
  -1.2718185000000000e-02
   9.0332049999999990e-03
   2.1553050000000001e-02
   1.0803245000000000e-02
  -9.3917800000000006e-03
  -1.8638599999999998e-02
  -3.2959000000000000e-03
   1.3092015000000000e-02
   1.2245175000000001e-02
  -1.2237530000000000e-02
  -1.7753600000000001e-02
   2.8992000000000004e-04
   1.9760150000000001e-02
   2.5680549999999996e-02
   3.9825600000000004e-03
  -1.1299155000000000e-02
  -2.3803750000000001e-03
   8.9950650000000000e-03
   1.3847369999999999e-02
  -1.0246295000000001e-02
  -2.4757399999999999e-02
  -2.3666349999999999e-02
   4.1198700000000003e-03
   6.9656240000000001e-03
  -7.2708195000000002e-03
  -2.5932350000000000e-02
  -2.7832050000000001e-02
   3.7155150000000000e-03
   1.8524199999999998e-02
   9.6740799999999998e-03
  -1.6243000000000000e-02
  -1.4587400000000000e-02
   8.5296650000000005e-03
   2.0637500000000000e-02
   8.6212349999999997e-03
  -1.3717649999999998e-02
  -2.0340000000000000e-02
  -1.7547604999999999e-03
   1.2092570000000000e-02
   7.4462935000000003e-03
  -1.4015204999999999e-02
  -2.6794399999999999e-02
  -8.3694449999999997e-03
   4.1961999999999989e-04
  -1.1367800000000004e-03
  -2.1827699999999998e-02
  -2.5375349999999998e-02
  -6.5155049999999996e-03
   1.0002150000000000e-02
   8.0871399999999996e-03
  -1.1535625000000001e-02
  -3.0258199999999999e-02
  -1.8257150000000000e-02
   3.2272349999999997e-03
   9.0561000000000010e-03
  -1.1375445000000001e-02
  -2.5039699999999998e-02
  -1.4785750000000000e-02
   8.8577050000000004e-03
   1.2786875000000000e-02
  -8.0413770000000006e-03
  -1.7402649999999999e-02
  -7.9193000000000006e-03
   9.5596350000000004e-03
   1.4068580000000001e-02
  -2.1820049999999999e-03
  -1.8920899999999997e-02
  -1.7112749999999999e-02
   3.1280500000000003e-03
   1.4564515000000000e-02
   1.5563999999999999e-03
  -1.6197200000000002e-02
  -1.8135050000000000e-02
   3.1509400000000001e-03
   7.1945139999999999e-03
  -6.4086799999999999e-03
  -1.6883849999999999e-02
  -2.2514350000000002e-02
  -1.2741075000000000e-03
   1.8745450000000000e-02
   1.4213560000000000e-02
  -8.1100449999999998e-03
  -1.7143249999999999e-02
   3.5858150000000000e-03
   1.8341050000000001e-02
   6.5841800000000002e-03
  -1.6006449999999998e-02
  -1.9432049999999999e-02
  -1.6479484999999999e-03
   1.8005399999999998e-02
   1.4694200000000001e-02
  -1.8844600000000001e-03
  -1.4221200000000000e-02
  -5.3558349999999998e-03
   1.8760650000000000e-02
   2.4627650000000001e-02
  -4.5623799999999996e-03
  -2.0706150000000000e-02
  -1.1543250000000000e-02
   6.1874169999999997e-03
   1.4762895000000002e-02
  -2.2890000000000237e-05
  -2.0652749999999997e-02
  -1.5754700000000000e-02
  -2.7465850000000002e-03
   3.3950649999999996e-03
  -9.4680754999999991e-03
  -2.5245650000000001e-02
  -2.4284350000000000e-02
  -7.3395000000000005e-03
   7.6904429999999999e-03
  -2.6321449999999998e-03
  -1.9462600000000000e-02
  -2.4688749999999999e-02
  -2.8686515000000000e-03
   1.0757465000000001e-02
   8.0109000000000040e-04
  -1.7654400000000001e-02
  -2.1049499999999999e-02
  -3.7841799999999998e-03
   1.6754150000000002e-02
   8.2931649999999999e-03
  -1.3572700000000000e-02
  -2.3773200000000001e-02
  -6.9274899999999997e-03
   7.1716150000000001e-03
   1.0963420000000001e-02
  -9.7427499999999997e-03
  -1.8363950000000000e-02
  -5.8364899999999997e-03
   8.8729849999999999e-03
   1.3275149999999999e-02
  -4.5318585000000003e-03
  -1.4144900000000000e-02
  -2.9983549999999999e-03
   1.4968850000000001e-02
   1.9363399999999999e-02
  -5.4550194999999999e-03
  -2.0484900000000000e-02
  -1.4808650000000000e-02
   2.7923574999999998e-03
   1.3618470000000001e-02
  -7.4004999999999991e-04
  -1.5739400000000001e-02
  -7.1945150000000003e-03
   1.3153100000000001e-02
   2.5466900000000001e-02
   4.4860849999999999e-03
  -1.4381399999999999e-02
  -1.7120349999999999e-02
   4.9438490000000002e-03
   2.0126300000000000e-02
   8.9416618000000003e-03
  -9.9334599999999999e-03
  -1.2374900000000001e-02
   1.2054450000000001e-02
   2.0797699999999999e-02
   8.9111559999999999e-03
  -7.2479450000000004e-03
  -1.2855550000000000e-02
   8.1939800000000000e-03
   2.6504500000000000e-02
   2.2850050000000000e-02
   3.8910049999999999e-03
  -1.7013575000000001e-03
   9.9334549999999990e-03
   2.6138300000000000e-02
   2.2377000000000001e-02
  -4.7149449999999999e-03
  -1.4511150000000000e-02
  -2.7465850000000002e-03
   1.0269169999999999e-02
   8.8043089999999997e-03
  -9.0637400000000007e-03
  -1.9058249999999999e-02
  -7.2174049999999997e-03
   5.4092400000000001e-03
   7.4157899999999994e-03
  -1.2237560000000001e-02
  -2.6748649999999999e-02
  -1.4518699999999999e-02
   6.4773750000000005e-03
   1.6784649999999998e-02
  -9.6130499999999997e-04
  -2.2644049999999999e-02
  -2.1377550000000002e-02
   3.1585710000000002e-03
   1.8905650000000000e-02
  -1.9454949999999998e-03
  -1.7929050000000002e-02
  -1.7799349999999999e-02
   5.0125149999999995e-03
   1.1512755000000000e-02
  -4.2953499999999999e-03
  -1.9645700000000002e-02
  -1.8348650000000001e-02
   6.6223400000000000e-03
   2.4032600000000001e-02
   1.4488235000000000e-02
  -3.1127950000000007e-03
  -7.5531000000000001e-03
   9.7961449999999992e-03
   1.6281150000000001e-02
   8.8424599999999999e-03
  -1.1657740000000000e-02
  -2.1736149999999999e-02
  -5.8059649999999997e-03
   1.4244100000000001e-02
   1.5571590000000000e-02
  -9.8419200000000005e-03
  -1.6670249999999998e-02
  -6.0577400000000007e-03
   7.5988699999999998e-03
   1.1131280000000000e-02
  -4.5700074999999998e-03
  -2.2430400000000000e-02
  -9.2163049999999993e-03
   1.3847365000000000e-02
   1.8722500000000000e-02
  -2.0675649999999999e-03
  -1.7463699999999999e-02
  -5.8898950000000000e-03
   1.0635390000000000e-02
   1.3961764999999999e-02
  -4.6539349999999997e-03
  -2.0484950000000002e-02
  -1.8226650000000000e-02
   1.4648450000000000e-03
   1.3412449999999999e-02
  -3.1890900000000003e-03
  -1.6929600000000000e-02
  -1.9805900000000001e-02
   2.5176999999999999e-03
   1.3084400000000000e-02
   6.2560999999999997e-04
  -1.6021750000000001e-02
  -2.0133950000000001e-02
   2.9525770000000001e-03
   2.4414050000000000e-02
   7.4386699999999997e-03
  -1.1299150000000001e-02
  -1.8371600000000002e-02
  -1.8844585000000001e-03
   1.1024480000000000e-02
   1.1497480000000001e-02
  -4.1046149999999998e-03
  -4.4708249999999995e-03
   1.1070244999999999e-02
   1.9798300000000001e-02
   1.8539449999999999e-02
  -1.0063190000000000e-02
  -1.9447300000000001e-02
  -4.5776376000000001e-03
   1.0078419999999999e-02
   1.5495305000000001e-02
  -4.7836149999999997e-03
  -1.5487650000000000e-02
  -7.1563749999999995e-03
   1.0055525000000001e-02
   1.6792290000000001e-02
  -2.1057099999999998e-03
  -1.7066950000000001e-02
  -1.2588514999999998e-03
   2.0034799999999998e-02
   8.7051500000000000e-03
  -9.0179265000000005e-03
  -1.9432049999999999e-02
  -1.1283899999999999e-02
   9.4299249999999987e-03
   2.1682750000000001e-02
   5.7144199999999996e-03
  -1.1665335000000001e-02
  -7.8964249999999986e-03
   1.3145465000000000e-02
   2.5169400000000001e-02
   1.2001059999999999e-02
  -1.1352545000000000e-02
  -1.3694750000000000e-02
   5.3329499999999995e-03
   1.8051150000000002e-02
   7.7743600000000001e-03
  -8.6898649999999997e-03
  -1.1611949999999999e-02
   3.9749134999999998e-03
   2.6733399999999997e-02
   1.6403220000000000e-02
  -2.6626605000000000e-03
  -1.3267549999999999e-02
   3.8528449999999997e-03
   1.1398304999999999e-02
   8.3770770000000001e-03
  -8.6517350000000007e-03
  -1.3732950000000001e-02
  -5.3863290000000005e-03
   1.5441870000000000e-02
   2.1301250000000001e-02
  -4.5013500000000038e-04
  -8.0795399999999996e-03
  -5.8441199999999995e-03
   1.4488234999999999e-02
   1.6227740000000001e-02
  -5.5847205000000002e-03
  -1.5480000000000001e-02
  -8.7738049999999991e-03
   1.1329650000000000e-02
   2.0935050000000000e-02
   2.9678249999999999e-03
  -1.4854450000000002e-02
  -8.0566400000000003e-03
   1.2207050000000001e-02
   2.0179750000000000e-02
   2.4642950000000000e-03
  -8.1405649999999989e-03
  -7.6522850000000000e-03
   3.8986200000000002e-03
   1.7021160000000000e-02
   7.5988580000000000e-03
  -6.0806300000000001e-03
  -1.3732899999999999e-02
   4.4937099999999997e-03
   1.7547600000000000e-02
   1.0078404999999999e-02
  -1.0017390000000001e-02
  -2.0271299999999999e-02
  -2.1972640000000000e-03
   1.6532900000000000e-02
   1.3809220000000001e-02
  -4.7454814999999999e-03
  -1.3122550000000000e-02
  -3.5324089999999998e-03
   1.1596690000000000e-02
   9.9258400000000000e-03
  -9.8113999999999996e-03
  -2.0355200000000000e-02
  -9.9105700000000005e-03
   7.1411199999999999e-03
   5.1040849999999995e-03
  -1.5861489999999999e-02
  -2.6084900000000001e-02
  -1.9752499999999999e-02
   3.9138650000000007e-03
   7.4691950000000005e-03
  -1.5960670000000000e-02
  -3.0174250000000000e-02
  -1.9889850000000001e-02
   2.0751949999999997e-03
   1.1787414999999999e-02
  -1.0810825000000000e-02
  -3.1410199999999999e-02
  -2.9670700000000001e-02
  -7.1029469500000003e-03
   1.5182400000000001e-03
  -1.1222860000000001e-02
  -2.9235850000000001e-02
  -3.5530100000000002e-02
  -2.0126350000000001e-02
  -1.2359649999999995e-03
  -1.2947080000000000e-02
  -2.9579150000000002e-02
  -3.6148100000000002e-02
  -1.1230489999999999e-02
  -6.7138500000000004e-04
  -7.9116884999999998e-03
  -2.4421699999999998e-02
  -3.0601500000000004e-02
  -1.2344379999999999e-02
   1.5869149999999999e-03
  -8.3160549999999993e-03
  -2.4032600000000001e-02
  -2.8976450000000001e-02
  -2.3239150000000000e-02
   4.6539000000000042e-04
  -2.4185249999999999e-03
  -2.3757950000000000e-02
  -2.6153549999999998e-02
  -1.0818464999999999e-02
   9.3460250000000009e-03
   1.3313310000000000e-02
  -8.2168599999999994e-03
  -1.4404300000000002e-02
   3.8452149999999999e-03
   2.0584100000000001e-02
   2.8968849999999997e-02
   1.4976494999999999e-02
  -9.6130499999999954e-04
   2.7008050000000001e-03
   1.6937250000000001e-02
   2.4589549999999998e-02
   5.1956350000000005e-03
  -1.0086045000000000e-02
  -5.9738200000000003e-03
   1.2359630000000000e-02
   2.1713299999999998e-02
   1.8692000000000005e-03
  -1.4732400000000000e-02
  -1.5632600000000000e-02
   3.0746454999999997e-03
   1.4923115000000001e-02
   1.0681150000000001e-03
  -1.6799950000000001e-02
  -1.4114399999999999e-02
   7.6446650000000001e-03
   1.8356350000000000e-02
   5.2032249999999997e-03
  -1.1764545000000001e-02
  -1.5892050000000001e-02
   7.9422250000000007e-03
   1.7349225000000003e-02
   8.8424560000000003e-03
  -6.0119495000000005e-03
  -6.9732649999999993e-03
   5.3711035000000001e-03
   2.4093600000000000e-02
   1.8295269999999999e-02
  -5.6305145000000003e-03
  -2.2186299999999999e-02
  -1.3427749999999999e-02
   2.2506800000000001e-03
   9.5520020000000004e-03
  -5.0811699999999994e-03
  -1.4740000000000000e-02
   5.1880000000000003e-04
   1.8432600000000000e-02
   2.3574800000000000e-02
  -3.2806500000000021e-04
  -1.7227200000000002e-02
  -1.0086085000000000e-02
   9.3002249999999988e-03
   1.5251180000000000e-02
   4.1961499999999948e-04
  -1.0940564999999999e-02
  -9.9410950000000005e-03
   1.2252800000000001e-02
   2.3574800000000000e-02
   9.3460300000000000e-03
  -6.7062399999999996e-03
  -5.3482050000000000e-03
   1.2504580000000000e-02
   2.0126350000000001e-02
   1.4434809999999999e-02
  -2.6321450000000007e-03
  -9.7198650000000011e-03
   1.3229370000000001e-02
   3.2463050000000000e-02
   1.4282245000000001e-02
  -1.3595579999999999e-02
  -1.7959599999999999e-02
  -1.9531250000000000e-03
   2.5329600000000001e-02
   1.6517645000000001e-02
  -2.1133399999999996e-03
  -1.1474625000000000e-02
   8.1787149999999996e-03
   2.1621750000000002e-02
   2.2323599999999999e-02
  -2.6855500000000001e-03
  -1.3381950000000000e-02
   2.9754600000000001e-03
   2.0370450000000002e-02
   2.4940499999999997e-02
  -3.7384000000000002e-03
  -2.0584100000000001e-02
  -4.8141499999999997e-03
   2.0385750000000001e-02
   1.3237015000000001e-02
  -1.9760149999999998e-03
  -1.6128549999999998e-02
  -1.0269150000000001e-02
   9.2239499999999999e-03
   2.0820600000000002e-02
   1.3359075000000000e-02
  -1.0620104999999999e-02
  -5.1727300000000004e-03
   1.8615699999999999e-02
   2.7137750000000002e-02
   4.2114150000000005e-03
  -5.8975199999999998e-03
  -1.2710550000000001e-02
   6.0272405000000003e-03
   1.7028785000000001e-02
   5.9966900000000007e-03
  -1.0467525000000000e-02
  -9.4451950000000000e-03
   7.4081499999999996e-03
   1.9866900000000000e-02
   5.2261549999999997e-03
  -1.1268630000000000e-02
  -1.3488800000000000e-02
   8.6212500000000004e-04
   1.2405385000000001e-02
   6.7901749999999999e-03
  -5.9204050000000001e-03
  -1.4808650000000000e-02
  -1.5945400000000002e-03
   1.3252244999999999e-02
   6.2789700000000000e-03
  -1.4923094999999999e-02
  -2.5123599999999999e-02
  -7.8964249999999986e-03
   1.0437030000000000e-02
   1.2123124999999998e-02
  -1.2954710000000001e-02
  -2.5917050000000001e-02
  -1.8569950000000002e-02
   4.4555669999999997e-03
   8.0413676000000000e-03
  -8.8958500000000003e-03
  -2.7473450000000000e-02
  -1.4816250000000000e-02
   7.2555750000000002e-03
   1.3130195000000001e-02
  -2.7770999999999998e-03
  -1.6868600000000001e-02
  -1.7334000000000002e-02
   1.6403200000000000e-03
   1.4961250000000001e-02
  -4.0206950000000003e-03
  -2.1858200000000001e-02
  -2.4795550000000000e-02
   6.5612999999999999e-04
   1.4205949999999998e-02
  -1.5563950000000003e-03
  -1.5800500000000002e-02
  -2.0950299999999998e-02
   1.7242450000000001e-03
   1.8112200000000002e-02
   1.5792855000000001e-02
  -8.9645450000000008e-03
  -1.0627750000000000e-02
   1.0543819999999999e-02
   2.4337800000000000e-02
   1.7349255000000001e-02
  -2.1667500000000003e-03
  -1.0360734999999999e-02
   1.0406485000000000e-02
   2.8930700000000000e-02
   3.2310499999999999e-02
   9.0179300000000004e-03
  -3.8223249999999997e-03
   9.8876750000000003e-03
   2.8678900000000000e-02
   2.9235850000000001e-02
   9.3231000000000008e-03
  -7.8048700000000002e-03
   2.8381350000000003e-03
   1.8981899999999999e-02
   1.4907859999999998e-02
   6.0272000000000060e-04
  -1.4816250000000000e-02
  -7.8964399999999994e-03
   1.6670249999999998e-02
   2.2148149999999998e-02
   3.1738349999999999e-03
  -7.7819600000000001e-03
  -6.8664450000000005e-03
   1.1543299999999999e-02
   2.4269100000000002e-02
   6.7748974999999999e-03
  -9.8876950000000002e-03
  -1.5541049999999999e-02
   1.0330225000000000e-02
   1.5609750000000000e-02
   8.5067650000000012e-03
  -7.8048900000000001e-03
  -1.3900800000000001e-02
   1.7776500000000000e-03
   1.4724745000000001e-02
   7.3165964999999996e-03
  -1.4106740000000000e-02
  -1.8081699999999999e-02
   4.1198750000000003e-03
   2.2590649999999997e-02
   9.7427304999999995e-03
  -1.4434825000000000e-02
  -2.2369399999999998e-02
  -2.4566650000000002e-03
   1.0879540000000000e-02
   8.6059550000000002e-03
  -8.6975349999999993e-03
  -1.9546500000000001e-02
  -9.5367499999999997e-04
   1.9081149999999998e-02
   1.5319820000000000e-02
  -2.2964500000000002e-03
  -1.3977050000000000e-02
  -6.3095050000000000e-03
   9.7503750000000004e-03
   1.8554700000000000e-02
  -4.4250499999999972e-04
  -2.0408599999999999e-02
  -1.2069699999999999e-02
   1.2207045000000000e-02
   1.7501824999999999e-02
   1.1901850000000003e-03
  -1.2672405000000001e-02
  -6.0729949999999994e-03
   1.7440799999999999e-02
   3.2089250000000000e-02
   6.4010420000000000e-03
  -8.8272300000000001e-03
  -3.6926249999999997e-03
   2.4032600000000001e-02
   2.4444549999999999e-02
   1.3359079999999999e-02
  -1.4305149999999999e-02
  -1.8775950000000000e-02
  -1.3351450000000000e-03
   8.7127580000000010e-03
   1.8386800000000001e-03
  -1.7578099999999999e-02
  -2.0965549999999999e-02
   2.0599000000000008e-04
   2.1049499999999999e-02
   1.1688240000000001e-02
  -9.8571900000000000e-03
  -1.9325250000000002e-02
   3.1509399999999996e-03
   1.6189550000000000e-02
   8.3770805000000000e-03
  -1.1367780000000001e-02
  -2.2941599999999999e-02
  -4.4097885000000002e-03
   1.5708949999999999e-02
   1.7471299999999999e-02
  -6.7977706000000001e-03
  -2.2064199999999999e-02
  -7.9650899999999993e-03
   1.3397200000000001e-02
   1.7982499999999998e-02
  -4.5623650000000005e-03
  -1.9477849999999998e-02
  -1.2428300000000000e-02
   9.2925999999999998e-03
   2.2270250000000002e-02
   1.9989049999999996e-03
  -1.3725299999999999e-02
  -9.9945149999999990e-03
   6.9274899999999997e-03
   1.8737799999999999e-02
   2.3880099999999999e-03
  -1.2832635000000000e-02
  -1.1054999999999999e-02
   1.2825010000000000e-02
   2.1461450000000000e-02
   8.0261104999999992e-03
  -1.1985770000000000e-02
  -1.6471850000000000e-02
   6.3476549999999998e-03
   1.3389584999999999e-02
   6.6757449999999994e-03
  -1.4106750000000001e-02
  -2.3391700000000001e-02
  -3.4103350000000000e-03
   1.0116590000000002e-02
  -1.0833750000000001e-03
  -1.7364499999999998e-02
  -2.3666400000000001e-02
  -8.6822400000000008e-03
   1.2054399999999999e-03
  -6.0272300000000006e-03
  -2.6580799999999998e-02
  -3.7742600000000001e-02
  -2.5878900000000000e-02
  -1.2901305000000000e-02
  -1.6036975000000002e-02
  -4.1381849999999998e-02
  -6.3262949999999998e-02
  -6.4193699999999992e-02
  -6.2736500000000001e-02
  -7.2601350000000009e-02
  -9.5611799999999997e-02
  -1.0890200000000000e-01
  -1.1039700000000000e-01
  -9.7694400000000001e-02
  -1.0078455000000000e-01
  -1.2039949999999999e-01
  -1.3886250000000000e-01
  -1.3570399999999999e-01
  -1.0751350000000000e-01
  -1.0961930000000000e-01
  -1.2274150000000000e-01
  -1.3712350000000001e-01
  -1.3809199999999999e-01
  -1.1318950000000000e-01
  -1.0285930000000000e-01
  -1.1671450000000000e-01
  -1.4335650000000000e-01
  -1.3943450000000002e-01
  -1.1003900000000000e-01
  -9.2559799999999998e-02
  -1.0240940000000000e-01
  -1.1541750000000001e-01
  -1.1752350000000000e-01
  -9.6893299999999988e-02
  -9.0225250000000007e-02
  -9.9334850000000002e-02
  -1.1480699999999999e-01
  -1.2671650000000001e-01
  -1.0592650000000001e-01
  -9.1796850000000013e-02
  -9.1392500000000002e-02
  -1.0777300000000001e-01
  -1.1125200000000000e-01
  -9.4970700000000005e-02
  -7.3738100000000001e-02
  -6.8862900000000005e-02
  -9.3383800000000003e-02
  -1.0328650000000000e-01
  -8.7554900000000005e-02
  -6.0073849999999998e-02
  -5.6549099999999998e-02
  -7.0892349999999993e-02
  -7.4729949999999989e-02
  -7.0404049999999996e-02
  -4.7912600000000000e-02
  -2.4047849999999999e-02
  -4.0328950000000002e-02
  -5.3153950000000005e-02
  -4.7264100000000003e-02
  -2.5001500000000003e-02
   3.4179700000000002e-03
  -2.2880549999999999e-02
  -4.5494050000000001e-02
  -4.0847800000000004e-02
  -1.4633195000000002e-02
  -3.7079100000000000e-03
  -4.9438299999999998e-03
  -1.8447850000000002e-02
  -1.7257700000000001e-02
   6.6223050000000002e-03
   1.2245155000000001e-02
   2.2163349999999998e-02
   2.0202600000000001e-02
   1.9660950000000000e-02
   1.4228794999999999e-02
   2.7122500000000001e-02
   3.0403150000000004e-02
   9.3383749999999995e-03
   2.5329599999999995e-03
   2.9640199999999998e-02
   5.4870600000000005e-02
   6.4422599999999997e-02
   3.7193299999999999e-02
   1.8417349999999999e-02
   3.5919149999999997e-02
   6.2377950000000001e-02
   6.7680350000000000e-02
   4.7698950000000004e-02
   3.3477800000000002e-02
   4.7920199999999996e-02
   6.2980649999999999e-02
   6.1882000000000006e-02
   5.0750749999999997e-02
   3.5812350000000000e-02
   3.9100650000000001e-02
   6.0043300000000001e-02
   6.9328299999999995e-02
   2.6931799999999999e-02
   3.4637449999999998e-03
   6.3705450000000000e-03
   6.1798100000000000e-03
  -1.0223500000000000e-03
  -3.5400399999999999e-02
  -4.9713099999999996e-02
  -4.5463549999999998e-02
  -1.9432100000000001e-02
  -1.3679520500000000e-02
  -1.7127969999999999e-02
  -2.7519250000000002e-02
  -3.9459250000000001e-02
  -1.7547600000000000e-02
   5.4016099999999994e-03
   1.4724699999999996e-03
  -1.2100210000000000e-02
  -8.9798100000000013e-03
   1.0803219999999999e-02
   3.7254350000000006e-02
   3.4042349999999999e-02
  -7.5912649999999998e-03
  -3.1433149999999998e-03
   2.3620599999999999e-02
   5.4824850000000001e-02
   4.1519199999999999e-02
   3.6529550000000001e-02
   2.5650050000000001e-02
   3.8948049999999998e-02
   6.9381750000000006e-02
   7.7682500000000002e-02
   6.9847099999999995e-02
   5.6785600000000006e-02
   5.6579600000000001e-02
   8.8485700000000000e-02
   9.1369750000000000e-02
   6.7687999999999998e-02
   6.2202449999999999e-02
   6.2553399999999995e-02
   8.3679199999999995e-02
   8.9011999999999994e-02
   7.0503250000000003e-02
   4.6867400000000004e-02
   5.7327249999999996e-02
   8.2763649999999994e-02
   9.3925549999999997e-02
   7.5576749999999998e-02
   5.2444500000000005e-02
   4.7378549999999998e-02
   6.8519600000000000e-02
   9.0102999999999989e-02
   7.4546799999999996e-02
   5.3436250000000005e-02
   5.5725100000000000e-02
   8.2321149999999996e-02
   1.0060905000000001e-01
   7.9200750000000000e-02
   5.6434600000000001e-02
   4.7210699999999994e-02
