   4.2137149999999998e-02
   4.1122400000000003e-02
   4.1320799999999998e-02
   4.9087499999999999e-02
   4.8912049999999999e-02
   4.5013449999999997e-02
   3.9985649999999998e-02
   3.9047249999999999e-02
   4.5516950000000000e-02
   4.6806349999999997e-02
   4.2930599999999999e-02
   3.7223850000000003e-02
   4.2953500000000006e-02
   4.5440649999999999e-02
   3.8818350000000001e-02
   4.2518600000000004e-02
   4.2968750000000000e-02
   4.3678250000000002e-02
   5.5801400000000001e-02
   6.4552300000000007e-02
   5.7838450000000000e-02
   3.1784099999999996e-02
   2.9655450000000000e-02
   3.8360600000000002e-02
   4.1648850000000001e-02
   4.6455399999999994e-02
   3.9390549999999996e-02
   4.0679949999999999e-02
   3.9566050000000005e-02
   4.5349100000000003e-02
   4.2358400000000004e-02
   3.1860350000000003e-02
   3.2386800000000000e-02
   3.2470699999999998e-02
   3.6415099999999999e-02
   4.2640700000000004e-02
   3.3142049999999999e-02
   2.4612400000000000e-02
   2.0118700000000000e-02
   2.5924650000000000e-02
   3.1181350000000000e-02
   1.9134499999999999e-02
   1.4022805000000001e-02
   1.2725810000000001e-02
   2.4047849999999999e-02
   2.7496350000000003e-02
   2.4772650000000000e-02
   2.2377000000000001e-02
   1.5510550000000000e-02
   1.6662600000000000e-02
   1.9630399999999999e-02
   2.1118149999999999e-02
   8.1558299999999993e-03
   1.1009230000000000e-02
   1.5159599999999999e-02
   1.3320935000000001e-02
   9.1552750000000009e-03
   1.0726919999999999e-02
   1.2145989999999999e-02
   1.8585200000000000e-02
   2.7572650000000001e-02
   1.6975400000000002e-02
   1.4137250000000001e-02
   1.2557990000000000e-02
   1.5045150000000000e-02
   1.6891500000000000e-02
   1.4442450000000001e-02
   1.0261530000000000e-02
   7.3242199999999993e-03
   9.1857950000000001e-03
   1.6723650000000000e-02
   1.6815150000000001e-02
   1.1672950000000001e-02
   2.1072399999999998e-02
   1.6548199999999999e-02
   1.7265349999999999e-02
   1.3664229999999999e-02
   7.7209254999999997e-03
   7.6370149999999996e-03
   9.8037500000000000e-03
   1.8836949999999998e-02
   1.7356850000000000e-02
   1.4106750000000001e-02
   1.3427755000000000e-02
   9.8571749999999993e-03
   1.6479450000000000e-02
   2.1736149999999999e-02
   1.6120910000000002e-02
   1.6914400000000000e-02
   1.7364500000000001e-02
   2.5947600000000001e-02
   2.5482200000000000e-02
   1.6448955000000001e-02
   1.4472940000000000e-02
   1.5747050000000002e-02
   2.1690399999999999e-02
   2.0912199999999999e-02
   2.0294150000000000e-02
   1.6654950000000002e-02
   1.2542744999999999e-02
   1.4846800000000000e-02
   1.8203749999999998e-02
   9.3918049999999996e-03
   2.8228500000000017e-04
   5.8975405000000003e-03
   8.1939700000000001e-03
   9.0332249999999989e-03
   4.2114149999999996e-03
   2.9602049999999996e-03
   3.9443990000000003e-03
   3.5857999999999984e-04
   7.2479049999999998e-03
   1.6181935000000001e-02
   1.2817390000000001e-02
   2.7313249999999997e-03
   2.3422244000000001e-03
   1.2046800000000000e-02
   5.1574650000000000e-03
   9.0789749999999995e-03
   1.0696400000000000e-02
   9.8648299999999998e-03
   1.5029899999999999e-02
   1.3420084999999998e-02
   2.0126350000000001e-02
   1.8753050000000000e-02
   7.2326500000000002e-03
   1.3313274999999999e-02
   1.5571600000000001e-02
   2.7618400000000002e-03
  -1.5258499999999979e-04
  -3.3493049999999999e-03
   3.4179664999999999e-03
   2.0675685000000003e-03
   2.9907250000000001e-03
  -2.0217899999999999e-03
  -2.5482184999999998e-03
   1.5716549999999999e-03
   7.1029900000000000e-03
   7.6217550000000009e-03
   2.9144300000000004e-03
   6.3858209999999999e-03
   1.3504050000000000e-02
   7.0037995000000004e-03
   2.4032500000000004e-03
  -3.6010949999999999e-03
  -8.9187750000000003e-03
  -1.0528549999999999e-03
   5.7601759999999997e-03
   8.0795399999999996e-03
  -1.2435899999999997e-03
  -4.3945349999999998e-03
  -2.9983499999999995e-03
  -3.0670200000000002e-03
  -2.3193349999999996e-03
  -9.3384050000000010e-03
  -2.9830932000000001e-03
   2.2048949999999997e-03
   4.7759999999999999e-03
   7.1868699999999997e-03
  -2.7694849999999999e-03
  -8.9950550000000001e-03
  -5.7067999999999997e-03
   1.7089865000000002e-03
   2.7771000000000002e-03
   2.7236900000000000e-03
  -6.6070640000000002e-03
  -4.4326800000000005e-03
   4.2648314999999999e-03
   1.4572150000000000e-03
  -4.9590950000000002e-03
  -9.3078499999999995e-03
  -1.0009745000000000e-02
   1.5487645000000000e-03
   6.3781500000000000e-03
   6.7215199999999999e-03
   2.4642949999999996e-03
  -1.4495999999999997e-04
   6.2789899999999999e-03
   9.2010699999999987e-03
   1.5335099999999996e-03
  -1.3503999999999999e-03
  -6.7901599999999999e-03
   1.6784649999999999e-03
   3.3187849999999999e-03
   6.0653564999999998e-03
  -3.6392199999999994e-03
   5.4931499999999987e-04
   8.4076150000000002e-03
   5.8593750000000000e-03
   5.1574850000000007e-03
   5.0125199999999995e-03
   1.2283300000000001e-03
   3.7841773999999998e-03
   6.9198850000000006e-03
   7.4005000000000000e-03
   2.0599350000000002e-03
   3.6621099999999997e-03
   1.9531250000000000e-03
   7.8582900000000004e-03
   8.1176800000000004e-03
   1.5945399999999998e-03
   5.6457500000000032e-04
   1.8311000000000000e-04
   4.2800900000000003e-03
   4.0893575000000007e-03
  -3.2119900000000005e-03
  -5.5389440000000005e-03
   2.5711050000000002e-03
   8.8500799999999998e-03
   8.9721749999999989e-03
   2.2964550000000002e-03
  -6.1035000000000082e-05
  -2.0675649999999999e-03
   6.5612559999999997e-03
   8.4228749999999998e-03
   6.6909999999999990e-03
   5.8136200000000002e-03
   8.7051250000000011e-03
   1.7288200000000000e-02
   1.6838050000000000e-02
   1.3061509999999998e-02
   1.1062640000000000e-02
   7.8735550000000008e-03
   1.1375415000000000e-02
   1.1978144999999999e-02
   4.6386750000000001e-03
  -3.7384000000000028e-04
  -1.0528550000000001e-03
   7.7514749999999999e-03
   6.8969849999999996e-03
   8.8653599999999992e-03
   4.6539500000000004e-03
   1.2664750000000000e-03
   1.3809199999999999e-03
   1.0269159999999999e-02
   1.1199954999999999e-02
  -8.5449000000000028e-04
  -1.4495850000000000e-03
   9.9945000000000025e-04
   1.6937249999999999e-03
   2.6702849999999997e-03
  -2.4414049999999998e-03
  -2.9754643999999998e-03
  -1.7852750000000000e-03
   3.8150000000000250e-05
   4.9133210000000000e-03
   5.8746500000000012e-04
   5.4169000000000005e-04
  -5.6915400000000001e-03
  -2.2583000000000000e-03
   1.6021500000000001e-04
  -5.8669940000000004e-03
  -8.2168650000000003e-03
  -1.1283850000000000e-02
  -1.1138900000000000e-03
   5.0201359999999997e-03
   1.6555799999999998e-03
  -2.5329599999999999e-03
  -2.3422223999999998e-03
   1.8920884999999998e-03
   2.0751949999999997e-03
  -3.0059800000000001e-03
  -6.5765293999999995e-03
  -9.3460049999999992e-03
  -2.9754650000000001e-03
  -6.0119400000000003e-03
  -8.4609850000000007e-03
  -1.3626085000000000e-02
  -1.3595560000000000e-02
  -9.6816899999999997e-03
  -2.8762800000000002e-03
  -4.5775999999999976e-04
  -1.2237524999999999e-02
  -1.4915500000000002e-02
  -1.1268609999999998e-02
  -1.1581420000000000e-02
  -9.5596249999999987e-03
  -1.2870780000000000e-02
  -1.2939434999999999e-02
  -9.1094949999999987e-03
  -5.8364850000000006e-03
  -4.3945399999999997e-03
  -1.1322010000000000e-02
  -1.8089300000000003e-02
  -1.3732889999999999e-02
  -1.0353080000000001e-02
  -1.1047339999999999e-02
  -1.3221749999999999e-02
  -1.0948164999999999e-02
  -7.8277599999999996e-03
  -2.2885000000000049e-05
   3.1509399999999996e-03
  -3.5400199999999996e-03
  -8.8500799999999998e-03
  -1.1665330000000000e-02
  -6.6375699999999998e-03
  -5.6381199999999999e-03
  -1.2153615000000000e-02
  -1.1787425000000001e-02
  -9.2010300000000007e-03
  -7.4234000000000001e-03
  -8.1329400000000000e-03
  -9.8113950000000005e-03
  -1.0581960000000000e-02
  -1.5457149999999999e-02
  -9.6969650000000001e-03
  -9.1552800000000000e-03
  -5.2032420000000003e-03
  -1.2924220000000000e-02
  -1.6655000000000000e-02
  -7.7667349999999994e-03
  -4.9285868000000007e-03
  -9.6206650000000005e-03
  -1.9470200000000000e-02
  -1.8524150000000000e-02
  -1.4068600000000001e-02
  -1.5182500000000002e-02
  -1.0246280000000000e-02
  -1.5281660000000001e-02
  -1.5724149999999999e-02
  -1.3458249999999998e-02
  -6.7901550000000000e-03
  -7.4615299999999992e-03
  -1.7349264999999999e-02
  -1.6494750000000002e-02
  -1.5502925000000001e-02
  -3.3416744999999999e-03
  -8.0566649999999993e-03
  -1.9935600000000001e-02
  -1.9722000000000000e-02
  -1.2634275000000000e-02
  -6.6680764999999999e-03
  -3.8146899999999999e-03
  -2.6245249999999995e-03
  -7.8658944999999997e-03
  -6.1035324000000002e-03
  -2.4948100000000001e-03
  -9.2696999999999988e-03
  -1.2687675000000001e-02
  -1.4831540000000001e-02
  -1.7349250000000000e-02
  -9.4146649999999991e-03
  -1.2580855000000000e-02
  -1.7074600000000002e-02
  -1.7662049999999999e-02
  -1.8981899999999999e-02
  -1.1054995000000000e-02
  -1.0810860000000000e-02
  -9.0026949999999998e-03
  -1.6403200000000000e-02
  -1.2138375000000000e-02
  -5.5847149999999996e-03
   7.2479499999999987e-04
  -3.3874600000000001e-03
  -1.0910025000000000e-02
  -6.2256030500000004e-03
  -5.4550200000000005e-03
   3.0365000000000001e-03
   1.9531250000000004e-03
  -6.4468350000000006e-03
  -1.3504000000000003e-03
  -1.5564000000000001e-03
   7.1868799999999997e-03
   6.6375814999999998e-03
  -5.4092250000000001e-03
  -7.3318550000000000e-03
  -2.4719199999999998e-03
   6.2408450000000001e-03
   3.4332249999999998e-03
   1.7776500000000000e-03
   1.9454950000000002e-03
   9.7656000000000001e-04
   2.5939925000000000e-03
  -1.6250599999999998e-03
  -3.7384300000000001e-03
  -8.6059550000000002e-03
  -7.2021749999999999e-03
  -1.0147099999999998e-03
   1.6403200000000002e-03
  -1.9759949999999999e-03
  -4.8217650000000004e-03
  -5.4015935000000003e-03
   1.6403200000000002e-03
   4.4326785000000004e-03
   3.6773700000000001e-03
   9.9182499999999956e-04
   3.1433099999999999e-03
   8.7509150000000015e-03
   9.8800800000000012e-03
   4.6233949999999998e-03
   7.3775999999999998e-03
   5.8288625000000004e-03
   1.0307320000000000e-02
   6.4773599999999997e-03
   6.9045914999999996e-03
  -3.6621000000000002e-03
  -2.1743749999999997e-03
  -1.9073499999999997e-03
   3.2119749999999997e-03
   7.0495706000000000e-03
   1.4877349999999996e-03
  -3.8149999999999816e-05
   1.5792850000000002e-03
   5.9433174999999998e-03
   8.9416635000000005e-03
   1.9989000000000001e-03
   2.3651100000000001e-03
   1.6784500000000002e-04
   6.0501140000000005e-03
   1.6632100000000000e-03
  -5.2414150000000001e-03
  -9.8571549999999994e-03
  -1.0604860000000001e-02
  -2.3880000000000004e-03
  -1.3046249999999998e-03
  -6.5460200000000005e-03
  -3.5095049999999996e-03
  -6.0043550000000003e-03
   5.4931500000000009e-04
  -1.6098000000000000e-03
  -7.5378440000000001e-03
  -1.1947609999999999e-02
  -1.3198850000000000e-02
  -6.2026949999999994e-03
  -4.6767950000000001e-03
  -1.6021750000000000e-03
  -7.1182293999999995e-03
  -5.9509300000000001e-03
   3.9062500000000000e-03
   1.1673000000000002e-03
  -4.5776499999999999e-03
  -1.2832659999999999e-02
  -1.4053370000000001e-02
  -6.5994054999999998e-03
   1.6021750000000004e-03
   5.6457699999999996e-03
   1.4495849999999998e-03
  -5.5236980000000005e-03
  -1.9073500000000004e-04
   1.1428845000000000e-02
   2.6702850000000001e-03
  -1.1047385000000000e-02
  -7.8735500000000000e-03
  -8.3923500000000024e-04
   5.4931814999999995e-03
   1.1596699999999998e-03
  -2.0065300000000003e-03
  -5.9661799999999997e-03
  -1.6021720000000000e-03
   1.4648450000000002e-03
   2.4948100000000001e-03
  -1.4114249999999996e-03
  -4.2343149999999998e-03
  -1.3809199999999999e-03
   8.8272099999999985e-03
   2.4795549999999996e-03
  -1.8692000000000005e-03
  -3.0517549999999997e-03
  -5.5618249999999994e-03
   1.2512200000000004e-03
   4.8980480000000003e-03
   1.9073500000000004e-04
  -7.4004960000000003e-03
  -7.2784649999999996e-03
   5.4626405000000001e-03
   1.0414139999999999e-02
   6.7138899999999993e-03
   3.6239600000000003e-03
   4.1198730000000005e-03
   8.9187750000000003e-03
   1.3328575000000000e-02
   7.9879800000000004e-03
   1.5254999999999609e-05
   6.4315550000000003e-03
   1.7570499999999999e-02
   1.5441900000000000e-02
   1.1436470000000001e-02
   4.1961600000000000e-03
  -1.3733000000000018e-04
   6.1721799999999993e-03
   6.7825300000000002e-03
   4.7912594999999997e-03
   2.6550300000000001e-03
   1.4266950000000000e-03
   3.3569338000000002e-03
   6.8359550000000003e-03
   4.6157799999999999e-03
   1.5945450000000002e-03
   9.1555000000000109e-05
  -2.0217899999999999e-03
   1.4953600000000000e-03
   2.3193350000000005e-03
  -3.3035249999999999e-03
   2.7008050000000001e-03
   5.4626500000000003e-03
   1.5304550000000000e-02
   1.3916049999999999e-02
   1.0627734999999999e-02
   5.5236905000000001e-03
   4.2572000000000000e-03
   1.0551470000000000e-02
   1.0581950000000000e-02
   9.6053850000000010e-03
   3.5705600000000004e-03
  -6.5612999999999999e-04
   5.0430295000000007e-03
   6.3628999999999995e-03
   7.1487560000000000e-03
  -3.1585699999999999e-03
  -6.2866200000000006e-03
  -1.4190650000000002e-03
   5.5847149999999996e-03
   1.9531250000000000e-03
  -6.2255755000000003e-03
  -1.0025015000000000e-02
   2.7465999999999992e-04
   6.1416435000000002e-03
   4.6997100000000002e-03
  -1.7318699999999999e-03
  -5.1193000000000002e-03
  -4.8370345000000002e-03
  -1.2206999999999973e-04
   2.2811849999999998e-03
   4.4097649999999995e-03
   9.7045999999999990e-03
   9.8571949999999992e-03
   1.3679505000000000e-02
   1.2145999999999999e-02
   1.0681150000000001e-03
  -6.7977950000000006e-03
  -9.3689150000000002e-03
  -2.7008060000000000e-03
  -6.8740699999999995e-03
  -9.7808610000000001e-03
  -1.0879535000000001e-02
  -7.5683750000000004e-03
   2.3422250000000003e-03
   3.9062699999999999e-03
   2.2659300000000002e-03
  -3.4790000000000003e-03
  -5.6762699999999998e-03
   2.1820070000000001e-03
   4.1580200000000001e-03
  -8.6822355000000014e-03
  -1.2680034999999999e-02
  -9.7656400000000008e-03
  -9.3841499999999995e-04
   6.1035000000000082e-05
  -4.5547399999999998e-03
  -6.4391920000000007e-03
  -4.3869040000000005e-03
   6.2027100000000002e-03
   1.1161790000000000e-02
   9.6435700000000006e-03
   7.5226099999999999e-03
   4.3106099999999994e-03
   9.3917799999999989e-03
   4.6615600000000004e-03
  -8.7738000000000009e-04
  -9.3917900000000006e-03
  -8.8271949999999995e-03
  -3.5553000000000000e-03
  -2.5177000000000012e-04
   5.4245249999999995e-03
   4.9209450000000004e-03
   5.2108899999999993e-03
   1.2062059999999999e-02
   1.2527469999999999e-02
   8.4915149999999998e-03
   5.4931500000000031e-04
  -7.1716400000000000e-03
  -2.6855500000000001e-03
   5.3939849999999996e-03
   1.5182499999999996e-03
  -5.0201650000000000e-03
  -6.2713650000000001e-03
  -1.0223400000000001e-03
   8.5678100000000004e-03
   9.4146969500000007e-03
   3.5324100000000002e-03
  -7.9498334999999996e-03
  -1.0688770000000000e-02
  -2.2201550000000001e-03
   5.3404999999999859e-05
   1.5255000000000043e-05
  -5.9509450000000000e-03
  -5.5770730000000001e-03
   2.1286000000000005e-03
   2.0294199999999997e-03
  -3.3188050000000002e-03
  -6.1950800000000004e-03
  -6.3857999999999996e-03
   2.1285994999999999e-03
   3.2577530000000000e-03
  -8.0108499999999999e-04
  -4.5471184999999999e-03
   1.6860950000000001e-03
   5.7907100000000001e-03
   6.5994050000000000e-03
   2.6473999999999998e-03
  -1.8615700000000003e-03
   1.5255000000000043e-05
  -2.7465499999999995e-04
   3.9672499999999968e-04
  -3.2043400000000000e-03
  -1.3069150000000002e-02
  -1.3320905000000001e-02
  -9.6283150000000001e-03
  -1.4419550000000000e-03
  -4.5013499999999994e-04
  -3.9444000000000007e-03
  -6.1035354999999999e-03
  -7.5759950000000003e-03
  -2.8915400000000002e-03
  -6.3094850000000001e-03
  -1.1695849999999999e-02
  -1.2451155000000000e-02
  -1.2283340000000000e-02
  -6.2560799999999998e-03
  -2.1286000000000000e-03
  -6.1798249999999999e-03
  -7.9879605000000003e-03
  -5.9051500000000005e-03
  -1.4724700000000002e-03
   1.1215200000000000e-03
  -5.3558500000000005e-03
  -9.5825450000000013e-03
  -1.4640800000000001e-02
  -1.1108375000000000e-02
  -1.1672994999999999e-02
  -1.4625545000000000e-02
  -1.7044050000000002e-02
  -1.3053894999999999e-02
  -4.2266850000000000e-03
   8.5448999999999985e-04
  -5.1956350000000005e-03
  -4.0512099999999995e-03
  -2.1362320000000001e-03
  -1.8157950000000000e-03
   1.2512199999999999e-03
  -1.6097999999999998e-03
  -6.2637345000000006e-03
  -7.1410950000000001e-03
  -4.0054310000000003e-03
   1.7547999999999999e-04
  -1.4419550000000000e-03
  -9.5977700000000003e-03
  -7.6217600000000000e-03
  -4.5928949999999996e-03
  -1.7547609999999999e-03
  -1.3046250000000002e-03
  -3.5400400000000004e-03
   2.4261499999999997e-03
   3.7155130000000001e-03
   7.9345449999999994e-03
   9.6893500000000011e-03
   7.2631980000000002e-03
   5.3100775000000005e-03
   3.9978050000000001e-03
   8.9340299999999991e-03
   1.2199395000000000e-02
   5.5236699999999996e-03
   6.7825500000000000e-03
   7.1258600000000004e-03
   1.3122550000000000e-02
   1.4221200000000000e-02
   1.4663710000000000e-02
   7.2173964999999998e-03
   2.8305050000000001e-03
   1.2542745000000001e-02
   1.4526350000000000e-02
   1.2084940000000001e-02
   6.5460435000000003e-03
   5.6686549999999999e-03
   1.3938900000000001e-02
   1.6037000000000003e-02
   6.1721950000000001e-03
  -1.5258999999999976e-04
   4.5776390000000005e-03
   1.2794510000000002e-02
   1.8394450000000000e-02
   1.6891489999999999e-02
   8.6135699999999992e-03
   7.0877050000000006e-03
   8.8424550000000008e-03
   6.7749250000000002e-03
   7.3166050000000003e-03
  -4.3716249999999996e-03
  -3.6849970000000002e-03
  -5.5695000000000007e-04
   3.5781855000000000e-03
   9.5901550000000012e-03
   5.6457499999999989e-04
  -5.1116959999999998e-03
  -1.2130749999999999e-03
   2.0599349999999997e-03
   2.2735550000000000e-03
  -3.6544899999999998e-03
  -7.9192849999999999e-03
  -5.5084250000000000e-03
   5.8975149999999999e-03
   8.8119449999999998e-03
   7.4004999999999991e-04
   4.4860949999999998e-03
   1.9302375000000000e-03
   5.8441149999999996e-03
   3.8909890000000001e-03
   3.7078950000000001e-03
   2.2125199999999999e-03
   6.4849500000000002e-04
   5.3405000000000076e-05
   6.8664500000000005e-04
  -7.0190499999999998e-03
  -1.1878985000000000e-02
  -1.1573790000000000e-02
  -8.2702850000000005e-03
  -3.1051650000000000e-03
   2.4948300000000000e-03
   7.0190500000000006e-04
  -4.0817099999999997e-03
  -2.7389549999999995e-03
   5.0353999999999980e-04
   2.8381550000000002e-03
  -3.3035249999999999e-03
  -7.9650850000000002e-03
  -8.9492849999999995e-03
  -5.1803530500000002e-03
  -7.7819759999999995e-03
  -1.4068580000000001e-02
  -1.3557440000000000e-02
  -1.3282785000000000e-02
  -1.3412465000000000e-02
  -1.3427725000000000e-02
  -2.2109950000000000e-02
  -1.9844050000000002e-02
  -1.8096950000000001e-02
  -1.6166699999999999e-02
  -9.8419314999999997e-03
  -1.3999919999999999e-02
  -6.2942294999999999e-03
  -6.4392240000000003e-03
  -2.8991700000000004e-03
   2.4261549999999997e-03
  -1.3885450000000001e-03
  -7.8277349999999989e-03
  -7.4462900000000004e-03
   1.9989000000000001e-03
   5.6457299999999998e-03
   2.5177150000000002e-03
  -6.8664500000000048e-04
  -2.5100549999999998e-03
   6.2866264999999998e-03
   6.3324000000000002e-03
  -3.5095500000000002e-04
  -5.4855300000000006e-03
  -6.2332299999999993e-03
   1.5487649999999999e-03
   2.1286000000000000e-03
   4.2877100000000001e-03
   3.1280700000000006e-03
  -5.8899059999999994e-03
   1.6784700000000005e-03
   7.5912440000000005e-03
   1.9149899999999997e-03
  -5.4168799999999989e-03
  -9.7503550000000005e-03
  -3.0593849999999995e-03
   3.8070850000000000e-03
   1.0177635000000001e-02
   5.9661950000000005e-03
   6.6375844999999999e-03
   7.3318649999999999e-03
   1.2954705000000000e-02
   1.0490410000000000e-02
   5.1193400000000000e-03
   9.5062450000000000e-03
   1.0421760000000000e-02
   9.9487099999999995e-03
   5.8441150000000004e-03
   1.1367799999999996e-03
   2.7694699999999996e-03
   1.3198849999999998e-03
   5.7678260000000002e-03
   6.8359420000000002e-03
   1.3198850000000002e-03
  -1.3961749999999999e-03
  -1.2206999999999995e-04
   6.9885450000000005e-03
   9.4680800000000002e-03
   1.1268635000000001e-02
   6.7291165000000000e-03
   6.7977975000000001e-03
   1.0025015000000000e-02
   7.1868849999999996e-03
   5.1345715000000007e-03
  -6.5078519999999997e-03
  -1.9310000000000001e-02
  -1.3824445000000001e-02
  -6.8740749999999995e-03
  -5.9127600000000004e-03
  -7.8735565000000000e-03
  -7.4767849999999997e-03
  -1.8310550000000001e-03
   5.6457499999999989e-04
  -7.6294999999999662e-05
  -2.8686550000000003e-03
  -6.5155050000000004e-03
   1.2283300000000001e-03
   4.9591050000000001e-03
   1.8157949999999998e-03
  -2.9754500000000019e-04
   4.6539299999999997e-03
  -2.7160650000000001e-03
   4.7073300000000000e-03
   9.8800800000000012e-03
   6.9885449999999997e-03
   5.5236825000000000e-03
   5.2490250000000000e-03
   2.9144250000000000e-03
  -2.8991999999999993e-04
   6.8664999999999872e-05
  -2.6473999999999998e-03
   1.1520399999999998e-03
   1.2145990000000001e-02
   1.3977055000000000e-02
  -1.9073500000000004e-04
  -3.1433000000000003e-03
  -8.6212000000000007e-04
   4.6539299999999997e-03
   6.0730100000000002e-03
   2.0599499999999962e-04
   1.1825550000000003e-03
  -6.2332259999999997e-03
  -2.4719249999999998e-03
   2.0599499999999962e-04
  -2.0446700000000002e-03
  -2.6702499999999973e-04
  -3.8299550000000003e-03
   4.6310424000000003e-03
   5.2642599999999998e-03
   1.5869149999999995e-03
  -1.3122550000000000e-03
   2.2125249999999999e-03
   8.7737900000000001e-03
   1.2054425000000001e-02
  -7.7820999999999967e-04
  -9.3841500000000060e-04
   2.8457650000000001e-03
   4.1732770000000004e-03
   4.0512080000000006e-03
   4.9514949999999993e-03
  -2.4108849999999998e-03
   3.6163450000000000e-03
   8.3999499999999998e-03
   1.3465855000000001e-02
   1.5701275000000001e-02
   9.8037549999999991e-03
   8.4686350000000004e-03
   5.8822600000000003e-03
   4.2877400000000000e-03
   2.6550200000000006e-03
  -1.1367850000000004e-03
  -1.1215250000000000e-03
   1.0604850000000001e-03
   7.3623849999999999e-03
   1.0070785000000001e-02
   2.4643199999999999e-03
  -3.6697400000000003e-03
  -4.7912390000000001e-03
  -5.7982999999999993e-04
   4.3487399999999994e-03
  -1.6632050000000001e-03
  -2.4795550000000000e-03
   3.5324100000000006e-03
   8.3160600000000001e-03
   1.0391230000000000e-02
   4.2343300000000006e-03
   1.0681200000000001e-03
  -8.3160500000000002e-04
   8.0871499999999978e-04
  -1.5259000000000019e-04
   1.4495499999999956e-04
  -3.0899050000000004e-03
  -4.0893535000000002e-03
   9.9944999999999982e-04
   3.1585699999999994e-03
  -2.1209849999999997e-03
  -1.1131300000000000e-02
  -1.0475145000000000e-02
  -6.4621050000000001e-03
   4.8065000000000000e-04
   4.4250649999999997e-03
  -3.2577700000000005e-03
  -1.0620130000000000e-02
  -4.5318594999999998e-03
   3.8147000000000007e-04
   4.2190350000000003e-03
  -1.9226050000000004e-03
  -6.1416800000000001e-03
  -4.5318599999999995e-03
   2.1514899999999998e-03
  -2.8228500000000017e-04
  -9.5901400000000005e-03
  -1.2756330000000000e-02
  -1.2474059999999999e-02
  -4.3792739999999998e-03
   1.7395000000000002e-03
  -4.2953399999999999e-03
  -7.1487499999999997e-03
  -5.4702904999999998e-03
   1.1443999999999994e-04
  -3.4027104999999999e-03
  -1.0063170000000000e-02
  -1.4770505000000000e-02
  -1.1939985000000000e-02
  -3.5095000000000005e-04
   8.3313085000000005e-03
   4.1122399999999996e-03
   1.0910000000000000e-03
   4.0817250000000005e-03
   9.6130350000000007e-03
   4.9743499999999998e-03
  -4.3182600000000000e-03
  -1.0528559999999999e-02
  -9.9716149999999996e-03
  -3.6163339999999997e-03
  -5.1117000000000003e-04
  -2.7465999999999992e-04
  -1.2657139999999999e-02
  -1.2489330000000000e-02
  -3.6010719999999999e-03
  -2.6321399999999998e-03
  -4.7302200000000003e-03
  -1.0772680000000000e-02
  -1.2458785000000000e-02
  -1.0772725000000000e-02
  -3.7536699999999997e-03
  -3.6087050000000002e-03
  -9.3765250000000001e-03
  -7.2479249999999997e-03
   1.9836444999999999e-03
   1.4419550000000002e-03
  -3.8299599999999999e-03
  -9.7656449999999999e-03
  -7.2250350000000003e-03
  -6.4544700000000003e-03
  -1.0070795000000001e-03
   4.4250499999999994e-04
  -6.8969654999999994e-03
  -6.7443599999999996e-03
  -3.8452159999999998e-03
   1.0833749999999999e-03
   5.3939585000000005e-03
  -2.0217900000000003e-03
  -3.9825400000000006e-03
  -3.1890849999999999e-03
   9.3078499999999995e-04
   2.5787350000000004e-03
   7.1106149999999998e-03
   4.6081550000000001e-03
   4.6462988000000004e-03
   1.3702400000000000e-02
   1.3893115000000001e-02
   9.8113899999999997e-03
  -5.1879999999999982e-04
  -5.9356699999999997e-03
   2.3498520000000004e-03
   1.1901849999999999e-03
   3.3264200000000001e-03
   1.2130750000000001e-03
   1.0910049999999999e-03
   7.9727349999999999e-03
   9.3689199999999993e-03
   3.1967400000000000e-03
  -6.9961655000000001e-03
  -1.0238644999999999e-02
  -3.0441259999999999e-03
   3.5247790000000000e-03
   8.3999799999999996e-03
   3.0059900000000001e-03
  -7.0190499999999963e-04
   5.8136125000000007e-03
   1.1917120000000000e-02
   1.5457149999999999e-02
   7.5073449999999995e-03
   7.6599349999999997e-03
   3.8757320000000002e-03
   5.2642805000000003e-03
   3.2730099999999998e-03
  -1.5029899999999996e-03
   6.1040000000000053e-05
   2.9983540000000004e-03
   6.9122500000000000e-03
   8.6059599999999993e-03
   4.8217549999999996e-03
  -1.5945400000000002e-03
  -5.9585755000000004e-03
   5.0964349999999999e-03
   3.6621100000000005e-03
  -7.1716499999999964e-04
   2.7923550000000003e-03
  -1.8310550000000003e-03
   6.3781749999999998e-03
   8.3236899999999999e-03
   7.3700199999999997e-03
   6.6375500000000025e-04
  -3.3569000000000003e-04
   3.9443980000000000e-03
   4.3334999999999997e-03
   3.0517499999999998e-04
  -3.2424900000000002e-03
  -1.5869149999999999e-03
   6.0958849999999997e-03
   5.7296706000000003e-03
   6.0348399999999996e-03
  -2.8229000000000014e-04
  -2.9830950000000003e-03
   1.5029900000000001e-03
   3.4332299999999998e-03
   6.6375799999999997e-03
  -1.0070800000000005e-03
   5.0354000000000024e-04
   6.1798100000000000e-03
   7.5759700000000004e-03
   3.0975300000000002e-03
  -3.5171499999999993e-03
  -8.0718850000000009e-03
  -6.7901400000000001e-03
  -3.2958989999999997e-03
  -1.9836400000000001e-03
  -4.7607600000000002e-03
  -4.1809049999999995e-03
  -1.0376000000000001e-03
   1.0757449999999999e-03
   3.9062484999999999e-03
   7.9346000000000017e-04
  -9.2315499999999994e-04
  -5.7983200000000000e-03
  -7.0342935000000002e-03
  -1.8157949999999998e-03
  -3.9749099999999999e-03
  -1.9073500000000004e-03
   2.9830919999999997e-03
   7.0266849999999995e-03
   1.1077904999999999e-02
   3.2806400000000000e-03
   1.1520400000000000e-03
   5.2185095000000003e-03
   7.1487300000000007e-03
   6.7062429999999998e-03
   8.3160609999999996e-03
   1.7700200000000002e-03
  -3.6621000000000006e-04
   6.0577250000000008e-03
   7.6446450000000003e-03
   4.4555599999999999e-03
  -6.7138530500000003e-03
  -8.7203850000000006e-03
  -6.1416650000000001e-03
  -6.1034999999999865e-05
  -1.9683800000000000e-03
  -7.6675640000000000e-03
  -5.1422200000000003e-03
  -1.1291499999999998e-03
   1.1749249999999998e-03
   7.7819499999999975e-04
  -8.7814299999999998e-03
  -8.9797750000000006e-03
  -9.2544649999999999e-03
  -3.3569350000000001e-03
   2.8152450000000001e-03
   2.5940150000000003e-03
   1.2207000000000016e-04
   3.5400350000000000e-03
   1.1756920000000001e-02
   7.7514645000000002e-03
   1.8844600000000001e-03
  -1.6250599999999998e-03
  -7.3699999999999998e-03
  -6.4849905000000001e-03
  -3.0593950000000003e-03
  -1.5792849999999997e-03
   4.8065499999999997e-04
   2.5558495000000000e-03
   4.5318599999999995e-03
   4.8065354999999995e-03
  -4.8827999999999979e-04
  -6.3629299999999993e-03
  -9.0866100000000002e-03
  -4.8828000000000001e-04
  -3.9215099999999996e-03
  -5.5694799999999999e-03
  -9.8800399999999997e-03
  -6.6070700000000005e-03
   1.6021999999999998e-04
  -2.1057149999999998e-03
  -4.1580300000000001e-03
  -1.7677300000000000e-02
  -1.6784700000000000e-02
  -1.3732899999999999e-02
  -1.4236465000000000e-02
  -1.2466445000000000e-02
  -1.4343250000000000e-02
  -1.5274050000000001e-02
  -8.4915049999999999e-03
  -2.7389499999999995e-03
   5.3404999999999859e-05
  -2.0141599999999996e-03
  -4.3411254999999992e-03
  -5.8135799999999996e-03
  -3.6468485000000000e-03
  -3.3264150000000001e-03
  -9.6054299999999999e-03
  -6.5765199999999998e-03
  -3.9291400000000002e-03
   8.6288400000000005e-03
   9.5215085000000012e-03
   1.9226249999999999e-03
  -4.5700100000000002e-03
  -7.3699700000000000e-03
  -2.5711050000000002e-03
   5.7220500000000011e-04
  -1.3732999999999974e-04
  -4.5013499999999994e-04
  -4.9819736499999998e-03
   8.2092250000000005e-03
   9.6054050000000009e-03
  -1.0910050000000004e-03
  -4.2572050000000000e-03
  -3.5018900000000001e-03
  -6.8664999999999872e-05
   1.1291500000000002e-03
  -2.7618549999999997e-03
  -3.0746699999999998e-03
  -3.6392199999999999e-03
   2.8686499999999999e-03
   6.5536400000000003e-03
   4.3792900000000001e-03
  -3.8375849999999997e-03
  -9.4833350000000007e-03
  -6.0577349999999999e-03
  -2.3574799999999999e-03
  -4.2800849999999994e-03
  -3.4332249999999998e-03
  -1.2206999999999973e-04
   6.1798100000000000e-03
   9.6664300000000002e-03
   7.2174314999999996e-03
  -1.4495850000000002e-03
  -5.2185050000000000e-03
  -7.9040750000000000e-03
  -7.2021400000000001e-03
  -4.3106100000000003e-03
  -7.8048850000000001e-03
  -7.3547250000000003e-03
  -4.8599250000000002e-03
   4.5775999999999998e-04
  -1.9989000000000001e-03
  -9.6740600000000000e-03
  -1.0398845000000000e-02
  -1.2306210000000001e-02
  -2.5100694999999999e-03
  -3.0670150000000002e-03
  -4.3411300000000003e-03
  -1.0566690000000000e-02
  -6.7748949999999995e-03
  -3.3798200000000000e-03
   1.4343249999999997e-03
   1.2969999999999995e-04
  -7.1792834999999996e-03
  -1.1489855000000000e-02
  -5.4626676000000002e-03
   1.4495850000000002e-03
  -1.5411400000000003e-03
  -1.9073500000000001e-03
  -5.1574564999999992e-03
   2.1591200000000005e-03
   1.9835999999999986e-04
  -2.5405899999999997e-03
  -1.2878440000000000e-02
  -1.7784149999999999e-02
  -1.0223380000000001e-02
   2.1361999999999987e-04
  -4.1427749999999996e-03
  -9.9029749999999996e-03
  -3.4103395000000002e-03
   4.0512070000000002e-03
   1.2725850000000000e-02
   1.4106760000000001e-02
   7.5302019999999997e-03
   3.8375839999999998e-03
   1.1215220000000000e-03
   1.9836405000000002e-03
  -3.0517999999999995e-04
  -7.8506500000000007e-03
  -1.4205949999999998e-02
  -1.6265849999999998e-02
  -8.5067549999999995e-03
  -6.8206665000000001e-03
  -1.1711114999999999e-02
  -8.1253249999999992e-03
  -1.0307334999999999e-02
  -1.3351399999999999e-03
   5.9280349999999999e-03
   2.5253300000000001e-03
  -9.0789999999999968e-04
  -1.8310500000000025e-04
   7.1029850000000000e-03
   8.4075999999999994e-03
   2.1667499999999994e-03
  -4.3487600000000001e-03
  -4.7454799999999998e-03
  -3.3493030000000001e-03
  -2.7160650000000001e-03
  -3.3721949999999997e-03
  -1.0742210000000000e-02
  -1.4823900000000001e-02
  -1.0749800000000000e-02
  -6.5002229999999994e-03
  -1.7547500000000002e-04
  -4.6081450000000001e-03
  -6.2103374999999995e-03
  -7.6370099999999996e-03
  -3.3798200000000004e-03
  -5.3482050000000000e-03
  -8.8806100000000006e-03
  -3.3264150000000001e-03
   3.3493030000000001e-03
   9.0560900000000010e-03
   1.1978155000000001e-02
   6.1569184999999997e-03
   7.4005499999999988e-04
  -1.1443999999999994e-04
   2.4490349999999996e-03
   1.3732900000000001e-03
  -4.5547299999999999e-03
  -4.3716440000000001e-03
   1.5260000000000013e-05
   2.1133450000000000e-03
   6.6986090000000003e-03
  -8.3923499999999981e-04
  -2.8228499999999996e-04
  -3.9596574999999998e-03
  -5.1880000000000003e-04
   3.4637449999999998e-03
  -2.7847299999999996e-03
  -5.4168490000000005e-03
  -2.6397685000000000e-03
   8.0337550000000001e-03
   9.9105700000000005e-03
   6.5002199999999993e-03
   1.3885500000000001e-03
  -1.2054450000000001e-03
   4.7912600000000003e-03
   3.1051649999999996e-03
   1.6860949999999999e-03
  -3.5705600000000000e-03
  -1.6784499999999991e-04
   4.7988900000000001e-03
   8.3007749999999998e-03
   3.5705569999999998e-03
  -1.8234249999999998e-03
  -2.0751970000000000e-03
   3.5095199999999999e-03
   7.1487549999999997e-03
   5.8365099999999996e-03
   1.0299699999999998e-03
   1.5563950000000003e-03
   5.9204100000000001e-03
   9.1247599999999991e-03
   7.0190640000000002e-03
   4.7302000000000021e-04
   7.9345500000000009e-04
   2.1209714999999999e-03
   5.4702750000000001e-03
   1.1772165000000001e-02
   3.6010650000000001e-03
   2.8228749999999999e-03
   1.2817349999999998e-03
   9.7732500000000007e-03
   1.3809210000000001e-02
   2.0446750000000001e-03
  -1.6555750000000003e-03
   7.6295000000000095e-05
   9.8419000000000002e-04
   4.9591000000000001e-04
  -5.3329249999999996e-03
  -3.9978000000000001e-03
  -5.2261295000000001e-03
  -4.3487544000000000e-03
   2.0904499999999998e-03
   4.0283400000000000e-03
  -4.0206900000000004e-03
  -8.0947850000000002e-03
  -5.2108799999999993e-03
   2.1362499999999984e-04
  -2.0217900000000003e-03
  -1.0238629999999999e-02
  -1.6578650000000000e-02
  -8.3694300000000006e-03
  -3.2501200000000000e-03
  -4.4936899999999998e-03
  -1.1909494999999999e-02
  -8.4686450000000003e-03
  -5.6076049999999999e-03
  -9.3231249999999998e-03
  -1.1520374999999999e-02
  -1.6685450000000001e-02
  -1.6197200000000002e-02
  -1.3450600000000000e-02
  -6.5612999999999999e-04
   1.1047350000000001e-02
   3.6392099999999999e-03
   5.8517500000000002e-03
   8.3846849999999994e-03
   1.0490425000000001e-02
   2.6550250000000001e-03
  -7.3547349999999994e-03
  -4.8217800000000003e-03
  -5.8441200000000004e-03
  -2.2885000000000049e-05
   1.6784650000000001e-03
  -6.2713439999999999e-03
  -4.9133294999999999e-03
  -2.5405899999999997e-03
   2.0217905000000000e-03
  -1.7929050000000000e-03
  -7.5302260000000001e-03
  -1.1978144999999999e-02
  -1.4030450000000000e-02
  -3.6544799999999999e-03
   1.5255000000000043e-05
   3.1433199999999998e-03
  -6.1645700000000003e-03
  -5.7830799999999995e-03
   3.9520299999999996e-03
  -1.1138949999999997e-03
  -7.5302149999999998e-03
  -1.0017385000000000e-02
  -1.0505675000000001e-02
  -6.9580100000000006e-03
  -1.9836499999999983e-04
   1.1520400000000002e-03
  -4.5774999999999635e-05
  -3.2043499999999999e-04
   5.6304949999999993e-03
   1.3580350000000001e-03
   3.0212300000000002e-03
  -8.8958700000000002e-03
  -9.3231149999999999e-03
   3.6621000000000006e-04
   1.7166150000000003e-03
   2.7389500000000000e-03
  -3.2730300000000006e-03
  -3.9138799999999998e-03
  -1.8386850000000001e-03
   9.9258449999999991e-03
   8.3847100000000001e-03
  -1.5869149999999999e-03
  -4.2495743999999992e-03
  -6.5994299999999999e-03
   2.0599349999999997e-03
   3.6087050000000002e-03
  -6.0959035000000003e-03
  -8.0795199999999998e-03
  -9.4680700000000003e-03
  -3.5705569999999998e-03
   1.0070800000000000e-03
  -8.6288649999999995e-03
  -7.9955849999999995e-03
  -9.1018450000000008e-03
  -2.4719250000000003e-03
  -1.9912750000000002e-03
  -7.9727144999999985e-03
  -4.3411249999999995e-03
  -6.1034999999999996e-04
   5.1650999999999997e-03
   1.2939454999999999e-02
   1.1726380000000000e-02
   5.5084125000000005e-03
   4.1656495000000002e-03
   7.0342950000000003e-03
   9.3460049999999992e-03
   4.2190530000000004e-03
  -2.1972649999999999e-03
  -1.5106200000000001e-03
   8.3924999999999885e-05
   1.0147100000000000e-03
  -2.9373150000000002e-03
  -6.9580149999999997e-03
  -1.3969400000000000e-02
  -1.2611400000000000e-02
  -6.0272260000000001e-03
  -1.1749249999999998e-03
  -1.1657730000000000e-02
  -1.4831520000000001e-02
  -7.2632084999999999e-03
  -1.3732899999999999e-03
  -2.3193349999999996e-03
  -6.1416665000000002e-03
  -7.2250149999999996e-03
  -3.3798250000000004e-03
  -4.7302500000000018e-04
  -1.4800999999999998e-03
  -8.5754200000000003e-03
  -9.4146850000000008e-03
  -1.2397785000000000e-02
  -9.9868650000000010e-03
  -6.8893250000000000e-03
  -9.6740600000000000e-03
  -8.5373050000000002e-03
  -7.7438350000000001e-03
  -2.5940000000000002e-04
   1.5411349999999999e-03
  -9.4222849999999990e-03
  -1.3793955000000000e-02
  -1.8028250000000003e-02
  -8.9263699999999994e-03
  -4.2648299999999998e-03
  -3.6849949999999999e-03
  -4.2037964999999998e-03
  -5.3558349999999998e-03
   1.3351449999999998e-03
   4.8828140000000001e-03
   2.6092550000000004e-03
  -6.1950669999999994e-03
  -7.4768000000000013e-04
   4.7912600000000003e-03
   5.2032381999999999e-03
   9.5367500000000018e-04
  -1.5716549999999999e-03
  -1.7318750000000001e-03
   2.9373189999999999e-03
   1.0009745000000000e-02
   5.5999699999999993e-03
   1.8310500000000025e-04
  -3.1433100000000003e-03
   9.5367500000000018e-04
  -3.5858000000000027e-04
  -1.0375950000000001e-03
  -7.3089399999999999e-03
  -6.7977999999999997e-03
  -5.7144149999999996e-03
   1.2588485000000001e-03
   4.3182359999999996e-03
  -2.9907249999999996e-03
  -4.3945349999999998e-03
  -8.5525549999999999e-03
  -3.7460317999999998e-03
  -2.1438600000000000e-03
  -6.4544535000000004e-03
  -7.5149700000000002e-03
  -2.8762800000000002e-03
  -7.6598900000000008e-03
  -4.4860839999999996e-03
  -3.8681300000000000e-03
  -6.7215004999999998e-03
  -8.8653650000000001e-03
  -7.3242000000000012e-04
  -7.0571999999999996e-03
  -1.0124181999999999e-02
  -1.5182500000000001e-03
  -1.2802129999999998e-02
  -5.7906850000000003e-03
  -2.9754600000000001e-03
  -1.6555850000000002e-03
   3.0515000000000056e-05
   2.4185200000000000e-03
   2.2048950000000001e-03
   4.1809099999999995e-03
   4.0283150000000002e-03
  -4.7912700000000003e-03
  -1.2596125000000000e-02
  -9.2239499999999999e-03
  -8.2702699999999997e-03
  -3.9138850000000006e-03
  -1.5449515000000000e-02
  -1.9111599999999999e-02
  -1.2748699999999998e-02
  -9.9868999999999999e-03
  -1.2939440000000000e-02
  -1.9256549999999997e-02
  -1.5708899999999998e-02
  -1.3015750000000000e-02
  -3.0593894000000002e-03
   1.1444000000000037e-04
  -7.0190499999999963e-04
  -5.1879999999999982e-04
  -1.1901850000000003e-03
   1.1596700000000002e-03
   2.1667450000000003e-03
  -2.1285950000000001e-03
  -5.7678100000000000e-03
  -2.6092549999999996e-03
   3.3111593999999999e-03
   3.8299549999999995e-03
   2.3803800000000001e-03
  -2.0523099999999999e-03
   1.4572150000000000e-03
   7.1029650000000001e-03
   2.2201550000000001e-03
  -2.9144350000000004e-03
  -8.1100530499999997e-03
  -1.0330224999999998e-02
   3.1509649999999999e-03
   1.0658239999999999e-02
   9.0408155000000004e-03
   7.6904449999999997e-03
  -1.2817350000000000e-03
   3.7078849999999997e-03
   2.5863649999999998e-03
   3.8604750000000004e-03
  -8.6975500000000027e-04
  -9.8572000000000000e-03
  -7.8353999999999993e-03
  -3.8147000000000007e-04
  -2.9830750000000000e-03
  -6.1645700000000003e-03
  -1.1260965000000001e-02
  -8.3618000000000008e-03
  -3.4790050000000003e-03
  -5.1727500000000003e-03
  -1.3275149999999999e-02
  -1.5846300000000001e-02
  -1.7837499999999999e-02
  -1.1733990000000000e-02
  -1.0154730000000001e-02
  -1.4373805000000000e-02
  -1.3420129999999999e-02
  -7.1182250000000006e-03
   3.6773670000000000e-03
   6.4621100000000001e-03
   3.0520000000000026e-05
  -8.0871499999999978e-04
  -3.3187859999999998e-03
   6.8893449999999998e-03
   4.7149749999999997e-03
   2.3880000000000004e-03
  -5.9051464999999997e-03
  -6.5078749999999998e-03
   2.2811849999999998e-03
   4.6615650000000003e-03
   1.7395000000000002e-03
   1.4572149999999998e-03
   1.9607549999999998e-03
  -2.2277849999999999e-03
   1.7776500000000000e-03
  -4.2419650000000003e-03
  -1.1764519999999999e-02
  -1.1528035000000001e-02
  -2.5177000000000003e-03
  -2.2885000000000266e-05
   6.4468500000000005e-03
   8.2397500000000023e-04
   8.0871999999999975e-04
   3.0670150000000002e-03
   3.5171500000000001e-03
  -5.0354150000000006e-03
  -1.3946544999999999e-02
  -1.0467545000000000e-02
  -7.6294999999999879e-05
   3.6544785000000002e-03
   1.9226050000000000e-03
   2.8915400000000006e-03
  -3.8681100000000001e-03
  -1.2207050000000003e-03
   9.5901400000000005e-03
   7.1029600000000002e-03
   1.8997249999999997e-03
   1.2512199999999999e-03
   1.0528549999999997e-03
   6.1798059999999995e-03
   1.1459330000000000e-02
   9.7732310000000003e-03
   1.1741629999999999e-02
   1.3290420000000001e-02
   2.1156300000000003e-02
   2.0965549999999999e-02
   1.5808099999999999e-02
   1.2847905000000000e-02
   5.3024444999999996e-03
   9.7961200000000002e-03
   1.4129655000000000e-02
   9.7732749999999997e-03
   8.5448950000000003e-03
   7.2708099999999999e-03
   1.0520914999999999e-02
   1.5518170000000000e-02
   1.7402629999999999e-02
   1.1428815000000000e-02
   7.6980699999999996e-03
   1.2275675000000000e-02
   1.2268089999999999e-02
   1.4991765000000001e-02
   9.4909750000000005e-03
   9.8571800000000001e-03
   1.8058800000000000e-02
   2.0500200000000000e-02
   1.7166150000000002e-02
   4.3335049999999996e-03
   8.3924999999999885e-05
  -2.7313245000000000e-03
   3.3798250000000004e-03
  -1.9149750000000002e-03
  -4.3411149999999996e-03
   3.0822749999999998e-03
   3.7918114999999997e-03
   1.2428265000000001e-02
   1.4984120000000000e-02
  -1.8463150000000003e-03
   2.7618400000000002e-03
   1.7089850000000001e-03
   2.3193349999999996e-03
   3.3874499999999997e-03
  -3.3416750000000001e-03
  -3.9596749999999993e-03
  -1.7852799999999998e-03
   2.5787350000000000e-03
   6.1340350000000004e-03
  -2.5711049999999997e-03
  -8.9645200000000001e-03
  -1.3214114999999999e-02
   1.0452250000000003e-03
   6.5460355000000001e-03
   8.1176909999999998e-03
   9.9944999999999982e-04
  -1.0925310000000001e-02
  -9.5672799999999992e-03
  -8.0032465000000001e-03
  -1.4503494999999998e-02
  -2.7389549999999999e-02
  -2.8228799999999998e-02
  -1.9882199999999999e-02
  -6.8336499999999994e-02
  -9.3009950000000008e-02
  -8.4144600000000000e-02
  -6.5628049999999993e-02
  -8.2267750000000001e-02
  -8.7715149999999992e-02
  -9.3284499999999992e-02
  -1.0749795000000001e-01
  -1.0530075000000000e-01
  -1.0210415000000000e-01
  -1.0333255000000000e-01
  -9.8205450000000000e-02
  -9.4573850000000001e-02
  -1.0314175000000000e-01
  -1.0427080000000000e-01
  -9.6443050000000002e-02
  -9.6740649999999997e-02
  -9.7946300000000000e-02
  -9.2704700000000001e-02
  -7.7056849999999996e-02
  -7.0610049999999994e-02
  -7.6995850000000005e-02
  -8.4144549999999999e-02
  -8.3717349999999996e-02
  -7.3524499999999993e-02
  -6.5841700000000003e-02
  -6.1553949999999996e-02
  -6.3880899999999990e-02
  -6.8984949999999989e-02
  -6.8595900000000001e-02
  -5.4969799999999999e-02
  -4.5547500000000005e-02
  -4.7859200000000005e-02
  -5.0224299999999999e-02
  -4.3586700000000006e-02
  -3.4706099999999997e-02
  -3.0143750000000000e-02
  -2.6634249999999998e-02
  -1.6586299999999998e-02
  -1.4526345000000000e-02
  -3.2730086500000000e-03
   7.0495699999999998e-03
   1.3351450000000003e-03
   2.9678350000000003e-03
   2.0156850000000000e-02
   7.7438189999999990e-03
   1.8051134999999999e-02
   2.0530699999999999e-02
   2.0797750000000000e-02
   2.9197700000000000e-02
   1.3511659999999998e-02
   3.1425450000000001e-02
   3.1791699999999999e-02
   2.1469100000000001e-02
   2.4726849999999998e-02
   3.7216200000000005e-02
   3.6361699999999997e-02
   3.7719699999999995e-02
   3.3500650000000000e-02
   3.3500700000000001e-02
   3.4317000000000000e-02
   4.3319749999999997e-02
   4.2808550000000001e-02
   4.3746950000000000e-02
   5.0399799999999995e-02
   4.5005799999999999e-02
   6.7466749999999992e-02
   5.1048299999999998e-02
   5.1048300000000005e-02
   5.7037350000000001e-02
   6.5910300000000005e-02
   5.5091849999999998e-02
   5.2268999999999996e-02
   4.4380200000000002e-02
   4.5707700000000004e-02
   5.0415000000000001e-02
   5.0704949999999999e-02
   4.8568750000000001e-02
   4.6646099999999996e-02
   3.8147000000000000e-02
   3.4355200000000002e-02
   3.9070149999999998e-02
   4.3808000000000000e-02
   3.9985649999999998e-02
   3.4782449999999999e-02
   3.2127349999999999e-02
   3.1768800000000000e-02
   3.2394400000000004e-02
   3.7414549999999998e-02
   2.9647800000000002e-02
   2.8183000000000000e-02
   3.4980749999999998e-02
   4.1854849999999999e-02
   4.7080999999999998e-02
   3.7460300000000002e-02
   3.3752400000000002e-02
   3.8642899999999994e-02
   3.9985699999999999e-02
   4.4967649999999998e-02
   3.9337150000000001e-02
   4.3350250000000000e-02
   3.7193299999999999e-02
   4.2007450000000002e-02
   4.4334449999999997e-02
   3.6407500000000002e-02
   4.0473950000000002e-02
   4.3701199999999996e-02
   5.0659200000000001e-02
   4.7889749999999995e-02
   3.7422200000000003e-02
   3.4515400000000002e-02
   3.7651100000000000e-02
   4.0557849999999999e-02
   3.7582400000000002e-02
   3.1951899999999998e-02
   3.1135549999999998e-02
   3.1463650000000003e-02
   4.2228700000000001e-02
   4.3373099999999998e-02
   3.8307200000000000e-02
   2.2705099999999999e-02
   2.2445699999999999e-02
   2.4719249999999998e-02
   2.8320300000000000e-02
   2.3094200000000002e-02
   2.8152449999999999e-02
   2.2956850000000001e-02
   2.7297950000000001e-02
   2.4604800000000000e-02
   2.7450549999999997e-02
   1.7532350000000002e-02
   2.1858250000000003e-02
   3.3439650000000001e-02
   3.0036899999999998e-02
   2.6428250000000000e-02
   1.8417349999999999e-02
   2.1713250000000000e-02
   1.6868599999999997e-02
   2.6473999999999998e-02
   2.0790099999999999e-02
   1.5457165000000000e-02
   1.5846249999999999e-02
   1.9882199999999999e-02
   3.0685450000000000e-02
   3.7193299999999999e-02
   3.4385649999999997e-02
   3.2089199999999998e-02
   2.9876699999999999e-02
   3.0281099999999998e-02
   3.1875600000000004e-02
   2.0141599999999999e-02
   1.1329650000000000e-02
   9.0331900000000000e-03
   3.4866500000000000e-03
   5.9127655000000001e-03
   4.8370250000000000e-03
   5.3405499999999986e-04
   3.6239600000000003e-03
   4.9438450000000005e-03
