  -1.2352005000000001e-02
  -9.3994249999999994e-03
  -1.4121999999999999e-02
  -1.1886615000000000e-02
  -2.2277813499999998e-03
   6.2026900000000003e-03
   5.8593750000000000e-03
   2.0065200000000004e-03
  -7.0571770000000004e-03
  -9.4680949999999993e-03
  -1.8463119999999999e-03
  -4.8599244000000000e-03
  -1.3763414999999999e-02
  -2.0088200000000001e-02
  -2.0751949999999998e-02
  -8.6441149999999991e-03
  -2.1514899999999998e-03
  -6.0729975000000007e-03
  -1.7547649999999998e-02
  -1.5975949999999999e-02
  -1.1512745000000001e-02
  -1.0589620000000001e-02
  -1.1940000000000001e-02
  -2.1095249999999999e-02
  -2.1438550000000001e-02
  -1.1993449999999999e-02
  -1.7395000000000002e-03
  -6.4544625000000000e-03
  -1.8051149999999998e-02
  -1.4778150000000000e-02
  -1.6754149999999999e-02
  -1.3343810000000001e-02
  -8.6440950000000009e-03
  -1.3031029999999999e-02
  -1.3992295000000000e-02
  -1.1398300000000000e-02
  -9.6893499999999976e-04
   4.4250499999999972e-04
  -5.7067625000000004e-03
  -1.2123105000000000e-02
  -1.0826115000000001e-02
  -1.9836450000000000e-03
  -1.7395050000000001e-03
  -8.0337624999999996e-03
  -1.1596675000000001e-02
  -9.0637050000000000e-03
  -4.3487500000000037e-04
   3.4637450000000003e-03
   6.4086999999999998e-04
  -1.3252280000000000e-02
  -8.3694649999999995e-03
  -2.8991694999999998e-03
   3.1890849999999995e-03
   1.8920700000000000e-03
  -7.9345650000000011e-03
  -1.4801050000000000e-02
  -2.3422230000000000e-03
   4.2037960000000001e-03
   1.1138949999999997e-03
  -9.5520199999999996e-03
  -8.9111249999999989e-03
   4.8065000000000000e-04
   4.4632049999999996e-03
   4.1732599999999998e-03
  -5.5694414999999994e-03
  -8.3465750000000002e-03
  -2.8076199999999998e-03
   7.9803400000000007e-03
   4.1198900000000002e-03
  -4.0740849999999999e-03
  -5.2871700000000008e-03
  -3.0746469999999998e-03
   3.6163300000000001e-03
   1.1245750000000001e-02
  -7.1716500000000008e-04
  -4.2800900000000003e-03
   5.5694760000000001e-04
   8.4533849999999990e-03
   1.0017395000000000e-02
   3.0975349999999998e-03
  -1.6784500000000002e-04
   1.3504020000000001e-03
   1.0063170000000000e-02
   1.0925305000000000e-02
   5.0124899999999997e-03
   2.1362294999999996e-03
   8.5449250000000001e-03
   1.8180849999999998e-02
   1.3542200000000001e-02
   1.1589030000000000e-02
   4.1580220000000008e-03
   3.3569500000000000e-04
   1.2512199999999999e-02
   1.9004799999999999e-02
   1.4183040000000001e-02
   7.2097550000000000e-03
   3.1662010000000000e-03
   1.0955825000000001e-02
   1.4450069999999999e-02
   9.4604399999999988e-03
   8.1100449999999998e-03
   1.2512200000000002e-03
   6.3552850000000004e-03
   1.0025045000000000e-02
   4.6615599999999995e-03
  -1.8615700000000001e-03
  -4.8065199999999999e-03
  -1.1596700000000002e-03
   1.5563949999999999e-03
   7.3242500000000009e-04
  -5.9738035000000004e-03
  -6.9808950000000000e-03
  -7.0953550000000002e-04
  -8.5449000000000028e-04
  -4.1961499999999992e-04
  -1.0368360000000000e-02
  -1.2100224999999999e-02
  -1.0246280000000000e-02
   1.5716549999999999e-03
   9.5672700000000010e-03
  -2.0751949999999997e-03
  -9.9715949999999998e-03
  -9.5443549999999992e-03
  -1.2664800000000004e-03
   1.7700199999999998e-03
  -7.5301949999999991e-03
  -1.3351459999999999e-02
  -1.7959599999999999e-02
  -4.9743649999999997e-03
  -3.7765500000000000e-03
  -8.7432664999999993e-03
  -1.1390709999999998e-02
  -1.3725290000000001e-02
  -2.3117050000000003e-03
  -2.4413999999999990e-04
  -6.2637439999999999e-03
  -1.3305645000000001e-02
  -1.0971050000000000e-02
  -4.7302000000000021e-04
   4.5623785000000004e-03
  -1.3122600000000000e-03
  -6.3781710000000002e-03
  -5.8441150000000004e-03
  -2.8076155000000000e-03
  -7.6293999999999971e-04
   5.5694499999999966e-04
  -1.1291485000000000e-02
  -8.7051149999999994e-03
   8.5448999999999996e-04
   6.4621200000000000e-03
   5.0811550000000004e-03
  -5.5542005000000002e-03
  -9.5672800000000009e-03
  -3.9291374999999998e-03
   8.2015949999999990e-03
   7.8277375000000010e-03
  -3.8147000000000007e-04
  -2.1591200000000000e-03
  -3.8223299999999997e-03
   2.5634790000000000e-03
   5.3100700000000001e-03
  -1.3305649999999999e-02
  -7.8430250000000000e-03
  -4.3182395000000004e-03
   5.6076049999999999e-03
   4.8980724000000000e-03
  -6.8435800000000001e-03
  -1.1749255000000000e-02
  -6.6909800000000000e-03
   3.6468525000000001e-03
   7.3470849999999997e-03
   9.9182500000000000e-04
  -6.0195739999999998e-03
  -6.5841579999999997e-03
   2.9754650000000001e-03
   5.3405564999999995e-03
   2.2735600000000000e-03
  -3.0059800000000001e-03
  -2.7542100000000000e-03
   8.5830500000000001e-03
   1.2016300000000001e-02
   6.8817199999999992e-03
  -5.4931499999999987e-04
  -7.7133300000000000e-03
  -2.3498549999999997e-03
   3.8147000000000007e-04
   2.7999950000000000e-03
   3.7078850000000002e-03
  -7.1334975000000005e-03
   7.1792504999999996e-03
   9.8800844999999988e-03
   1.5365595000000001e-02
   6.2637299999999995e-03
   1.3809199999999999e-03
   3.2196050000000004e-03
   8.1558450000000001e-03
   7.3166087999999999e-03
  -1.8310499999999938e-04
  -1.8234249999999998e-03
  -2.4261454999999999e-03
   4.2724499999999971e-04
   8.2397000000000026e-04
  -5.9356899999999995e-03
  -1.7463650000000001e-02
  -1.4328000000000000e-02
  -7.7514550000000000e-03
  -7.4386736499999998e-03
  -1.1291490000000001e-02
  -1.2107860000000002e-02
  -1.1123649999999999e-02
  -4.3258699999999999e-03
   2.2583049999999999e-03
  -3.7078849999999997e-03
  -6.3629200000000002e-03
  -1.0719295000000000e-02
  -3.4103399999999996e-03
  -1.6479499999999996e-03
  -2.0599499999999962e-04
  -3.7155150000000000e-03
  -6.1187749999999999e-03
   4.1732799999999997e-03
   1.3732925000000000e-02
   6.7443949999999994e-03
   2.8991999999999993e-04
  -6.0577400000000007e-03
   1.0223400000000001e-03
   1.1520410000000000e-02
   1.2519839999999999e-02
   3.9138784999999997e-03
   2.2201545000000000e-03
   1.0551475000000001e-02
   1.0986319999999999e-02
   1.0925285000000000e-02
  -7.9116899999999990e-03
  -1.0726925000000000e-02
  -2.8533915000000000e-03
   1.4266950000000000e-03
   1.2970000000000000e-03
  -7.9040399999999993e-03
  -3.8909950000000000e-03
  -7.8582849999999987e-04
   3.4789999999999999e-03
   1.7547600000000002e-03
  -2.9373150000000002e-03
  -8.5906949999999989e-03
  -6.6375749999999997e-03
   2.8610244999999999e-03
   5.2184950000000001e-03
  -1.0299699999999998e-03
  -7.2326649999999992e-03
  -6.3018800000000002e-03
   1.1825550000000001e-03
   2.6245100000000000e-03
  -6.0043270000000003e-03
  -1.1238125000000000e-02
  -1.1932350000000000e-02
   8.0871500000000000e-04
   6.9809000000000000e-03
   2.1362500000000027e-04
  -1.1154185000000000e-02
  -1.3137850000000000e-02
  -4.2648349999999998e-03
   2.2506689999999998e-03
  -1.2817350000000000e-03
  -9.7198749999999993e-03
  -1.1192350000000000e-02
  -2.9449450000000000e-03
   1.6785000000000010e-04
  -3.0975349999999994e-03
  -1.3275130000000000e-02
  -1.6456600000000002e-02
  -7.9040500000000010e-03
  -1.1215200000000000e-03
  -4.0588400000000002e-03
  -1.3854979999999999e-02
  -1.1619549999999999e-02
  -3.4484850000000003e-03
   5.1498400000000001e-03
  -5.7220500000000011e-04
  -2.6550275000000001e-03
  -2.4108850000000002e-03
   1.3885480000000001e-03
   9.3383900000000002e-03
   7.2326650000000001e-03
  -2.2125249999999999e-03
  -4.7531149999999996e-03
  -3.8145000000000063e-05
   5.4245000000000005e-03
   4.6615593999999993e-03
   1.4114349999999999e-03
  -2.0599400000000001e-03
  -5.7449349999999996e-03
   3.7384014999999999e-03
   2.5863650000000002e-03
  -3.7384044000000000e-03
  -5.0277700000000000e-03
  -4.5623799999999996e-03
   1.6708385000000000e-03
   8.8729899999999990e-03
   5.6762465000000000e-03
  -4.5780000000000039e-05
  -9.6893100000000013e-04
   2.0599400000000001e-04
   8.5144200000000000e-03
   1.3656599999999999e-03
  -8.5830949999999989e-03
  -1.2771600000000001e-02
  -1.8157949999999998e-03
   4.0512099999999995e-03
  -5.4473969499999999e-03
  -6.3247700000000004e-03
  -8.1863450000000011e-03
  -1.2512190000000000e-03
   2.0294169999999999e-03
   2.6779200000000003e-03
  -5.1193250000000001e-03
  -8.6822499999999990e-03
  -9.3383700000000004e-03
  -1.5487685000000000e-03
  -2.8686550000000003e-03
  -9.9945050000000007e-03
  -6.8893449999999998e-03
  -1.9073449999999997e-04
   5.5465699999999998e-03
  -1.0680999999999972e-04
  -2.8381324999999999e-03
  -1.0772694999999999e-02
  -1.3031000000000001e-02
  -5.2108750000000002e-03
  -8.1939900000000000e-03
  -1.2825019999999999e-02
  -1.6204850000000000e-02
  -1.2123100000000001e-02
  -4.4326799999999996e-03
  -5.3710950000000002e-03
  -9.4451650000000002e-03
  -1.3793949999999999e-02
  -1.7517100000000001e-02
  -6.5841700000000003e-03
  -2.8228754999999996e-03
  -7.6217699999999999e-03
  -1.3504050000000000e-02
  -1.3717650000000000e-02
  -8.6669850000000003e-03
  -4.8828000000000001e-04
  -5.6991500000000000e-03
  -1.5930170000000000e-02
  -1.2748700000000000e-02
  -3.0593850000000000e-03
  -2.8381340000000000e-03
   2.9754650000000001e-03
  -1.3084405000000000e-02
  -1.0726905000000000e-02
  -1.5411369999999999e-03
  -7.1792599999999998e-03
  -2.7618400000000002e-03
  -7.7209500000000007e-03
  -1.7173750000000002e-02
  -8.2626449999999990e-03
  -3.0517575000000002e-03
   7.7514500000000000e-03
  -1.0154735000000002e-02
  -1.2016315000000000e-02
  -1.4419550000000000e-02
   4.2877200000000001e-03
   1.4091480000000000e-02
  -5.4931499999999987e-04
  -6.0348400000000005e-03
  -1.4724750000000000e-03
   7.8658900000000004e-03
   8.0795299999999997e-03
   8.0566500000000003e-03
   1.2344350000000000e-02
  -2.4337750000000000e-03
   1.6021750000000002e-03
   2.2887999999999988e-04
  -1.2916580000000000e-02
  -8.2397449999999997e-03
  -4.7988904999999998e-03
   2.3803700000000001e-03
   7.7590999999999997e-03
   3.4332049999999999e-03
  -3.5705599999999995e-03
   6.7138499999999982e-04
   6.6375749999999997e-03
  -4.0512099999999995e-03
  -6.4773299999999999e-03
  -1.1581395000000000e-02
  -1.7913849999999999e-02
  -8.2397375000000002e-03
   1.3198799999999998e-03
  -1.3809449999999997e-03
  -1.0505651999999999e-02
  -1.1352515000000001e-02
  -1.3198850000000000e-03
  -1.7471300000000004e-03
  -8.2397495000000008e-03
  -1.5762314999999999e-02
  -1.8363950000000000e-02
  -1.3572700000000000e-02
  -1.1154150000000000e-02
  -7.2174206000000006e-03
  -1.7105124999999999e-02
  -1.7005900000000001e-02
  -1.7395000000000001e-02
  -7.4004950000000000e-03
  -6.5154964999999997e-03
  -2.1789549999999998e-02
  -1.6372700000000000e-02
  -1.2252825000000000e-02
   1.9226084999999999e-03
  -2.0904399999999998e-03
  -1.7150860000000000e-02
  -1.4480570000000002e-02
  -9.4528400000000005e-03
  -6.5231114999999996e-03
  -1.4266949999999997e-03
  -5.9280610000000001e-03
  -2.7160650000000001e-03
  -8.8806049999999997e-03
  -1.9836450000000000e-03
   1.6174350000000004e-03
  -2.2964500000000002e-03
  -6.7443799999999995e-03
  -2.7008040000000002e-03
  -2.9907200000000001e-03
   1.6403250000000002e-03
  -1.6586304999999999e-02
  -2.0675699999999998e-02
  -1.9744850000000001e-02
  -1.7272950000000002e-02
  -1.2458810000000001e-02
  -6.8435800000000001e-03
  -7.0190600000000006e-03
  -2.3139949999999999e-02
  -1.7288200000000000e-02
  -1.6281100000000000e-02
  -1.0635380000000000e-02
  -2.2224399999999998e-02
  -2.4856600000000000e-02
  -1.6616800000000001e-02
  -1.1405960000000000e-02
  -1.3656610000000000e-02
  -1.2535075000000000e-02
  -1.6075150000000000e-02
  -1.8081650000000001e-02
  -1.1077890000000000e-02
  -6.8359500000000004e-03
  -1.3214109999999999e-02
  -1.3084390000000000e-02
  -1.3671864999999998e-02
  -2.4948100000000001e-03
  -6.3552800000000005e-03
  -1.0406499000000000e-02
  -1.4480580000000000e-02
  -7.2631850000000001e-03
   3.1814600000000001e-03
   2.7923749999999997e-03
  -5.5771099999999997e-03
  -1.7639140000000001e-02
  -1.8425000000000000e-02
  -1.0330199999999999e-02
  -9.9029399999999990e-03
  -9.7198249999999996e-03
  -1.2069679999999999e-02
  -1.8112200000000002e-02
  -3.8299580000000005e-03
   4.8522699999999997e-03
  -1.0146900000000004e-03
  -1.0711675000000000e-02
  -8.9416300000000008e-03
   2.7313249999999997e-03
   6.0577440000000003e-03
   4.0588150000000003e-03
  -6.5918064999999993e-03
  -2.5939939999999996e-03
   7.6904299999999998e-03
   9.7732500000000007e-03
   3.7994499999999998e-03
  -4.2114249999999995e-03
   2.3498560000000000e-03
   7.9040499999999993e-03
   1.4831550000000001e-02
   5.2261149999999999e-03
  -1.7776500000000004e-03
  -3.2043465000000000e-03
  -9.1552500000000015e-04
   1.2001000000000000e-02
   1.2619015000000001e-02
   1.0833750000000001e-03
   1.7700200000000000e-03
   6.9580049999999997e-03
   9.6511800000000005e-03
   1.2329100000000001e-02
   1.5602115000000000e-02
   1.1085535000000001e-02
   1.7768849999999999e-02
   1.3153065000000000e-02
   1.1177069999999999e-02
   1.3198830000000002e-02
   1.2962325000000000e-02
   6.5689149999999998e-03
   1.6860950000000000e-02
   1.4892579999999999e-02
   8.9264000000000010e-03
   1.0276800000000001e-02
   9.4070350000000011e-03
   1.4862050000000002e-02
   1.7646800000000001e-02
   4.6997000000000002e-03
   5.9509499999999991e-04
   4.0969840000000006e-03
   1.5106200000000000e-02
   2.3788449999999999e-02
   2.3963949999999998e-02
   6.8699999999999664e-05
   2.2125249999999999e-03
   9.0408499999999996e-03
   9.9182300000000001e-03
   8.9492944999999997e-03
   6.9961360000000000e-03
   8.7204199999999996e-03
   1.0047935000000001e-02
   7.0571679999999999e-03
   9.3994150000000012e-03
   2.6168750000000003e-03
  -2.2811899999999998e-03
   6.8969800000000005e-03
   1.4884935000000000e-02
   8.2092150000000006e-03
   4.5013500000000038e-04
   4.8141500000000005e-03
   1.5487700000000001e-03
   9.8343049999999998e-03
   6.6833650000000001e-03
   2.6321600000000001e-03
  -4.8980700000000000e-03
  -2.8533924999999999e-03
   4.8828109999999999e-03
   4.3487800000000000e-03
  -2.1438800000000004e-03
  -4.4250599999999998e-03
  -7.3623499999999993e-03
  -3.4332000000000026e-04
   1.9836500000000026e-04
   2.5329749999999998e-03
  -7.8201250000000007e-03
  -1.0147105000000000e-02
  -2.5176999999999999e-03
  -1.7471300000000004e-03
   1.4800999999999998e-03
   2.3117050000000003e-03
   6.9351199999999995e-03
   3.8299549999999995e-03
   1.0917665000000000e-02
   1.8768200000000004e-03
  -4.9590849999999994e-03
  -4.8828000000000001e-04
   1.0276779999999999e-02
   1.3015734999999999e-02
   1.3221720000000001e-02
   7.5759744999999998e-03
   2.1667500000000003e-03
   9.1247499999999992e-03
   1.3534564999999998e-02
   1.6700725000000000e-02
   1.8615850000000007e-03
  -8.2397500000000023e-04
   3.8909800000000005e-03
   1.1810305000000000e-02
   1.9897450000000001e-02
   9.5596299999999995e-03
   1.9149700000000002e-03
   6.6986300000000006e-03
   1.5632640000000000e-02
   1.3168315000000000e-02
   5.6609899999999994e-03
   5.6457499999999989e-04
  -5.2337749999999995e-03
   3.5323899999999998e-03
   7.0648399999999993e-03
   3.5934450000000002e-03
   5.5999800000000001e-03
  -6.1034999999999996e-04
   8.4609950000000007e-03
   1.2054425000000001e-02
   6.1798300000000007e-03
   1.1444100000000002e-03
  -2.6703000000000013e-04
   1.0757450000000000e-02
   1.0269145000000000e-02
   5.2414050000000002e-03
  -1.1444000000000037e-04
   1.0681000000000015e-04
   1.0063180000000000e-02
   1.4427195000000000e-02
   4.1503849999999995e-03
   3.1280000000000023e-04
  -6.5536549999999994e-03
   2.3345899999999997e-03
   5.4549949999999998e-03
   7.4157600000000004e-03
  -7.6294999999999662e-05
   3.2882800000000002e-03
   8.8806149999999997e-03
   1.2016305000000001e-02
   1.6441370000000000e-02
   1.2641906000000001e-02
   1.0940570000000000e-02
   1.0665875000000000e-02
   1.9668590000000000e-02
   1.5380860000000000e-02
   5.0583149999999999e-03
   8.5449500000000025e-04
   3.5400375000000000e-03
   1.1253330000000001e-02
   1.8943800000000000e-02
   1.6403149999999998e-03
  -9.9945099999999999e-03
  -1.8768299999999998e-02
  -7.1182290000000002e-03
  -4.7683900000000000e-03
  -9.9792600000000002e-03
  -1.1489855000000000e-02
  -1.2283329999999999e-02
  -2.1896400000000001e-03
   1.6784499999999980e-04
  -6.9350999999999996e-03
  -9.6359350000000000e-03
  -1.2611410000000000e-02
  -4.1732749999999997e-03
   4.5779999999999606e-05
  -1.8463150000000003e-03
  -7.1868975000000000e-03
   1.0299699999999998e-03
   9.6435399999999991e-03
   1.8966700000000000e-02
   4.5547600000000014e-03
   0.0000000000000000e+00
   3.0520000000000026e-05
   9.1476549999999993e-03
   7.8888110000000008e-03
   1.1337264499999999e-02
   4.4174449999999999e-03
   1.7547999999999999e-04
   7.2784649999999996e-03
   1.1177045000000000e-02
   1.1146534999999999e-02
   3.1433299999999997e-03
   1.9531250000000000e-03
   8.5372799999999995e-03
   1.5922534999999998e-02
   1.7173745000000001e-02
   4.8522849999999996e-03
   6.0195815000000001e-03
   1.4404300000000000e-02
   1.0429375000000001e-02
   1.9554149999999999e-02
   8.1634499999999992e-03
   4.1961699999999999e-03
   4.7378545000000003e-03
   1.0795600000000001e-02
   1.2046808000000001e-02
   2.6855450000000001e-03
  -6.8664650000000004e-03
   3.6621000000000006e-04
   1.0574365000000001e-02
   1.0368344999999999e-02
   5.2566300000000000e-03
  -9.8419000000000024e-04
  -4.4631934999999996e-03
  -3.3187849999999994e-03
   2.0065400000000002e-03
   2.3040700000000001e-03
  -4.2343149999999998e-03
  -5.1574469500000001e-03
   7.2173910000000001e-03
   1.3412459999999999e-02
   1.0849015000000000e-02
   1.1375415000000000e-02
   7.0114100000000000e-03
   1.3130190000000000e-02
   1.3252234999999999e-02
   1.2191765000000000e-02
   6.0577599999999997e-03
  -3.1738299999999999e-03
   9.2316000000000013e-04
   5.5389259999999996e-03
   8.9950429999999994e-03
   2.3956300000000002e-03
  -2.3117049999999998e-03
   2.5177000000000012e-04
   9.2315599999999998e-03
   9.0103200000000005e-03
  -8.3923500000000024e-04
  -5.1193254999999998e-03
  -4.2495700000000003e-03
   1.6861000000000003e-03
  -2.8991500000000001e-03
  -1.3107315000000001e-02
  -1.2741100000000000e-02
  -8.6212149999999998e-03
   6.1187749999999999e-03
   7.4234100000000001e-03
   5.5770899999999998e-03
  -2.4871799999999999e-03
  -4.4784550000000001e-03
   4.2725000000000011e-04
   2.2125249999999999e-03
  -4.5471200000000000e-03
  -2.5024400000000003e-03
  -5.0811800000000002e-03
   1.3351449999999998e-03
  -1.0147100000000003e-03
  -5.4626350000000004e-03
  -7.8887950000000005e-03
  -1.0330215000000000e-02
  -1.6708400000000000e-03
   7.7056999999999994e-04
   9.4605500000000033e-04
  -6.1874640000000002e-03
  -8.3770599999999987e-03
   3.8909999999999997e-04
  -2.8457650000000001e-03
  -4.0893550000000002e-03
  -1.6258254999999999e-02
  -9.7045899999999991e-03
  -1.4068620000000000e-02
  -6.9580270000000003e-03
  -3.9444149999999997e-03
  -1.3465895000000000e-02
  -1.5541089999999999e-02
  -1.0154729999999999e-02
  -1.0009754999999999e-02
  -7.0037899999999993e-03
  -1.3984670000000001e-02
  -1.2077350000000001e-02
  -1.2695300000000000e-02
  -8.3694599999999987e-03
  -3.6850099999999998e-03
  -9.6511754999999994e-03
  -1.5769949999999998e-02
  -9.4604400000000005e-03
  -5.2414024999999998e-03
  -7.0190599999999997e-03
  -1.0932925000000000e-02
  -1.2702930000000001e-02
  -1.0124200000000000e-02
  -7.1487495000000000e-03
   9.9944999999999982e-04
  -1.8005549999999997e-03
  -6.9732790000000006e-03
  -9.8648149999999990e-03
  -2.4948100000000001e-03
   3.5400400000000004e-03
   2.2811900000000002e-03
  -7.7285844999999999e-03
  -7.5683649999999996e-03
  -2.6397700000000005e-03
   5.4626399999999995e-03
   1.9302550000000005e-03
  -7.8277750000000004e-03
  -8.5068000000000001e-03
  -4.1198499999999991e-04
   5.2795539999999997e-03
   3.3798449999999998e-03
  -2.8533799999999995e-03
  -3.7079000000000001e-03
   3.6773685000000000e-03
   1.2542714999999999e-02
   1.1604290000000000e-02
   9.7732649999999997e-03
   7.5759849999999995e-03
   5.3405750000000002e-03
   1.2634289999999999e-02
   1.5487649999999997e-03
  -1.0353103499999999e-02
  -8.8043349999999999e-03
  -5.1422235000000002e-03
   4.6539249999999997e-03
   1.0360715500000001e-02
   2.2125349999999998e-03
   5.5236749999999996e-03
   7.0419200000000001e-03
   1.2550365000000001e-02
   1.5266435000000000e-02
   8.2550150000000010e-03
   8.4457149999999995e-03
   7.5912400000000000e-03
   1.2939475000000001e-02
   1.3908370000000001e-02
   7.9040650000000000e-03
   2.2430400000000004e-03
   1.2359650000000003e-03
   1.1749255000000000e-02
   1.7127969999999999e-02
   1.0551460000000000e-02
   5.7678399999999998e-03
   1.4358500000000000e-02
   1.5975949999999999e-02
   1.1421200000000001e-02
   9.3917700000000007e-03
   2.7008149999999996e-03
   1.0070800000000000e-03
   5.3405700000000002e-03
   1.6365064999999998e-02
   9.2010655000000011e-03
  -1.8844749999999996e-03
  -1.1520399999999996e-03
   6.1187650000000000e-03
   1.0292050000000001e-02
   1.0520927000000001e-02
   1.4724849999999999e-03
  -1.6937250000000001e-03
  -1.5945450000000002e-03
   5.8440920000000004e-03
   2.8839149999999999e-03
  -6.5460249999999996e-03
  -1.1024494999999999e-02
  -1.7547600000000002e-03
   7.1945079999999996e-03
   9.0637236499999992e-03
   4.6920650000000005e-03
   3.9443849999999999e-03
   2.9220699999999997e-03
   1.2077314499999998e-02
   1.6128540000000000e-02
   6.5841449999999996e-03
   8.3162999999999987e-04
  -2.6092499999999996e-03
   1.0680999999999972e-04
   5.4168649999999999e-03
  -4.8828500000000063e-04
  -1.5335050000000001e-03
   2.6703000000000013e-04
   7.5302250000000006e-03
   1.0185240500000000e-02
   7.7514549999999991e-03
   7.2478999999999990e-04
  -3.8604749999999995e-03
   3.0515000000000056e-05
   9.6890999999999991e-04
   7.4003000000000003e-04
  -7.5607150000000000e-03
  -7.2173949999999997e-03
   8.2397500000000001e-04
   4.1732899999999996e-03
  -1.6556000000000001e-03
  -8.2855155000000000e-03
  -8.2473649999999996e-03
  -3.1967199999999997e-03
   1.6860949999999994e-03
  -2.2900000000000177e-05
  -3.4332399999999997e-03
  -6.7062304999999994e-03
   9.1555000000000109e-05
   4.4250399999999999e-03
  -7.2707950000000000e-03
  -1.0742190000000000e-02
  -7.2708359999999993e-03
  -3.0288699999999999e-03
   5.6533819999999993e-03
  -1.3481161000000000e-02
  -1.3954174999999999e-02
  -1.0246285000000001e-02
  -1.3618485000000000e-02
  -2.7618400000000002e-03
   7.0266649999999996e-03
  -1.4953605000000000e-02
  -2.2575350000000001e-02
  -2.0858749999999999e-02
  -1.2870780000000000e-02
  -4.2495799999999993e-03
  -5.7373249999999997e-03
  -2.0782454999999998e-02
  -1.8669100000000001e-02
  -1.0177630000000000e-02
  -7.2402850000000008e-03
  -6.4468300000000006e-03
  -1.8425000000000000e-02
  -2.2598250000000000e-02
  -1.3046260000000000e-02
  -9.4833414999999990e-03
  -1.0078415000000000e-02
  -1.3954154999999999e-02
  -7.7438500000000000e-03
  -1.4419550000000000e-03
  -8.8500999999999944e-04
   4.8065399999999998e-03
  -1.4053345000000000e-02
  -8.1939814999999992e-03
  -5.9890899999999999e-03
  -2.2125099999999996e-03
  -3.2348899999999998e-03
  -1.1810320000000001e-02
  -2.2689800000000000e-02
  -1.3496390000000000e-02
  -8.3236800000000000e-03
  -6.0425000000000010e-03
  -6.4544850000000003e-03
  -1.0650625000000000e-02
  -1.0322550000000000e-02
  -4.5928979999999998e-03
  -2.0141600000000005e-03
  -1.3420095000000000e-02
  -1.8791200000000001e-02
  -1.0238665000000001e-02
   3.3569300000000002e-03
   1.5258750000000000e-02
   4.7760149999999998e-03
  -1.1695885000000000e-02
  -2.4505599999999999e-02
  -6.4697435000000006e-03
  -1.8615699999999999e-03
  -1.0292030000000001e-02
  -1.9104010000000001e-02
  -1.5312200000000000e-02
  -1.1901850000000001e-03
   2.1209749999999998e-03
  -2.8839050000000000e-03
  -6.8283088000000002e-03
  -8.6822700000000006e-03
  -8.3925000000000102e-05
  -3.0519999999999809e-05
  -4.3639999999999998e-03
  -9.2391950000000004e-03
  -8.3541899999999992e-03
  -1.2298590000000000e-02
  -8.8043150000000001e-03
  -1.0864265000000001e-02
  -2.0126350000000001e-02
  -2.3292550000000002e-02
  -2.3750300000000002e-02
  -1.5907250000000001e-02
  -1.4152544999999999e-02
  -2.5062550000000003e-02
  -2.0683300000000002e-02
  -1.4350849999999998e-02
  -8.0871749999999985e-03
   4.2343136500000000e-03
  -1.1207575000000001e-02
  -2.1018999999999999e-02
  -9.4528000000000008e-03
   4.1122450000000005e-03
   7.4615299999999992e-03
  -1.0177635000000001e-02
  -1.4076200000000001e-02
  -1.1543299999999999e-02
  -7.3318450000000000e-03
  -2.4337749999999996e-03
  -7.7209460000000002e-03
  -8.7661549999999994e-03
  -1.5625014999999999e-02
   1.8997200000000001e-03
  -1.8234250000000000e-03
  -9.9258400000000000e-03
  -1.1985770000000000e-02
  -7.1182250000000006e-03
  -1.1062600000000002e-03
   1.5716549999999999e-03
  -7.9498049999999990e-03
  -1.4793379999999998e-02
  -1.4717100000000000e-02
   9.3841400000000004e-04
   4.5700059999999997e-03
   3.8910000000000030e-04
  -6.5994354999999996e-03
  -1.1268620000000000e-02
   1.5640270000000000e-03
   2.2735600000000000e-03
   1.0223350000000001e-03
  -1.4114375000000000e-02
  -2.1163950000000001e-02
  -1.4900200000000001e-02
  -1.0620125000000001e-02
  -1.4686595000000000e-02
  -2.2735600000000002e-02
  -2.6657100000000000e-02
  -1.9447350000000002e-02
   4.9362199999999998e-03
   1.4480580000000000e-02
   3.4027099999999998e-03
  -1.7730710000000000e-02
  -1.2214669999999999e-02
  -5.7983500000000077e-04
   7.0724539999999997e-03
   4.6310650000000002e-03
  -1.6052250000000001e-02
  -3.9825600000000004e-03
   6.1035499999999993e-04
   3.8909800000000000e-03
  -1.5106200000000003e-03
  -3.3950800000000004e-03
  -7.9345999999999996e-04
   1.2390149999999999e-02
   1.6517649999999998e-02
   1.6540530000000001e-02
   1.1901854999999999e-02
   6.6757199999999996e-03
   1.5708899999999998e-02
   9.1018564999999999e-03
   4.4097750000000003e-03
   6.0348355000000003e-03
   6.6299300000000000e-03
   1.3298035000000000e-02
   2.1003700000000000e-02
   1.0398843000000000e-02
   5.3558299999999998e-03
   6.7901499999999983e-04
   8.7661600000000003e-03
   1.1917100000000000e-02
   7.0037950000000002e-03
   1.1688230000000001e-02
   3.9672869500000001e-03
   1.3938900000000001e-02
   1.1688230000000001e-02
   1.3282759999999999e-02
   7.4233965000000002e-03
   9.2773249999999995e-03
   7.5302099999999999e-03
   1.9668550000000000e-02
   1.0726935000000000e-02
   1.1322024999999999e-02
   1.0696400000000000e-02
   3.4408600000000000e-03
  -1.3656600000000003e-03
   1.2199379999999999e-02
   1.2054650000000002e-03
  -5.8593564999999993e-03
   4.7760200000000006e-03
   6.4392099999999990e-03
  -2.6000950000000002e-02
  -3.3065799999999999e-02
  -2.7420050000000001e-02
  -1.8653850000000000e-02
  -6.5918050000000001e-03
   4.3640050000000007e-03
  -3.9215300000000003e-03
  -1.4816269999999999e-02
  -1.0559104999999999e-02
  -6.8969599999999997e-03
  -1.4251699999999999e-02
  -2.0942700000000002e-02
  -1.7768849999999999e-02
  -6.7214950000000001e-03
  -5.5008135000000000e-03
  -1.2138349999999999e-02
  -5.2719150000000003e-03
  -7.6446550000000002e-03
  -1.0185234999999999e-02
  -1.3427750000000000e-03
   7.3394654999999996e-03
   4.6462850000000000e-03
  -5.7525600000000003e-03
  -1.6349775000000000e-02
  -1.0826120000000000e-02
   5.4244999999999996e-03
  -2.7389350000000001e-03
  -6.8893349999999999e-03
  -9.1857850000000001e-03
   1.4343299999999999e-03
  -3.2196049999999995e-03
  -1.8310499999999981e-04
   2.0370449999999999e-03
  -6.7215050000000000e-03
  -1.1703509999999999e-02
  -9.1554999999999675e-05
   3.9672649999999993e-03
  -5.8059650000000006e-03
   3.2806499999999978e-04
  -3.2501244999999998e-03
   4.4250499999999998e-03
   6.2866260000000000e-03
  -3.0515000000000056e-05
  -1.6860949999999999e-03
   2.4261500000000002e-03
   1.0078435000000000e-02
   9.1552499999999993e-04
  -4.4479350000000001e-03
   2.4871800000000003e-03
  -4.8980695000000003e-03
   1.3885499999999999e-03
  -7.0648399999999993e-03
  -1.1146565000000001e-02
  -1.1939979999999999e-02
  -5.4016100000000003e-03
   5.5313100000000002e-03
   1.9989000000000001e-03
  -3.2043499999999999e-04
   2.2811899999999998e-03
  -3.4484850000000003e-03
   3.3111550000000001e-03
   2.8381350000000003e-03
   2.1514899999999998e-03
   3.5171490000000002e-03
  -1.6326950000000002e-03
   9.6130499999999997e-04
   4.8065000000000000e-04
  -6.1035500000000079e-04
  -4.9133300000000005e-03
  -7.4386450000000007e-03
   9.1094950000000004e-03
   2.0019549999999997e-02
   1.8486000000000002e-02
   1.3435375000000001e-02
   9.8876850000000002e-03
   7.7438350000000001e-03
   2.3506150000000000e-02
   2.9129050000000004e-02
   1.1734010000000000e-02
   1.4991780000000000e-02
   1.9241350000000001e-02
   2.9693600000000001e-02
   2.7938850000000001e-02
   2.1018999999999999e-02
   1.7265300000000001e-02
   1.9989000000000000e-02
   2.8236400000000002e-02
   2.2193900000000003e-02
   1.5541090000000000e-02
   1.0330204999999999e-02
   1.8058749999999998e-02
   2.0141600000000003e-02
   2.3117050000000000e-02
   1.3549820000000001e-02
   6.7520250000000000e-03
   4.6462999999999999e-03
   1.8035900000000001e-02
   2.3635850000000000e-02
   1.4373780000000001e-02
   7.3165964999999996e-03
   3.4866354999999998e-03
   6.4086950000000007e-03
   8.3160649999999992e-03
   3.8986000000000003e-03
  -3.2806400000000005e-03
  -2.1972650000000003e-03
   3.6621049999999997e-03
   9.3155099999999991e-03
   9.7045800000000008e-03
   6.4086999999999998e-04
  -6.0653699999999996e-03
   3.2348600000000000e-03
   1.3748155000000000e-02
   1.2504575000000000e-02
  -5.9509499999999948e-04
   2.1057150000000002e-03
   8.6517299999999998e-03
   1.6769400000000000e-02
   1.1947619999999999e-02
   8.1176949999999994e-03
  -3.1967400000000000e-03
  -4.1580185000000000e-03
  -1.9683850000000000e-03
  -1.9149750000000002e-03
  -1.0276785000000000e-02
  -1.2023945000000001e-02
  -1.3954200000000000e-02
  -8.0032350000000009e-03
  -1.1825549999999998e-03
  -1.0154730000000001e-02
  -1.3671890000000001e-02
  -1.6906749999999998e-02
  -4.1427649999999996e-03
  -1.5716549999999999e-03
  -6.1187675000000004e-03
  -8.5830600000000000e-03
  -7.0877050000000006e-03
   1.1749270000000001e-03
   2.6092544999999998e-03
  -3.1890899999999999e-03
  -6.0272255000000004e-03
  -9.8647949999999991e-03
  -2.6321399999999998e-03
  -9.1555000000000109e-05
   1.5640250000000001e-03
  -3.9901730000000005e-03
  -8.1863450000000011e-03
   1.1520380000000000e-03
   9.7198650000000011e-03
   4.8827899999999997e-03
  -5.9280399999999999e-03
  -6.5078950000000005e-03
  -1.9073485000000001e-03
   9.6969600000000010e-03
   1.1238089999999999e-02
  -1.2588500000000006e-03
  -3.5095499999999980e-04
   1.7394995000000000e-03
   2.8305050000000005e-03
   2.4032599999999999e-03
  -4.2343149999999998e-03
  -1.2062075000000000e-02
  -4.5394900000000002e-03
   8.1024299999999990e-03
  -3.9520250000000005e-03
  -1.0963430000000000e-02
  -7.8659200000000002e-03
  -1.2268080000000001e-02
  -5.0277700000000000e-03
   7.6598999999999999e-03
  -1.7623899999999995e-03
   1.1443999999999994e-04
  -6.1340350000000004e-03
   2.9754615000000002e-03
   1.0269145000000000e-02
   2.2125199999999999e-03
  -1.6555799999999998e-03
  -1.2664799999999999e-03
   7.1411150000000000e-03
   1.1215204999999999e-02
  -7.1716500000000008e-04
  -5.2261149999999999e-03
  -3.0288650000000004e-03
   3.0441274999999999e-03
   1.6586300000000002e-02
   2.1263150000000001e-02
   7.2555579999999996e-03
   7.2250550000000002e-03
   1.3519300000000000e-02
   1.4328000000000000e-02
   1.7616300000000001e-02
   6.8817319999999998e-03
   4.8065199999999999e-03
   7.9803449999999998e-03
   1.5693650000000000e-02
   1.7028805000000001e-02
   6.3781949999999997e-03
   2.1514900000000007e-03
  -1.3732899999999997e-03
   5.1117180000000003e-03
   8.4075899999999995e-03
  -3.1433249999999998e-03
  -6.1187534999999999e-03
   7.9345500000000020e-04
   1.3046249999999999e-02
   1.0177615000000001e-02
  -1.8387099999999999e-03
  -3.8757300000000000e-03
   3.8145000000000279e-05
   1.4205954999999999e-02
   1.9058205000000002e-02
   2.3284949999999999e-02
   1.7501815000000000e-02
   1.4381410000000001e-02
   2.6168850000000000e-02
   2.6901250000000002e-02
   1.8051130000000002e-02
   7.0724700000000000e-03
   1.8920899999999999e-03
   6.4544649999999995e-03
   9.5977900000000001e-03
  -4.8751749999999998e-03
  -1.2336710000000001e-02
  -9.8571649999999993e-03
   7.0190500000000006e-04
  -1.9912699999999998e-03
  -1.2588350000000007e-03
  -1.8386850000000001e-03
   1.8463149999999998e-03
   8.3313099999999998e-03
   1.6250600000000000e-02
   2.0141600000000003e-02
   1.0307320000000000e-02
   1.1833170000000000e-02
   4.9285900000000001e-03
   1.1138920000000000e-02
   8.2626319999999989e-03
  -4.8446900000000005e-03
  -9.3383850000000011e-03
  -1.1520349999999998e-03
   1.0673535000000001e-02
   1.0658245000000000e-02
   7.4768000000000013e-04
  -9.2315899999999996e-03
  -6.3171199999999999e-03
  -2.0141600000000001e-03
   4.1198750000000003e-03
  -3.4027099999999998e-03
  -9.1628800000000000e-03
  -2.6245094999999999e-03
   8.1558150000000003e-03
   1.7204299999999999e-02
   3.7689250000000002e-03
   1.7547500000000002e-04
  -5.4626435000000003e-03
   5.9509000000000016e-04
   2.0065299999999999e-03
   9.5367400000000001e-03
   5.4702850000000001e-03
  -3.0517499999999998e-04
   4.3945500000000005e-03
   1.3488770000000001e-02
   8.7737850000000010e-03
   1.1108400000000001e-02
   7.9345900000000000e-03
   1.1749249999999999e-02
   1.4831565000000001e-02
   1.1001575000000000e-02
   3.5324000000000002e-03
   5.7525650000000003e-03
   1.5685999999999999e-02
   1.2374895000000000e-02
   1.3702404999999999e-02
   6.0653850000000004e-03
   7.3089549999999998e-03
   1.1283885000000000e-02
   1.6510000000000000e-02
   1.7150874999999999e-02
   3.8149999999999989e-04
  -1.4190650000000002e-03
   2.8152439999999997e-03
   5.3787064999999993e-03
   1.0528575000000000e-02
   6.6070650000000005e-03
   2.9983539999999999e-03
   8.3084149999999996e-03
   1.2756344999999999e-02
   7.9955849999999995e-03
  -3.2653749999999996e-03
  -2.4414049999999998e-03
  -6.1721900000000001e-03
   1.0681164999999999e-02
   7.9116650000000000e-03
   9.6130499999999997e-04
  -2.6245099999999996e-03
  -9.0408399999999996e-03
  -2.8381324999999999e-03
  -2.2125500000000006e-04
  -5.1879650000000001e-03
  -7.1563950000000003e-03
  -7.0343250000000001e-03
   4.0817249999999996e-03
   4.7759999999999999e-03
  -2.5711049999999997e-03
  -1.2145989999999999e-02
  -9.8800699999999995e-03
  -6.5994399999999998e-03
   2.5329549999999999e-03
   1.3733100000000004e-03
  -6.2713400000000002e-03
  -8.2168450000000004e-03
  -5.4855349999999997e-03
   3.3569500000000000e-04
   7.8582999999999952e-04
  -7.4310449999999990e-03
  -2.7236949999999999e-03
   8.9416249999999999e-03
   7.7209549999999998e-03
   5.8517550000000002e-03
   8.3160499999999958e-04
   6.6375499999999981e-04
  -4.0435999999999988e-04
   6.3018800000000002e-03
   7.5378600000000004e-03
  -6.5994150000000000e-03
  -9.0637050000000000e-03
  -3.8757310000000003e-03
   5.7220450000000003e-03
   1.0345450000000001e-02
   2.3345749999999998e-03
  -5.9738350000000003e-03
  -7.3623899999999999e-03
   1.3298050000000000e-02
  -1.4190650000000002e-03
  -1.8386850000000005e-03
  -1.2435900000000001e-03
  -2.4032575000000004e-03
   6.6452000000000004e-03
   1.4411940000000000e-02
   1.1482230000000000e-02
   2.3422249999999999e-03
  -5.5770850000000007e-03
   4.1351299999999999e-03
   1.0154709999999999e-02
   7.5759900000000003e-03
  -9.1554999999999675e-05
  -1.5258800000000001e-03
   4.8141499999999997e-03
   1.0040270000000000e-02
   7.6751649999999994e-03
  -7.7056499999999997e-04
  -6.2560999999999997e-04
   4.5242349999999997e-03
   9.5138449999999999e-03
   6.5078900000000005e-03
  -5.4015899999999995e-03
  -1.2245200000000001e-02
  -2.0904549999999997e-03
   2.6702900000000005e-03
   1.0459895000000000e-02
  -3.8910000000000030e-04
  -2.5024400000000003e-03
  -1.3275149999999998e-03
   6.4697349999999999e-03
   8.0795150000000007e-03
  -4.6920755000000001e-03
  -1.4282250000000000e-02
  -8.1024249999999999e-03
   7.7056999999999994e-04
   4.9667509999999993e-03
  -9.9945000000000025e-04
  -3.1890849999999999e-03
  -2.9220574999999998e-03
   3.8452125000000004e-03
   8.8195799999999987e-03
   1.0223399999999996e-03
  -2.4719249999999998e-03
  -4.8370349999999999e-03
  -4.7912619499999995e-03
   2.6702900000000005e-03
   4.8827999999999979e-04
  -3.6163200000000001e-03
  -1.1779794999999999e-02
  -2.7008050000000001e-03
   2.1896350000000001e-03
  -2.0446800000000001e-03
  -7.5454900000000002e-03
  -7.8201250000000007e-03
  -1.5716550000000004e-03
   5.3405500000000008e-04
  -3.4790000000000003e-03
  -1.3534540000000001e-02
  -1.4289850000000000e-02
  -4.6462999999999999e-03
   6.7901999999999980e-04
  -4.9514599999999995e-03
  -1.2413020000000000e-02
  -1.8676749999999999e-02
  -7.7285899999999996e-03
   1.6708355000000000e-03
  -6.8659999999999902e-05
  -5.1727365000000004e-03
  -7.2174049999999997e-03
  -2.6473999999999998e-03
   2.1057100000000002e-03
  -8.6211999999999964e-04
  -7.4844229999999996e-03
  -1.2077310000000001e-02
  -8.5067549999999995e-03
  -4.2725000000000011e-04
   9.4604319999999995e-03
   3.4103450000000000e-03
   3.0517650000000001e-03
   4.7073354999999997e-03
   1.2405375000000000e-02
   1.5296950000000000e-02
   6.1722004999999998e-03
  -1.5563950000000001e-03
   3.8909500000000000e-04
   1.2153610000000000e-02
   1.1283884999999999e-02
   3.6621100000000005e-03
  -1.9683849999999996e-03
   2.3269630500000003e-03
   1.3046249999999999e-02
   9.6588000000000004e-03
   5.5465749999999998e-03
   2.3193350000000005e-03
  -3.7689194999999997e-03
   5.4702800000000001e-03
   8.8577499999999993e-03
   5.7830590000000001e-03
  -5.1269350000000000e-03
  -4.7683700000000001e-03
   4.5774999999999961e-05
   3.1967160000000001e-03
   6.2561499999999994e-04
  -5.1421899999999996e-03
  -4.5013445000000006e-03
  -3.8146999999999986e-04
   1.6937255000000000e-03
   1.6632100000000000e-03
  -7.8353900000000011e-03
  -1.3961774999999999e-02
  -1.0475165000000000e-02
   1.2435899999999999e-03
   2.3956300000000002e-03
  -5.3940064999999995e-03
  -2.6702860000000000e-03
  -3.6010750000000000e-03
   1.4266950000000002e-03
   1.2588499999999997e-03
  -3.4561250000000000e-03
  -7.4920799999999999e-03
  -3.1738284999999998e-03
   7.6598899999999999e-03
   8.8729750000000000e-03
   4.1503900000000003e-03
  -3.4942649999999999e-03
  -2.1514899999999998e-03
   6.0195900000000000e-03
   1.0444655000000001e-02
   7.4004900000000000e-03
   3.9520249999999996e-03
   5.4016150000000002e-03
   7.0266749999999996e-03
   1.4869700000000000e-02
   5.7601744999999996e-03
   1.1672999999999998e-03
  -6.4621000000000001e-03
   4.0969854999999998e-03
   1.0253895000000001e-02
   8.3160449999999993e-03
  -5.0048999999999996e-03
   7.4767999999999992e-04
   1.1543250000000001e-02
   1.9088750000000002e-02
   8.8500850000000006e-03
  -2.6168700000000003e-03
  -5.0048850000000006e-03
   3.4637445000000001e-03
   9.0637400000000007e-03
   7.8277550000000005e-03
  -8.4686500000000003e-04
   2.2885000000000049e-05
   6.6833499999999994e-03
   1.5571600000000000e-02
   1.3786290000000001e-02
   6.2103030500000002e-03
   4.2877174999999997e-03
   5.1956150000000006e-03
   7.2174000000000006e-03
   1.1024495000000000e-02
   3.4561000000000006e-03
   1.7394999999999999e-03
   3.8833650000000002e-03
   3.0975300000000002e-03
   8.9645300000000001e-03
   1.9073500000000004e-04
  -5.5541775000000002e-03
  -2.4719249999999998e-03
   9.3841700000000007e-03
   1.1787405000000001e-02
   6.6299499999999999e-03
  -1.0452300000000003e-03
   1.1825550000000001e-03
   7.6294149999999996e-03
   1.3610855000000000e-02
   3.4484600000000000e-03
  -5.9585400000000000e-03
  -9.2925899999999999e-03
  -5.4168499999999965e-04
   5.0506450000000003e-03
   4.8141650000000005e-03
  -3.1662149999999996e-03
  -2.8381349999999999e-03
   4.8217755000000001e-03
   3.3874500000000002e-03
   2.7008199999999996e-03
  -6.5612999999999999e-03
  -1.0040259999999999e-02
  -2.7694700000000000e-03
   3.1662000000000001e-03
   1.2588499999999997e-03
   1.9989049999999996e-03
  -1.0993960000000001e-02
  -1.0292045000000000e-02
   2.4795549999999996e-03
   2.2964499999999998e-03
  -1.1413564999999999e-02
  -5.3863499999999998e-03
  -2.3727410000000003e-03
   4.4021609999999999e-03
   6.3018750000000002e-03
  -2.7618399999999998e-03
  -1.2435920000000000e-02
  -1.2405375000000000e-02
   5.9509000000000016e-04
   3.9901650000000004e-03
   6.4849999999999977e-04
  -2.1820049999999999e-03
   2.4413999999999990e-04
   1.2435895000000001e-02
   1.1238079999999999e-02
   5.8669949999999998e-03
   4.6615605000000001e-03
   4.9438450000000005e-03
   1.0231020000000000e-02
   1.4167795000000000e-02
   1.4755235000000000e-02
   6.4849649999999997e-03
   5.5389579999999992e-03
   9.7427250000000007e-03
   1.4007580000000000e-02
   1.4656084999999999e-02
   2.3117050000000003e-03
  -3.3569350000000001e-03
   2.5100699999999997e-03
   9.3841549999999999e-03
   5.6076049999999999e-03
  -5.7220600000000002e-03
  -5.9585519999999998e-03
   1.2969999999999995e-04
   9.4146750000000008e-03
   1.0658269999999999e-02
   5.9509244999999995e-03
  -1.2969499999999998e-04
   1.4572150000000000e-03
   1.1886595000000000e-02
   1.4907825000000000e-02
  -5.7982999999999993e-04
  -5.1345899999999996e-03
  -8.9187699999999995e-03
   3.4790045000000001e-03
   2.9983649999999998e-03
  -6.0653859999999999e-03
  -1.4770500000000001e-02
  -1.5747100000000000e-02
  -1.0826090000000000e-02
  -4.4097905000000000e-03
  -9.8266599999999992e-03
  -2.0965600000000001e-02
  -1.2725825000000000e-02
   5.1117000000000003e-04
   2.3803499999999998e-03
  -1.1894215000000000e-02
  -1.1985775000000001e-02
  -1.2695315000000000e-02
  -7.7896145000000000e-03
  -4.9056849999999999e-03
  -1.1032091499999999e-02
  -1.2252795000000000e-02
  -7.4234110000000004e-03
  -1.1978150000000001e-03
   6.1111249999999994e-03
   4.8446800000000005e-03
  -5.4702950000000000e-03
  -9.5901700000000003e-03
  -1.2054449999999999e-03
   5.5084150000000000e-03
   1.1383050000000000e-02
   6.6299600000000007e-03
   1.6555950000000002e-03
   1.4389059999999999e-02
   2.5779750000000001e-02
   2.2415149999999998e-02
   1.0078414999999999e-02
   4.3487649999999992e-03
   7.8506549999999998e-03
   8.6440900000000001e-03
   9.2239360000000003e-03
   6.5002300000000001e-03
   5.1880000000000025e-04
  -7.6290000000000125e-05
   6.3934300000000003e-03
   5.3558199999999990e-03
  -1.3656600000000003e-03
   2.2048949999999997e-03
   1.5106199999999998e-03
   1.1459350000000000e-02
   1.0215780000000001e-02
   1.5106000000000000e-03
  -5.9051699999999995e-03
  -3.9901720000000002e-03
   3.0517560000000001e-03
   7.9422199999999998e-03
   6.6833650000000001e-03
   4.4555665000000000e-03
   4.0741000000000006e-03
   6.9351299999999994e-03
   6.8969700000000005e-03
   1.6937250000000001e-03
  -3.0822749999999998e-03
  -5.6839000000000004e-03
  -1.1062600000000000e-03
   2.0217899999999999e-03
  -7.6299999999997897e-06
   1.1520350000000000e-03
  -1.0147099999999998e-03
   7.9574550000000004e-03
   2.1492049999999999e-02
   1.0284430000000001e-02
   1.9836550000000000e-03
   4.9743649999999997e-03
   1.8280049999999999e-02
   1.1009204999999999e-02
   1.3854969999999999e-02
   8.8577494999999996e-03
   1.0261514999999999e-02
   7.1792599999999998e-03
   1.2100204999999999e-02
   1.4007595000000001e-02
   3.5095190000000000e-03
  -1.9149800000000002e-03
  -8.3160500000000002e-04
   1.3526900000000000e-02
   8.7432849999999999e-03
  -1.0917679999999999e-02
  -1.3305655000000000e-02
  -9.4451800000000009e-03
  -2.5939950000000000e-03
   5.7525639999999999e-03
  -3.0746450000000000e-03
  -1.0162350000000001e-02
  -1.1314400000000000e-02
   2.1133412000000000e-03
   2.4566650000000002e-03
  -6.0348349999999997e-03
  -1.2451195000000000e-02
  -1.1299145000000000e-02
  -3.3874499999999997e-03
   6.2866150000000006e-03
   5.0659299999999997e-03
  -2.9602049999999996e-03
  -8.1787099999999988e-03
   1.4572149999999998e-03
   3.5782100000000001e-03
  -7.0266793999999994e-03
  -1.4350894999999999e-02
  -1.7921449999999998e-02
  -8.2168599999999994e-03
  -5.4321300000000003e-03
  -8.2321349999999998e-03
  -1.2329089999999999e-02
  -1.4121999999999999e-02
  -6.2255849999999996e-03
  -2.9067999999999997e-03
  -4.9972625000000003e-03
  -1.3519295000000001e-02
  -1.3305700000000000e-02
  -8.5525600000000007e-03
  -6.7901499999999983e-04
  -7.3242499999999966e-04
  -9.7808849999999996e-03
  -1.0452264999999999e-02
  -5.0430299999999996e-03
  -3.5705550000000004e-03
  -4.5776000000000020e-04
  -8.3389199999999997e-03
  -1.3061534999999999e-02
  -1.8768299999999999e-03
   1.2970000000000002e-03
   1.0528549999999997e-03
   2.4337750000000000e-03
   8.9645599999999999e-03
  -7.9650750000000003e-03
   2.5405650000000003e-03
   2.8686650000000003e-03
  -1.0757450000000003e-03
   1.7776500000000002e-03
   1.7089867999999999e-03
   2.8457644999999999e-03
   7.1716250000000000e-03
   7.3165905000000002e-03
   6.5689199999999998e-03
   2.3651110000000000e-03
   1.2756350000000000e-02
   1.2825004999999999e-02
   1.2527449999999999e-02
  -9.9944999999999982e-04
  -1.6784700000000000e-03
   1.1390670000000000e-02
   9.3536450000000007e-03
   5.7373004999999996e-03
  -7.8582560000000010e-03
  -4.1809099999999995e-03
  -2.5329599999999999e-03
   7.4691929999999998e-03
   1.1482220000000000e-02
   3.0441300000000004e-03
   3.0288700000000003e-03
  -8.4686000000000006e-04
   2.8228799999999998e-03
  -3.2424900000000002e-03
  -1.1566149999999999e-02
  -1.1085500000000000e-02
   6.4086850000000001e-04
   1.9683850000000000e-03
   4.8980750000000000e-03
  -5.7982999999999993e-04
  -1.7959599999999999e-02
  -1.1299150000000001e-02
   2.8533899999999999e-03
   3.8986200000000002e-03
  -3.9291300000000003e-03
  -8.1710749999999999e-03
  -5.8441149999999996e-03
   7.5378400000000005e-03
   1.0887170000000000e-02
   2.3346099999999996e-03
  -4.0435799999999997e-03
  -9.0942499999999999e-03
   2.2124999999999988e-04
   4.2266868000000006e-03
  -1.4114399999999999e-03
  -2.2964449999999998e-03
  -5.0506600000000002e-03
   4.3945299999999998e-03
  -3.5095000000000005e-04
  -2.5481950000000001e-03
  -5.7220355000000001e-03
  -8.8196000000000004e-03
   2.4566650000000002e-03
   9.4452099999999990e-03
   4.2724500000000014e-04
  -1.2931814999999999e-02
  -8.8805949999999998e-03
  -5.4626450000000003e-03
   1.7929100000000000e-03
   5.2337500000000006e-03
  -2.2354150000000001e-03
  -5.6991600000000000e-03
  -7.4768199999999995e-04
   4.2266850000000000e-03
   7.7896049999999998e-03
  -2.5024449999999998e-03
  -1.3275150000000000e-03
   1.6403225000000000e-03
   8.7662000000000000e-03
   6.5765199999999998e-03
  -5.5999750000000001e-03
  -8.0108550000000008e-03
  -4.7683700000000001e-03
   1.0833749999999999e-03
   3.5324085000000001e-03
   1.9683834999999999e-03
  -1.4587400000000000e-02
  -1.3381959999999998e-02
  -5.4245000000000005e-03
  -6.4315700000000002e-03
  -1.2161244999999999e-02
  -1.9363450000000001e-02
  -1.8638599999999998e-02
  -5.0124949999999996e-03
   3.2043400000000000e-03
  -4.5699950000000003e-03
  -8.7432793999999998e-03
  -6.3476699999999997e-03
  -1.6098049999999997e-03
  -4.1961700000000008e-03
  -4.8828150000000004e-03
  -1.7524700000000001e-02
  -1.5777550000000001e-02
  -5.7067849999999998e-03
  -5.0888293999999997e-03
  -3.9978150000000000e-03
  -1.1337300000000000e-02
  -2.1209699999999998e-02
  -1.1520390000000000e-02
   2.3269639999999999e-03
  -3.2348600000000004e-03
  -5.2337600000000005e-03
  -7.4615599999999999e-03
   2.7770985000000002e-03
   1.2245164999999999e-02
   1.5716529999999999e-02
   9.8114050000000005e-03
   6.5841850000000002e-03
   1.1596700000000000e-02
   2.2300750000000001e-02
   2.1285999999999999e-02
   1.1436480000000001e-02
   9.7732550000000015e-03
   1.4312700000000001e-02
   1.9508400000000002e-02
   2.1896349999999998e-02
   1.8020635000000000e-02
   1.3999945000000000e-02
   1.2809729999999998e-02
   2.3460399999999999e-02
   2.5543250000000000e-02
   2.2087050000000000e-02
   1.7646809999999999e-02
   1.3839694999999999e-02
   2.5649999999999999e-02
   2.2209150000000000e-02
   2.1926849999999998e-02
   9.7732549999999998e-03
   1.1169449999999999e-02
   2.5032050000000000e-02
   2.4330149999999998e-02
   2.1545399999999999e-02
   1.5716555000000000e-02
   1.4549250000000000e-02
   1.6708399999999998e-02
   2.1713250000000000e-02
   1.5899650000000001e-02
  -1.7395000000000002e-03
  -1.2207049999999999e-03
   6.6986049999999998e-03
   6.9274799999999997e-03
   1.1726364999999999e-02
  -1.1444999999999945e-04
  -4.0206900000000004e-03
   3.6926099999999998e-03
   9.7961350000000010e-03
   1.0787949999999999e-02
  -1.6250550000000002e-03
  -1.2207000000000003e-03
   3.5553000000000000e-03
   1.4022850000000000e-02
   1.2107860000000002e-02
   3.1967099999999997e-03
  -3.5095000000000005e-04
  -8.6135850000000000e-03
  -3.4332500000000001e-04
  -1.3595560000000000e-02
  -2.6496900000000000e-02
  -4.1381849999999998e-02
  -5.3474450000000000e-02
  -5.0659150000000000e-02
  -5.5580149999999995e-02
  -7.0846550000000008e-02
  -8.0871600000000002e-02
  -9.3643200000000010e-02
  -8.8195799999999991e-02
  -8.4434499999999996e-02
  -9.8541299999999998e-02
  -1.0620900000000000e-01
  -1.0994750000000000e-01
  -1.1023700000000000e-01
  -1.0461434999999999e-01
  -1.0442345000000000e-01
  -1.1360899999999999e-01
  -1.1685950000000001e-01
  -1.1048150000000000e-01
  -1.0590400000000000e-01
  -9.9144199999999988e-02
  -1.0890200000000000e-01
  -1.1056550000000001e-01
  -9.7732550000000001e-02
  -8.7013250000000000e-02
  -8.3686850000000007e-02
  -7.8559899999999988e-02
  -8.4869400000000011e-02
  -8.5060100000000000e-02
  -8.5586549999999997e-02
  -8.7326050000000002e-02
  -9.2865000000000003e-02
  -9.6076999999999996e-02
  -8.5433950000000008e-02
  -8.4388749999999998e-02
  -8.5708649999999997e-02
  -8.6585999999999996e-02
  -8.6296100000000001e-02
  -9.2987050000000002e-02
  -7.9864500000000005e-02
  -7.3608400000000004e-02
  -7.8819250000000007e-02
  -8.1420900000000004e-02
  -7.8414900000000010e-02
  -6.8832399999999988e-02
  -6.3766500000000004e-02
  -7.1517949999999997e-02
  -7.3150650000000011e-02
  -7.7987650000000006e-02
  -6.5200800000000003e-02
  -6.2126149999999998e-02
  -6.0661300000000001e-02
  -5.8586150000000004e-02
  -5.1124599999999999e-02
  -3.8299550000000002e-02
  -4.0847750000000002e-02
  -4.5799250000000000e-02
  -5.3878750000000003e-02
  -5.7952900000000002e-02
  -4.6058700000000001e-02
  -4.1732800000000000e-02
  -4.0931700000000001e-02
  -5.2749600000000001e-02
  -4.4502250000000000e-02
  -2.1568299999999999e-02
  -2.0782450000000001e-02
  -1.5762350000000001e-02
  -1.8379250000000000e-02
  -1.4541650000000000e-02
  -5.5389400000000000e-03
   2.8228754999999996e-03
   9.9944999999999982e-04
  -5.4092524999999995e-03
  -3.0517560000000001e-03
   9.2163250000000009e-03
   1.7089850000000000e-02
   1.9264250000000000e-02
   1.2382495000000000e-02
   1.8669100000000001e-02
   2.4620049999999997e-02
   3.2096899999999998e-02
   3.7437449999999997e-02
   4.0374750000000001e-02
   3.5064699999999997e-02
   3.6933900000000006e-02
   4.7920249999999998e-02
   5.3642250000000002e-02
   4.6287499999999995e-02
   3.6933899999999999e-02
   3.9688150000000005e-02
   5.8029200000000003e-02
   6.4163200000000004e-02
   6.4209000000000002e-02
   5.7540900000000006e-02
   5.7998649999999999e-02
   6.6688549999999999e-02
   7.4417150000000001e-02
   6.5017699999999998e-02
   5.2574150000000000e-02
   4.9499500000000002e-02
   6.4407350000000002e-02
   7.3333700000000002e-02
   8.4564200000000006e-02
   7.0617700000000005e-02
   7.6225299999999996e-02
   8.4442099999999992e-02
   9.1766349999999997e-02
   9.0133700000000011e-02
   8.1962549999999995e-02
   6.9160449999999998e-02
   7.1785000000000002e-02
   7.9124450000000013e-02
   8.0764749999999996e-02
   7.3562650000000007e-02
   6.5811149999999999e-02
   5.8090199999999995e-02
   5.4275549999999999e-02
   5.2192699999999995e-02
   4.5997600000000000e-02
   4.1786200000000003e-02
   4.0618899999999999e-02
   4.8858650000000003e-02
   5.2078250000000000e-02
   3.7757849999999996e-02
   2.8465249999999997e-02
   3.0448900000000001e-02
   3.8513199999999997e-02
   3.9398150000000000e-02
   2.4696349999999999e-02
   2.0713849999999999e-02
   1.7074550000000001e-02
   2.0698550000000000e-02
   2.6535000000000000e-02
   2.0233149999999998e-02
   1.7776449999999999e-02
   2.1797150000000001e-02
   3.5324099999999997e-02
   3.8276649999999995e-02
   3.4225499999999999e-02
   3.1639100000000003e-02
   2.3071300000000003e-02
   2.9205349999999998e-02
   3.3233649999999997e-02
   3.6575299999999998e-02
   3.0883799999999999e-02
   1.3793949999999999e-02
   2.5024400000000002e-02
   2.5619500000000000e-02
   2.8175350000000002e-02
   2.5733949999999998e-02
   2.0988449999999999e-02
   3.3226050000000000e-02
   3.8932800000000004e-02
   4.1412350000000001e-02
   3.2676699999999996e-02
   2.4543800000000001e-02
   3.0883799999999999e-02
   4.1412350000000001e-02
   3.4362799999999999e-02
   2.4185200000000000e-02
   1.0665879999999999e-02
   1.7219550000000000e-02
   3.2516499999999997e-02
   3.3348099999999999e-02
   2.5306700000000001e-02
   2.3971600000000003e-02
   3.3164949999999999e-02
   3.3760100000000001e-02
   2.1774300000000000e-02
   1.2222280000000000e-02
   1.1756885000000000e-02
   1.2672430000000000e-02
   2.5543200000000002e-02
   3.0487050000000002e-02
   2.2857700000000002e-02
   2.0492549999999998e-02
   2.8526300000000001e-02
   3.5415600000000005e-02
   4.1976949999999999e-02
   4.5753450000000001e-02
   4.6394350000000001e-02
   2.4490350000000001e-02
   3.4263600000000005e-02
   5.8105450000000003e-02
   3.8955700000000003e-02
   1.8760699999999998e-02
   1.3343850000000001e-02
   2.2888200000000001e-02
   2.7038599999999999e-02
   1.9317649999999999e-02
   1.1573805000000000e-02
   1.0849000000000001e-02
   1.0200515000000000e-02
   1.7494200000000001e-02
   2.2628799999999998e-02
   2.3300149999999999e-02
   6.3324000000000019e-04
   1.4274610000000000e-02
   1.7593400000000002e-02
   3.7307700000000004e-03
  -1.2741100000000002e-03
  -1.6403199999999998e-03
  -3.5095500000000002e-04
   3.1280549999999998e-03
   3.4866599999999999e-03
  -1.9836650000000003e-03
  -5.5008154999999998e-03
   3.3187849999999999e-03
   1.5953100000000001e-02
   1.2901325000000000e-02
   7.3699706000000002e-03
  -6.2561300000000004e-03
  -8.8119299999999991e-03
   7.9116849999999999e-03
   1.0253914999999999e-02
   4.0664450000000001e-03
   5.9585699999999998e-03
   1.1268634999999999e-02
   1.1947630000000001e-02
   2.3246750000000000e-02
   1.5174850000000000e-02
  -3.4027099999999998e-03
  -5.0811750000000003e-03
   1.4343250000000002e-03
   1.5701315000000000e-02
   1.9729600000000000e-02
   6.5612799999999992e-03
  -3.6621500000000003e-04
   8.3007899999999989e-03
   7.6599199999999997e-03
   1.0330220000000001e-02
   2.3269649999999998e-03
  -5.3482050000000000e-03
   7.0648299999999994e-03
   1.4442449999999999e-02
   1.0765065000000001e-02
   2.9525749999999998e-03
   9.5367499999999997e-04
   5.3558349999999998e-03
   2.2560100000000000e-02
   1.4213555000000001e-02
  -1.5800495000000001e-02
  -1.2741074999999999e-02
  -2.7465499999999995e-04
   1.7318749999999999e-03
   8.6974849999999996e-03
   4.8065149999999991e-03
   1.2969999999999995e-03
  -8.0871749999999998e-04
   2.7466000000000003e-04
  -4.2953649999999998e-03
  -9.9184999999999898e-05
   1.6632099999999998e-03
   4.7760050000000007e-03
   1.6593950000000000e-02
   1.3259910000000000e-02
   6.7901404999999998e-03
  -4.4708250000000003e-03
  -4.6005249999999994e-03
  -8.2015800000000000e-03
  -6.0958900000000005e-03
  -4.5700075000000007e-03
  -7.4005199999999998e-03
  -1.4038100000000001e-03
  -4.9591500000000009e-04
   1.0223350000000001e-03
  -1.0681149999999997e-03
  -4.1046145000000001e-03
  -5.1956150000000006e-03
   7.2479499999999987e-04
  -4.8828000000000022e-04
   2.0675650000000004e-03
  -2.3040750000000000e-03
  -4.9591050000000001e-03
  -5.4244999999999996e-03
   2.1362500000000006e-04
   7.5531000000000014e-04
  -9.8800599999999995e-03
  -8.1329350000000009e-03
  -1.0025030000000001e-02
  -1.2619005000000001e-02
  -3.6163350000000000e-03
  -9.7503499999999996e-03
  -1.7135649999999999e-02
  -1.7120349999999999e-02
  -3.4255984999999999e-03
   8.2244650000000002e-03
  -9.7656000000000001e-04
  -8.1558450000000001e-03
  -7.8659049999999994e-03
   7.0419300000000001e-03
   1.2954700000000000e-02
   4.4708299999999994e-03
  -3.2348630000000001e-03
  -8.8958750000000010e-03
   7.7896099999999998e-03
   5.5694579999999994e-03
  -3.3569500000000000e-04
  -3.9901755000000001e-03
  -6.2942695000000005e-03
   1.0215749999999999e-02
   7.4310150000000000e-03
  -8.1634500000000044e-04
  -6.6757060000000000e-03
  -1.0261510000000000e-02
  -6.3476549999999998e-03
   4.5780000000000039e-05
  -1.0704055000000001e-02
  -1.8920900000000001e-02
  -1.6960150000000000e-02
  -8.1176849999999995e-03
  -1.3275140000000001e-03
  -1.1749249999999998e-03
  -1.7517049999999999e-02
  -1.6464199999999998e-02
  -9.1857899999999992e-03
  -1.5335075000000001e-03
  -5.7983204999999998e-03
  -1.0093685000000002e-02
  -1.3923649999999999e-02
  -1.5785199999999999e-02
  -7.4310499999999998e-03
  -5.7067799999999998e-03
  -1.4205915000000001e-02
  -1.3702410000000002e-02
  -9.2162949999999993e-03
  -2.7694694999999998e-03
   3.9672856000000003e-03
   3.0288699999999995e-03
  -3.2577549999999993e-03
  -5.3253150000000006e-03
   8.1253149999999993e-03
   1.0665895000000002e-02
   3.0059800000000001e-03
  -9.6664249999999993e-03
  -1.4846800000000000e-02
  -6.5154900000000005e-03
   5.8212284999999992e-03
   3.9444149999999997e-03
   4.5013499999999994e-04
   1.6937250000000001e-03
   1.0963420000000001e-02
   1.8203750000000001e-02
   1.4442429999999999e-02
   6.0577600000000006e-03
   2.0370499999999999e-03
   1.0543810000000001e-02
   2.4070750000000002e-02
   2.9304499999999997e-02
   1.1993420000000001e-02
   1.9515999999999999e-02
   1.6410800000000000e-02
   1.7280600000000000e-02
   1.7807000000000000e-02
   3.4332500000000023e-04
  -2.5100700000000005e-03
   3.3111599999999996e-03
   1.3992330000000001e-02
   1.9882199999999999e-02
   2.9449599999999995e-03
  -6.6451949999999996e-03
   1.4724750000000000e-03
  -5.2642499999999964e-04
  -4.5013499999999951e-04
  -5.0582800000000001e-03
  -3.3874500000000002e-03
   8.0108850000000006e-03
   1.5457149999999999e-02
   1.4053329999999999e-02
   4.5013300000000004e-03
   3.4027099999999998e-03
  -3.1585650000000003e-03
   2.7694699999999996e-03
   1.8158000000000002e-03
  -9.9334550000000008e-03
  -9.1705249999999988e-03
  -6.9656499999999994e-03
  -2.8762800000000002e-03
   3.8147000000000051e-04
  -2.4795450000000001e-03
  -6.7825450000000001e-03
  -1.1787435000000001e-02
  -2.1133400000000000e-03
   5.2871500000000000e-03
   7.9040560000000013e-03
   1.8386849999999998e-03
  -1.1901849999999999e-03
   4.5013499999999994e-04
   9.5214900000000005e-03
   7.1868749999999997e-03
  -2.3727200000000000e-03
  -5.2795450000000001e-03
  -3.0288700000000003e-03
   5.4016289999999998e-03
   7.0495745000000000e-03
  -3.8528500000000001e-03
  -3.2653800000000000e-03
   9.7427299999999998e-03
   2.3880050000000000e-02
   2.0553599999999998e-02
   6.5384000000000006e-03
   1.6479499999999996e-03
  -3.4103350000000000e-03
   8.0490200000000005e-03
   1.8096950000000001e-02
   8.3542000000000009e-03
