   2.4784075880000001e-01
   7.4157649999999995e-03
  -1.8768299999999999e-03
  -7.3242200000000002e-03
  -1.0971099999999999e-02
   2.0141604999999998e-03
   1.1947615000000000e-02
   7.3928850000000001e-03
  -4.5775999999999998e-04
  -8.8882449999999995e-03
   2.9602050000000000e-03
   1.0948184999999999e-02
   3.7155134999999999e-03
  -3.2501200000000000e-03
  -7.2937000000000002e-03
   9.0713499999999989e-03
   2.3239099999999999e-02
   2.4177549999999999e-02
   1.3542200000000001e-02
   6.9732650000000002e-03
   1.8997199999999999e-02
   2.6779200000000003e-02
   2.4940500000000001e-02
   1.2420660000000000e-02
  -2.4871835000000002e-03
   9.0865949999999994e-03
   1.6563399999999999e-02
   1.5594500000000001e-02
   7.5073049999999997e-03
  -4.2114244999999998e-03
  -1.0986300000000002e-03
   4.6157849999999999e-03
   4.8446449999999999e-03
  -5.1574770000000006e-03
  -1.3183600000000000e-02
  -5.4931649999999995e-03
   4.6538999999999999e-04
   7.4005034999999999e-03
  -5.5618500000000001e-03
  -1.6067499999999998e-02
  -7.9116800000000008e-03
  -1.4877349999999998e-03
   1.1062599999999999e-02
   2.8534200000000002e-03
  -5.9356700000000005e-03
  -5.5999750000000001e-03
   3.0593899999999995e-03
   1.0650645000000000e-02
   3.4332000000000026e-04
  -7.5531249999999999e-03
  -1.3145440000000000e-02
   2.8381360000000002e-03
   1.1848465000000001e-02
  -6.1797999999999974e-04
  -1.3816815000000000e-02
  -1.6090399999999998e-02
  -8.3925000000000102e-05
   1.4488239999999999e-02
   9.0865874999999999e-03
  -8.9569300000000001e-03
  -1.3961800000000000e-02
  -2.5177011999999999e-03
   1.2138355000000000e-02
   1.2588490000000001e-02
   1.1443999999999994e-04
  -1.3015724999999999e-02
  -6.7062199999999997e-03
   6.3934409999999997e-03
   9.0560750000000002e-03
  -3.2806499999999978e-04
  -1.0246265000000001e-02
  -4.5776400000000009e-03
   1.0070800000000003e-03
   8.1710949999999997e-03
  -2.3727410000000003e-03
  -9.8876750000000003e-03
  -3.8452149999999999e-03
   7.9956000000000003e-03
   1.7257700000000001e-02
   3.5552984999999999e-03
  -7.4005149999999999e-03
  -3.6239637999999998e-03
   5.8898990000000005e-03
   1.5830999999999998e-02
   3.1280500000000003e-03
  -4.1046149999999998e-03
  -1.1215186500000000e-03
   6.2484749999999999e-03
   1.7288200000000000e-02
   7.5683699999999996e-03
  -2.2201554999999999e-03
  -8.5067750000000011e-03
  -3.2043299999999996e-04
   8.9035299999999998e-03
   3.2348650000000000e-03
  -4.7607400000000003e-03
  -1.0612500000000000e-02
  -1.4801000000000000e-03
   1.0238670000000000e-02
   1.0696395000000001e-02
   4.2419430500000004e-03
  -6.2408350000000001e-03
   5.6304900000000001e-03
   1.4282204999999999e-02
   1.4640785000000000e-02
   5.5084330000000001e-03
  -4.1046099999999999e-03
   1.3793949999999999e-02
   1.1230475000000000e-02
   5.7373300000000006e-03
   3.0288749999999999e-03
   2.4414000000000011e-04
   1.0475159999999999e-02
   1.5167215000000000e-02
   1.8913260000000001e-02
   6.4849736499999998e-03
  -2.4490370000000003e-03
  -1.1596700000000002e-03
   6.1035350000000002e-03
   5.8669999999999998e-03
  -4.3411249999999995e-03
  -1.4099100000000000e-02
  -1.0543850000000000e-02
  -7.6300000000000066e-06
   6.3018965000000001e-03
  -1.9149799999999999e-03
  -1.4800999999999998e-02
  -1.5747049999999999e-02
   1.0025030000000001e-02
   2.3712150000000001e-02
   1.6784650000000001e-03
  -6.9503799999999999e-03
  -2.5337199999999997e-02
  -8.4609850000000007e-03
   7.0877299999999996e-03
  -4.9972699999999998e-03
  -1.3587999999999999e-02
  -1.9088700000000000e-02
  -4.0664650000000000e-03
   4.2953300000000000e-03
   4.7760200000000006e-03
  -6.2560999999999997e-04
  -6.7062400000000005e-03
   6.3781749999999998e-03
   1.6990650000000000e-02
   1.6113275000000000e-02
   3.2043454999999997e-03
  -4.7225950000000004e-03
   8.2626200000000000e-03
   2.4215700000000000e-02
   2.2201550000000000e-02
   8.1100399999999989e-03
   1.2970000000000000e-03
   1.2046800000000000e-02
   2.5115949999999998e-02
   3.0548099999999998e-02
   1.7372149999999999e-02
   8.7661800000000002e-03
   9.7732750000000014e-03
   1.3336190000000000e-02
   1.4831540000000001e-02
  -1.5945400000000002e-03
  -1.5518199999999999e-02
  -1.4358500000000000e-02
  -9.3841499999999991e-03
  -2.4261499999999997e-03
  -1.0032679999999999e-02
  -2.2895800000000001e-02
  -2.5039650000000000e-02
  -1.0635370000000000e-02
  -6.1034999999999996e-04
  -1.2931835000000001e-02
  -1.5647850000000001e-02
  -1.7608650000000000e-02
  -4.6844420000000005e-03
   1.9302350000000002e-03
  -9.0103149999999996e-03
  -1.3183605000000001e-02
  -2.0286550000000000e-02
  -1.1093140000000001e-02
   2.5177000000000012e-04
  -2.1362300000000002e-03
  -6.9351199999999995e-03
  -1.6342200000000001e-02
  -1.5266425000000000e-02
  -1.7852749999999998e-03
  -2.5329599999999995e-03
  -1.7967199999999999e-02
  -3.0418400000000002e-02
  -2.1667499999999999e-02
  -1.0940560000000000e-02
  -7.4310349999999999e-03
  -1.4488200000000000e-02
  -1.5777599999999999e-02
  -1.1756915000000000e-02
  -4.6997054999999999e-03
   0.0000000000000000e+00
  -1.1802674999999999e-02
  -2.1514900000000000e-02
  -1.5312200000000000e-02
  -2.8762800000000002e-03
   4.4097700000000004e-03
  -5.0582950000000000e-03
  -1.4762899999999999e-02
  -1.5533450000000001e-02
  -8.9569200000000002e-03
   2.5405850000000002e-03
  -1.1459324999999999e-02
  -1.7364499999999998e-02
  -1.9256599999999999e-02
  -6.3018600000000003e-03
   2.5558349999999998e-03
  -3.3111600000000005e-03
  -1.7669649999999999e-02
  -2.2499100000000001e-02
  -8.4152150000000002e-03
  -6.8664500000000005e-04
  -6.7443695000000007e-03
  -1.1459359999999998e-02
  -1.8653900000000001e-02
  -5.5084200000000000e-03
   3.7155150000000000e-03
   3.6010699999999996e-03
  -1.5945449999999999e-03
  -5.2948000000000005e-03
   5.3558349999999998e-03
   1.8051150000000002e-02
   1.0002155000000000e-02
  -2.7694699999999996e-03
  -9.0637200000000008e-03
   7.4767849999999997e-03
   1.4678965000000000e-02
   9.2468350000000001e-03
   9.1555000000000109e-05
  -1.4793400000000000e-02
  -1.2168900000000000e-02
  -4.7531049999999997e-03
   1.1291499999999998e-03
  -1.2557974999999999e-02
  -1.9302349999999999e-02
  -1.6738850000000000e-02
  -4.7225849999999996e-03
   3.8070700000000001e-03
  -8.8806349999999996e-03
  -1.5518199999999999e-02
  -1.5800494999999998e-02
  -3.8680999999999998e-03
   6.4697000000000001e-03
  -3.8986449999999996e-03
  -9.1476349999999994e-03
  -1.2405379999999999e-02
   6.7443900000000003e-03
   2.1369900000000001e-02
   9.4452049999999999e-03
   7.5378649999999995e-03
   5.8059699999999997e-03
   2.4543750000000000e-02
   2.8434750000000002e-02
   2.2163400000000000e-02
   1.1131305000000001e-02
   1.8005349999999998e-03
   9.4070300000000003e-03
   8.8882675999999994e-03
  -4.3487500000000037e-04
  -9.1705399999999996e-03
  -1.5113850000000002e-02
  -1.0993955000000000e-02
  -1.4953599999999994e-03
   1.2206999999999973e-04
  -1.0124189999999998e-02
  -1.1680594999999998e-02
  -8.7661549999999994e-03
   5.0811650000000003e-03
   7.3699799999999999e-03
  -1.0444625000000001e-02
  -1.5998850000000002e-02
  -2.1438600000000000e-03
  -3.1509300000000001e-03
   4.4250499999999972e-04
   1.1672949999999996e-03
  -7.8658900000000004e-03
  -7.5988899999999996e-03
  -3.2577299999999999e-03
   9.7122149999999997e-03
   3.3340299999999995e-03
  -3.4866200000000002e-03
   9.3841499999999974e-04
   1.1795025000000001e-02
   2.0416250000000000e-02
   7.8582589999999994e-03
  -7.8964194999999997e-03
  -1.6181950000000001e-02
  -5.7830749999999995e-03
   8.2550300000000000e-03
  -7.5073000000000006e-03
  -1.4488210000000001e-02
  -2.1575950000000000e-02
  -6.0043350000000004e-03
   3.2119849999999997e-03
  -6.4163149999999997e-03
  -1.5754709999999998e-02
  -2.2415200000000000e-02
  -9.3841500000000017e-04
   3.5552850000000000e-03
  -2.6092349999999997e-03
  -1.6090390000000000e-02
  -9.7808900000000004e-03
   2.4109050000000001e-03
   1.0284446950000000e-02
   6.2255999999999995e-03
   3.3264349999999995e-03
  -1.6944899999999999e-02
  -4.3792699999999993e-03
  -3.0514999999999622e-05
  -4.2724500000000006e-03
  -2.3361199999999999e-02
  -1.8936149999999999e-02
  -4.9819949999999995e-03
  -7.8887799999999998e-03
  -1.0734545000000000e-02
  -1.4648420000000001e-02
  -1.1367810000000001e-02
  -1.3343834999999998e-02
  -1.3687145000000000e-02
   1.6998284999999998e-02
   1.9378650000000000e-03
  -1.3732930000000001e-02
  -1.2550329999999998e-02
  -3.6163400000000000e-03
   1.0170004999999999e-02
  -1.2977595000000001e-02
  -1.7219550000000000e-02
  -1.4167770000000000e-02
  -2.5939999999999991e-04
   4.8904350000000003e-03
  -2.0462050000000002e-02
  -3.6087050000000002e-02
  -5.1422235000000002e-03
  -2.0370500000000000e-02
   1.5228255000000000e-02
   1.4678935000000001e-02
   3.2348600000000000e-03
  -3.5102849999999998e-02
  -1.7280600000000000e-02
  -4.5779999999999606e-05
   8.7585349999999996e-03
  -6.5307730000000001e-03
  -1.3229375000000000e-02
  -1.4862075000000001e-02
   6.2255699999999997e-03
   1.3122600000000000e-03
   1.9760149999999998e-03
  -1.0971090000000001e-02
  -1.2794480000000000e-02
   1.2451165000000000e-02
   1.7395020000000001e-02
   1.3229365000000000e-02
   4.8904400000000002e-03
   2.8686499999999999e-03
   1.6815190000000001e-02
   5.9356699999999997e-03
  -9.2316500000000010e-04
  -3.0128450000000001e-02
  -1.1741619999999999e-02
  -5.4244950000000005e-03
  -3.8223299999999997e-03
  -1.1726375000000001e-02
  -1.2153634999999999e-02
   6.1492995000000002e-03
  -1.3572700000000000e-02
   1.3244610000000000e-02
   1.3290429999999999e-02
  -1.7097450000000000e-02
  -1.1039739999999999e-02
   8.1710599999999991e-03
   1.3420105000000000e-02
   5.3329650000000003e-03
  -2.5024400000000002e-02
   8.6974999999999986e-04
   2.5787350000000004e-03
   8.8498999999999956e-04
   9.0408249999999989e-03
  -1.1848444999999999e-02
  -1.7562849999999998e-02
   6.6146900000000003e-03
  -1.2481704999999999e-02
  -1.2031565000000001e-02
   1.4114399999999999e-03
  -1.9805949999999999e-02
  -1.7005949999999999e-02
  -1.0932935000000000e-02
  -1.8905650000000000e-02
  -3.9108299999999999e-02
  -3.2775899999999997e-02
  -6.8817050000000001e-03
  -1.0047925000000001e-02
   3.6163350000000000e-03
   1.1581434999999999e-02
  -1.6128500000000000e-02
   2.7847299999999996e-03
   2.6924150000000001e-02
   3.0769350000000001e-02
  -2.3628200000000002e-02
  -7.0495499999999999e-03
  -8.8348599999999999e-03
   8.3160500000000002e-04
  -1.4282235000000001e-02
  -4.6356200000000000e-02
  -3.1913749999999998e-02
  -5.1345799999999997e-03
  -1.4839189999999999e-02
   2.0217900000000003e-03
  -2.5299050000000000e-02
  -4.0054299999999999e-03
  -6.8665000000000089e-05
  -4.8294050000000002e-03
   2.0202649999999999e-02
   1.2702959999999999e-02
  -6.0119600000000002e-03
  -1.2695300000000000e-02
  -1.2893699999999998e-03
   1.8753064999999999e-02
  -6.6833700000000001e-03
  -6.3934504999999999e-03
   9.4375850000000001e-03
  -1.6326900000000000e-03
   2.6641850000000002e-02
  -3.9977799999999994e-03
   7.7591100000000005e-03
   9.9029549999999997e-03
   4.6996950000000003e-03
   7.9574355000000003e-03
   2.9479949999999998e-02
  -3.1890850000000004e-03
   7.0189999999999966e-04
   1.0620104999999999e-02
   2.9342649999999998e-02
   3.1509450000000000e-03
   4.6310435000000002e-03
  -2.9464700000000003e-02
  -2.3040800000000000e-03
   1.7021170000000002e-02
   2.1896400000000000e-02
   8.2244750000000002e-03
  -1.0849000000000001e-02
  -7.8582700000000005e-03
  -1.5258750000000003e-03
   8.3083881999999991e-03
  -1.2603770000000000e-02
  -2.0187400000000001e-02
  -1.5052800000000000e-02
   1.2016295000000000e-02
   1.1978124999999999e-02
   4.6920699999999996e-03
  -8.0795450000000005e-03
  -8.2244999999999992e-03
   8.0566200000000004e-03
   1.2519819999999999e-02
   9.2925949999999990e-03
  -3.6621000000000028e-04
  -1.0467545000000000e-02
   4.1656506000000001e-03
   2.2262600000000000e-02
   1.4938360000000001e-02
   2.9983534999999998e-03
   2.5787359999999999e-03
   1.4900199999999999e-02
   2.0538350000000000e-02
   1.4823929999999999e-02
   4.3411269999999993e-03
  -6.7749250000000002e-03
   3.3035299999999998e-03
   1.3732885000000000e-02
   1.1459350000000000e-02
  -3.6010760000000004e-03
  -1.3893150000000000e-02
  -1.0986350000000001e-03
   3.0441050000000001e-03
   7.5073200000000005e-03
  -3.1051624999999996e-03
  -9.3841549999999999e-03
   1.1291499999999998e-03
   2.2125500000000006e-04
  -1.5945450000000002e-03
  -1.3694770000000000e-02
  -1.8859899999999999e-02
  -1.6349799999999998e-02
  -1.0391215000000001e-02
   2.8992000000000037e-04
  -9.4528149999999998e-03
  -1.6128500000000000e-02
  -1.5350349999999999e-02
  -7.6599349999999997e-03
   1.2359604999999999e-02
   3.7612900000000005e-03
  -1.0681150000000001e-03
   2.3269650000000003e-03
   1.3610835000000000e-02
   2.1049499999999999e-02
   4.0893350000000004e-03
  -1.0429370000000000e-02
  -1.6113300000000001e-02
  -8.3007749999999998e-03
   3.5781799999999998e-03
  -4.5623599999999997e-03
  -1.2298594999999999e-02
  -1.9119250000000001e-02
  -2.4185190000000001e-03
   5.2490200000000001e-03
   1.1672949999999996e-03
  -1.1306760000000001e-02
  -1.1619549999999999e-02
   2.0599354999999999e-03
   5.4321500000000002e-03
   4.2572249999999999e-03
   1.2359599999999999e-03
  -4.5471200000000000e-03
   4.9209590000000008e-03
   1.6700735000000001e-02
   1.3458240000000000e-02
   3.5476700000000002e-03
  -5.8441150000000004e-03
   3.0899059999999999e-03
   1.2260415000000000e-02
   1.2367265000000001e-02
   4.0740949999999998e-03
   2.6245130000000002e-03
   5.6304949999999993e-03
   1.4312725000000000e-02
   2.1392800000000000e-02
   9.6435350000000000e-03
  -1.8157950000000003e-03
   3.3187849999999999e-03
   9.9716164999999989e-03
   2.1797200000000003e-02
   7.2403085000000006e-03
  -4.6310405000000001e-03
  -5.1574940000000003e-03
   8.4686349999999987e-03
   1.9271850000000000e-02
   8.2702430000000000e-03
   2.6702850000000001e-03
  -1.3580350000000001e-03
   7.9192949999999998e-03
   1.4190660000000001e-02
   7.4615684999999998e-03
  -2.2888499999999985e-04
  -6.6375749999999997e-03
   6.1645550000000004e-03
   1.6540534999999999e-02
   1.0543799999999999e-02
  -1.1444499999999991e-04
  -9.4528100000000007e-03
   8.3922999999999984e-04
   1.1299155000000000e-02
   1.1924735000000001e-02
   1.0375999999999999e-03
  -2.2125249999999999e-03
  -6.6604570000000007e-03
   7.4539350000000001e-03
  -1.0681249999999996e-03
  -1.1810285000000000e-02
  -2.0805350000000000e-02
  -1.1131294999999999e-02
  -2.4490350000000000e-03
   4.5776150000000002e-03
  -8.7127449999999992e-03
  -1.2481675000000001e-02
  -7.9498499999999996e-03
  -1.7395000000000002e-03
   7.7056750000000004e-03
  -7.3547149999999995e-03
  -1.8920849999999999e-02
  -1.7723099999999999e-02
  -3.4866330000000003e-03
   1.0116600000000000e-02
  -2.2888200000000000e-03
  -4.7454849999999998e-03
   1.6021500000000001e-04
  -3.2577499999999994e-03
   8.9645449999999991e-03
  -4.2419299999999997e-03
  -8.2778799999999996e-03
  -1.2611400000000000e-02
  -1.9912699999999998e-03
   4.1427750000000005e-03
  -6.1950799999999995e-03
  -1.2168885000000001e-02
  -2.0416250000000000e-02
  -1.0353085000000000e-02
  -4.0436000000000031e-04
  -4.5318549999999996e-03
  -1.3687149999999999e-02
  -2.3025499999999997e-02
  -1.1238100000000001e-02
   4.7454749999999999e-03
   3.7536599999999998e-03
  -1.0833749999999999e-03
  -1.8692030000000001e-03
   6.0043349999999995e-03
   1.3908390000000000e-02
   1.4137279999999999e-02
   5.3863469499999999e-03
  -2.6016213500000000e-03
   8.7204150000000005e-03
   1.8234250000000000e-02
   2.1507300000000000e-02
   1.2886055000000000e-02
   4.8751799999999998e-03
   8.5296600000000014e-03
   1.6532900000000000e-02
   1.8814100000000000e-02
   4.5776350000000000e-03
  -7.7056899999999994e-03
  -2.3117045000000001e-03
   5.0354005000000004e-03
   7.4386549999999997e-03
  -3.5476549999999998e-03
  -1.3732899999999999e-02
  -1.5388499999999999e-02
   4.5700074999999998e-03
   1.2741064999999999e-02
  -1.9912750000000002e-03
  -1.3488750000000001e-02
  -1.9607550000000001e-02
  -8.3846949999999993e-03
   7.7056500000000040e-04
  -2.0599400000000001e-03
  -1.8386850000000001e-03
  -1.3786300000000000e-02
  -8.5602049999999996e-03
  -3.9673000000000009e-04
  -7.4157849999999994e-03
  -1.6426099999999999e-02
  -1.4289850000000000e-02
  -4.4555654999999996e-03
   2.2354150000000006e-03
   3.3111650000000000e-03
  -4.7073549999999999e-03
  -1.3229365000000000e-02
   2.1438600000000000e-03
   1.3900744999999999e-02
   1.5045184999999999e-02
   4.9438709999999999e-03
  -4.2114250000000004e-03
   6.6146850000000004e-03
   8.4762815000000002e-03
   6.1645299999999997e-03
  -3.1127899999999998e-03
  -1.0002125000000001e-02
  -2.9754499999999997e-04
   4.9591125000000005e-03
   7.5073180000000007e-03
  -2.8533949999999999e-03
  -1.1520400000000000e-02
  -9.4985799999999995e-03
   2.2888200000000004e-03
   8.7432889999999996e-03
   2.2201649999999996e-03
   9.6130499999999997e-04
   2.5939950000000000e-03
   4.0740749999999999e-03
   6.8359350000000004e-03
  -6.6909999999999990e-03
  -1.7837499999999999e-02
  -1.4686585000000000e-02
  -9.2316000000000013e-04
   9.5443699999999999e-03
   3.5552750000000001e-03
  -6.7596399999999999e-03
  -1.3809200000000001e-02
  -3.5247800000000004e-03
   5.0124950000000005e-03
  -3.8833450000000003e-03
  -1.3603235000000002e-02
  -1.5602100000000001e-02
  -7.0114150000000000e-03
   2.8228500000000017e-04
  -1.2359650000000003e-03
  -1.6067499999999998e-02
  -2.1972650000000000e-02
  -1.3504024999999999e-02
  -5.4931500000000074e-04
   3.1967000000000002e-03
  -4.2343199999999998e-03
  -1.2130739999999999e-02
  -2.0065300000000003e-03
   8.8119700000000006e-03
   9.3688750000000005e-03
  -1.9531249999999996e-03
  -1.1795040000000000e-02
  -5.7296750000000000e-03
   1.5335050000000001e-03
   8.1100450000000015e-03
  -3.4103300000000000e-03
  -1.4648429999999999e-02
  -3.9596559999999998e-03
   9.3842000000000014e-04
   4.9667500000000007e-03
  -7.5454475000000000e-03
  -2.0233149999999998e-02
  -2.1980250000000000e-02
  -6.2255679999999999e-03
   2.6550300000000001e-03
  -7.1792350000000000e-03
  -1.6014100000000000e-02
  -1.6761800000000000e-02
  -6.1798293999999997e-03
   7.0953499999999985e-04
  -6.9427700000000000e-03
  -1.7570499999999999e-02
  -1.8096899999999999e-02
  -5.6304900000000001e-03
  -3.5171750000000000e-03
  -6.5078819999999996e-03
  -1.3153049999999999e-02
  -1.5243500000000000e-02
  -8.8500749999999989e-03
  -2.3422249999999994e-03
  -6.2561099999999996e-03
  -1.3893130000000000e-02
  -1.6471899999999998e-02
  -4.9285850000000001e-03
   7.1258764999999995e-03
   7.8811650000000007e-03
   2.6092505000000002e-03
  -8.1329249999999992e-03
  -5.2642500000000007e-04
   7.9193149999999997e-03
   8.8729724999999995e-03
  -3.0593850000000000e-03
  -9.7351099999999999e-03
   1.8844649999999999e-03
   1.1177055000000000e-02
   2.0973200000000001e-02
   5.4168799999999998e-03
   3.7994399999999998e-03
   1.2695300000000000e-02
   1.7913800000000001e-02
   1.4114375000000000e-02
  -2.2430450000000004e-03
   9.1555000000000109e-05
  -2.7313220000000000e-03
   3.0212449999999997e-03
   9.3994100000000004e-03
   1.1443999999999951e-04
  -2.1820049999999999e-03
  -1.3694744999999999e-02
  -4.6844449999999998e-03
   7.0342949999999994e-03
   6.0501050000000001e-03
  -5.6304700000000003e-03
  -1.3175974999999999e-02
   1.0986349999999999e-03
   1.1810309999999999e-02
   5.3940050000000003e-03
  -4.3487999999999990e-04
  -1.1688255000000000e-02
  -2.5787350000000000e-03
   9.2926090000000003e-03
   6.5841599999999995e-03
  -1.7547599999999997e-03
  -7.8048600000000003e-03
   2.4566650000000002e-03
   1.3649000000000000e-02
   1.5899679999999999e-02
   8.7127749999999990e-03
   6.4087000000000020e-04
   1.0086045000000000e-02
   1.3938885000000000e-02
   1.6021754999999999e-02
  -1.7547600000000002e-03
  -9.9105799999999987e-03
  -9.3994200000000003e-03
   1.4038100000000001e-03
   6.4392249999999998e-03
  -8.5678200000000003e-03
  -1.7486550000000000e-02
  -8.0795199999999998e-03
   2.2811899999999998e-03
   4.6310399999999995e-03
  -1.8081650000000005e-03
  -1.4556900000000001e-02
  -1.5464800000000001e-02
  -3.5781900000000002e-03
   1.0772710000000000e-02
  -4.2190300000000003e-03
  -1.5525799999999999e-02
  -1.9714349999999999e-02
  -9.6587900000000004e-03
   7.1487334999999997e-03
   7.7056999999999994e-04
  -5.4855349999999997e-03
  -1.3381970000000000e-02
  -8.6212499999999961e-04
   6.2942499999999995e-03
   4.7302500000000018e-04
  -4.4860840000000004e-03
  -1.1283860000000000e-02
   5.5694500000000010e-04
   5.7220650000000001e-03
   1.1421215000000000e-02
   2.0446800000000001e-03
  -1.4053360000000001e-02
  -1.1215200000000000e-03
   6.4315850000000001e-03
   5.8898700000000002e-03
  -4.7455049999999997e-03
  -1.2466445000000000e-02
   1.8386799999999999e-03
   1.1711134999999999e-02
   2.0278900000000002e-02
   1.2123129999999999e-02
   9.0560900000000010e-03
   1.4656100000000002e-02
   1.8585200000000000e-02
   2.0256050000000001e-02
   9.8342700000000009e-03
   1.0452249999999999e-03
  -1.0147099999999998e-03
   8.5906969500000006e-03
   1.5975935000000000e-02
   6.7138759999999997e-03
  -2.8076200000000003e-03
  -2.3498550000000001e-03
   1.2817374999999999e-02
   1.7555250000000001e-02
   4.0817150000000005e-03
  -5.2566549999999998e-03
  -4.5852649999999998e-03
   7.1182250000000006e-03
   1.4724754999999999e-02
   6.2790049999999998e-03
   7.1716500000000029e-04
  -4.4708235000000002e-03
   5.1727180000000006e-03
   1.2153605000000000e-02
   3.7231399999999998e-03
  -7.9879700000000005e-03
  -1.2161249999999998e-02
  -4.2724700000000004e-03
  -1.3427850000000000e-03
  -3.2119599999999998e-03
  -9.0026900000000007e-03
  -1.9287100000000001e-02
  -4.0054345000000002e-03
   6.8359394999999998e-03
   6.3095304999999996e-03
  -6.7672699999999997e-03
  -1.2046790000000000e-02
  -3.6926300000000001e-03
   9.4757100000000000e-03
   1.2084940000000001e-02
   2.5024399999999999e-03
  -7.8659049999999994e-03
  -2.3269649999999998e-03
   5.2108549999999995e-03
   9.1399949999999997e-03
  -3.0365050000000001e-03
  -1.1245749999999999e-02
  -2.1667475999999999e-03
   7.1716150000000001e-03
   1.2252790000000001e-02
   5.8669964999999999e-03
  -4.5013499999999994e-04
  -8.6212000000000007e-04
   1.2878430000000000e-02
   2.4108850000000001e-02
   2.0042400000000002e-02
   8.0718850000000009e-03
   4.8675549999999991e-03
   7.0419429999999993e-03
   1.9165000000000001e-02
   9.6283200000000010e-03
   3.4332299999999998e-03
  -2.6626549999999999e-03
  -3.7918075000000001e-03
   9.5367600000000000e-03
   1.1749250000000003e-03
  -8.7585500000000004e-03
  -1.3587950000000001e-02
   3.7918079999999998e-03
   1.1863720000000001e-02
   1.2222285000000001e-02
   2.3574850000000003e-03
  -7.8582699999999990e-04
   1.1657710000000000e-02
   2.0584100000000001e-02
   1.8173200000000000e-02
   7.1106049999999999e-03
   3.8986199999999998e-03
   1.1192310000000000e-02
   2.0355200000000000e-02
   1.8981899999999999e-02
   5.5237020000000001e-03
  -2.1438585000000000e-03
   4.5166049999999999e-03
   1.6105649999999999e-02
   1.8402099999999998e-02
   9.3460050000000010e-03
   3.7612924999999996e-03
   1.0078409999999999e-02
   2.0240800000000000e-02
   2.7473450000000003e-02
   1.3504015000000001e-02
  -8.2397499999999990e-04
  -1.3504000000000001e-03
   5.8746110000000001e-03
   1.4564495000000000e-02
   1.1627220000000001e-02
   1.9378669999999998e-03
   3.4332500000000001e-04
   6.7520345000000002e-03
   1.9508350000000001e-02
   1.4999410000000001e-02
   8.4686000000000006e-04
  -4.5242310000000001e-03
   8.5983399999999995e-03
   1.5563974999999999e-02
   9.4222919999999988e-03
  -1.5411400000000003e-03
  -8.0261199999999994e-03
   2.5024400000000003e-03
   8.0719249999999989e-03
   5.2261449999999997e-03
  -3.5858399999999999e-03
  -1.2313854999999999e-02
   2.2887999999999988e-04
   4.3105950000000004e-03
   3.9138950000000006e-03
  -6.5460150000000005e-03
  -1.6891449999999999e-02
  -1.2260440000000001e-02
   6.7901500000000069e-04
   4.7302500000000001e-03
  -8.0261335000000010e-03
  -1.2016320000000000e-02
  -6.7444000000000002e-03
  -7.5912499999999999e-03
  -1.6479750000000003e-03
  -1.0734585000000001e-02
  -2.0614649999999998e-02
  -1.8669150000000002e-02
  -7.0800999999999998e-03
   5.6152449999999996e-03
  -9.1628980000000009e-03
  -1.5815730000000000e-02
  -1.0452254999999999e-02
   5.1880000000000025e-04
   5.4168899999999997e-03
  -4.6386750000000001e-03
  -1.5609750000000000e-02
  -1.8867450000000001e-02
  -8.2549849999999994e-03
  -1.5258500000000022e-04
  -6.2942700000000011e-03
  -1.4091475000000001e-02
  -1.4587400000000000e-02
  -9.0789999999999990e-04
   4.9667500000000007e-03
  -4.2953449999999999e-03
  -1.2870775000000001e-02
  -2.0912199999999999e-02
  -3.4332289999999999e-03
   2.4795699999999995e-03
   7.2479500000000030e-04
  -9.3231400000000006e-03
  -1.7150849999999999e-02
  -1.0696390000000000e-02
  -5.7678350000000007e-03
  -3.1585900000000002e-03
  -5.1193250000000001e-03
  -1.6372700000000000e-02
  -8.5143900000000002e-03
   6.4850000000000020e-04
   3.5858150000000004e-03
  -5.3787293999999998e-03
  -1.3336165000000001e-02
  -2.8915400000000002e-03
   7.3394800000000007e-03
   3.9367499999999993e-03
  -5.2108800000000002e-03
  -1.5029899999999999e-02
  -1.2138355000000000e-02
   7.7819500000000019e-04
   5.0353799999999999e-03
  -1.0536215000000000e-02
  -1.8013000000000001e-02
  -1.1184670000000001e-02
  -3.6621100000000001e-03
   4.3792900000000001e-03
  -2.8915199999999999e-03
  -7.4997100000000006e-03
  -5.1574715000000000e-03
   7.6599349999999997e-03
   1.6136174999999999e-02
   1.0566735000000001e-02
   3.5705599999999995e-03
   5.7830800000000003e-03
   1.8486000000000002e-02
   2.4276699999999998e-02
   1.6761760000000001e-02
   7.4234020000000000e-03
   2.1362500000000027e-04
   7.7133345000000002e-03
   1.2092575000000000e-02
   8.7737949999999992e-03
   9.2315999999999969e-04
  -5.6075965000000000e-03
   6.5231490000000007e-03
   1.6860960000000001e-02
   1.7173790000000001e-02
  -5.4931999999999984e-04
  -5.3939899999999995e-03
   6.9198706000000000e-03
   1.1672980000000001e-02
   1.6220070000000000e-02
   2.7770999999999994e-03
  -6.3018850000000001e-03
   1.9836450000000000e-03
   9.3918024999999992e-03
   1.2969970000000001e-02
  -1.0604949999999998e-03
  -6.2713665000000002e-03
  -2.4948150000000001e-03
   3.0212300000000002e-03
   8.3694449999999997e-03
   2.1743999999999999e-03
  -2.5939950000000000e-03
  -1.8768300000000003e-03
   1.1405954999999999e-02
   2.0286539999999999e-02
   1.2184160500000001e-02
  -5.6457999999999942e-04
  -3.1585450000000000e-03
   7.9040299999999994e-03
   1.8150315000000000e-02
   8.8958749999999993e-03
   2.4108849999999998e-03
   3.0593900000000004e-03
   1.5579249999999999e-02
   2.3216250000000001e-02
   1.5724180000000001e-02
   6.3858050000000005e-03
  -7.4462950000000003e-03
  -1.4419550000000000e-03
   2.4871849999999998e-03
  -6.0119550000000003e-03
  -1.1550930000000001e-02
   1.1451734999999999e-02
   1.9027750000000000e-02
   1.5830975000000001e-02
   4.0359474999999995e-03
   4.1656480499999999e-03
   1.6860980000000001e-02
   2.4841300000000000e-02
   1.4770519999999999e-02
  -1.9836500000000004e-04
  -6.4086899999999999e-03
   5.9356649999999997e-03
   1.3626095000000001e-02
   6.8511850000000001e-03
  -4.7302499999999996e-04
  -1.2252825000000000e-02
   1.2664799999999999e-03
   1.7196650000000001e-02
   1.2954730000000001e-02
  -5.8898900000000001e-03
  -1.5296950000000000e-02
  -2.4413999999999990e-04
   6.9885449999999997e-03
   8.5448999999999994e-03
  -9.3765250000000001e-03
  -2.1041850000000001e-02
  -5.1422129999999996e-03
   1.0017385000000000e-02
   1.0055555000000001e-02
  -2.7465800000000002e-03
  -9.6435500000000007e-03
  -4.9362199999999998e-03
   6.6604799999999999e-03
   9.7579850000000003e-03
  -9.4985850000000004e-03
  -1.9882200000000003e-02
  -1.1352544999999999e-02
   5.1727180000000006e-03
   1.3214114999999999e-02
   1.4190700000000001e-03
  -9.2773249999999995e-03
  -6.0806249999999992e-03
   4.9133318000000002e-03
   1.0200525000000000e-02
  -2.8152450000000001e-03
  -1.6952550000000000e-02
  -1.8226650000000000e-02
   5.6457500000000010e-04
   9.9334700000000015e-03
  -7.2631975000000005e-03
  -1.2725819999999999e-02
  -1.2023905000000001e-02
   2.4032599999999999e-03
   7.3318509999999995e-03
  -4.1656699999999998e-03
  -1.9248950000000001e-02
  -2.4261499999999998e-02
  -9.7045849999999999e-03
   9.2773374999999998e-03
   9.5214600000000007e-03
  -3.3416750000000001e-03
  -1.1405925000000001e-02
   1.6479499999999996e-03
   1.4488230000000001e-02
   7.1106154999999996e-03
  -5.5465699999999998e-03
  -1.5235900000000000e-02
  -3.7384034999999997e-03
   7.0037900000000002e-03
   1.3061520000000000e-02
  -7.6675349999999996e-03
  -1.6769400000000000e-02
  -8.8500750000000006e-03
   5.9662050000000005e-03
   7.8811650000000007e-03
  -7.0114095000000003e-03
  -1.6815199999999999e-02
  -7.3318599999999999e-03
   3.2958950000000001e-03
   3.1661750000000002e-03
  -1.2992864999999999e-02
  -1.7372149999999999e-02
  -9.7274849999999993e-03
   2.6931800000000003e-03
   1.0833730000000000e-02
  -2.8152699999999999e-03
  -1.5014649999999999e-02
  -1.6693100000000002e-02
  -3.0670149999999998e-03
   8.0414049999999997e-03
  -7.0419150000000002e-03
  -2.1385200000000000e-02
  -2.3185749999999998e-02
  -3.5629299999999997e-03
   1.1505150000000000e-02
   1.9302400000000002e-03
  -1.0253914999999999e-02
  -1.7860399999999998e-02
  -9.4604499999999996e-04
   1.1543280000000000e-02
   4.6463249999999998e-03
  -6.6909700000000001e-03
  -1.1093144999999999e-02
   1.7776500000000000e-03
   1.3633750000000000e-02
   1.3252250000000000e-02
   1.2969999999999995e-04
  -1.0887154999999999e-02
  -1.2512199999999999e-03
   9.2773560000000005e-03
   1.1367817000000001e-02
  -3.5476499999999998e-03
  -1.4816295000000000e-02
  -2.2048949999999997e-03
   8.8348200000000002e-03
   1.2992865000000001e-02
   5.7602105000000006e-03
  -5.1879900000000000e-03
  -7.1105759999999995e-03
   7.1868799999999997e-03
   1.3992310000000001e-02
  -3.9520300000000005e-03
  -8.4991199999999989e-03
  -2.0294199999999997e-03
   1.0528565000000000e-02
   1.5945455000000001e-02
   2.9144399999999999e-03
  -5.6915235000000002e-03
  -8.5448999999999994e-03
   7.9879900000000004e-03
   1.6197230000000000e-02
   3.3569500000000000e-04
  -1.7700199999999999e-02
  -1.8707300000000000e-02
  -1.8920900000000004e-03
   9.4222790000000004e-03
  -3.0520000000000026e-05
  -1.4518725000000000e-02
  -1.3984675000000002e-02
   1.4419600000000004e-03
   1.0704046500000002e-02
   1.9378850000000003e-03
  -1.3236995000000000e-02
  -2.1156299999999999e-02
  -8.9264050000000001e-03
   6.5460150000000005e-03
   2.3574799999999999e-03
  -1.7189050000000001e-02
  -2.1469099999999998e-02
  -9.3307749999999995e-03
   5.4931999999999984e-04
  -5.5695000000000007e-04
  -1.3328534999999999e-02
  -2.7282750000000001e-02
  -1.0948184999999999e-02
   2.3880149999999998e-03
   2.0675749999999999e-03
  -1.0681140000000000e-02
  -2.4879449999999997e-02
  -1.7257700000000001e-02
   9.1550000000000138e-05
   1.1764525000000000e-02
  -5.0582999999999999e-03
  -1.3504050000000000e-02
  -1.1306745000000000e-02
   2.9831099999999998e-03
   7.2631950000000001e-03
  -8.7585565000000004e-03
  -1.8302900000000000e-02
  -8.8195600000000006e-03
   2.0370499999999999e-03
   1.0948170000000000e-02
  -5.1422100000000004e-03
  -1.4183049999999999e-02
  -1.4823900000000001e-02
  -1.5411349999999999e-03
   2.6169050000000001e-03
  -9.6130299999999998e-03
  -1.3984685000000000e-02
  -2.0278899999999999e-02
  -2.3193385000000000e-03
   8.0032465000000001e-03
   9.5748750000000001e-03
   3.5400400000000004e-03
  -1.2435894999999999e-02
   7.9574450000000005e-03
   2.1743800000000001e-02
   1.4945970000000001e-02
   7.4157600000000004e-03
   1.8386819500000001e-03
   8.9493000000000003e-03
   1.7898549999999999e-02
   1.0620110000000000e-02
  -5.6457509999999992e-03
  -8.4533700000000000e-03
   6.6833499999999994e-03
   1.5281665000000000e-02
   1.4236459999999999e-02
  -1.1062600000000004e-03
  -8.4762799999999992e-03
   1.4724750000000000e-03
   1.3893119999999998e-02
   1.8821709999999998e-02
   5.0582865000000001e-03
  -2.7770994000000000e-03
   3.0212385000000000e-03
   1.6098000000000001e-02
   2.0233149999999998e-02
   1.0612485000000001e-02
   7.4004999999999991e-04
   1.1062599999999998e-03
   1.9866950000000001e-02
   2.5939900000000002e-02
   8.3312749999999991e-03
  -3.4790059999999998e-03
  -8.5525649999999998e-03
   3.7765505000000002e-03
   1.6365060000000001e-02
   4.7607399999999994e-03
  -7.1716499999999999e-03
  -1.3511674999999999e-02
   3.2501209999999999e-03
   1.3771080000000002e-02
   1.1436475000000000e-02
   8.3770950000000011e-03
   8.3923000000000027e-04
   1.2252820000000001e-02
   2.3612950000000001e-02
   1.3748165000000000e-02
  -1.4419550000000000e-03
  -1.2138340000000001e-02
   7.3242499999999987e-04
